energy_ev,total_up,N_s_up,N_p_up,Pt_p_up,Pt_d_up,Sc_p_up,Sc_d_up,Se_s_up,Se_p_up
-6.00000000,1.38445768,0.00852247,0.08790898,0.46739869,0.62029477,0.29852173,0.21692185,0.00673690,0.45201945
-5.99399700,1.48658289,0.00888725,0.09682607,0.51513975,0.66152614,0.32501176,0.23138109,0.00722974,0.48763238
-5.98799400,1.59341840,0.00930615,0.10623845,0.56568905,0.70453813,0.35279795,0.24627603,0.00774508,0.52506786
-5.98199100,1.70375635,0.00977155,0.11605612,0.61859991,0.74879287,0.38160286,0.26143651,0.00827769,0.56392887
-5.97598799,1.81622336,0.01027471,0.12617465,0.67334040,0.79368864,0.41110410,0.27667038,0.00882136,0.60375838
-5.96998499,1.92930270,0.01080589,0.13647629,0.72929837,0.83857105,0.44093846,0.29176713,0.00936896,0.64404565
-5.96398199,2.04136370,0.01135451,0.14683165,0.78578975,0.88274723,0.47070795,0.30650237,0.00991260,0.68423528
-5.95797899,2.15069810,0.01190941,0.15710189,0.84207051,0.92550284,0.49998766,0.32064330,0.01044380,0.72373859
-5.95197599,2.25556254,0.01245908,0.16714163,0.89735193,0.96612129,0.52833519,0.33395481,0.01095367,0.76194749
-5.94597299,2.35422596,0.01299202,0.17680216,0.95081907,1.00390483,0.55530156,0.34620623,0.01143316,0.79825023
-5.93996998,2.44502050,0.01349702,0.18593525,1.00165187,1.03819661,0.58044325,0.35717828,0.01187335,0.83204872
-5.93396698,2.52639402,0.01396356,0.19439718,1.04904837,1.06840299,0.60333492,0.36667016,0.01226564,0.86277662
-5.92796398,2.59696235,0.01438213,0.20205297,1.09224905,1.09401532,0.62358239,0.37450635,0.01260212,0.88991789
-5.92196098,2.65555914,0.01474458,0.20878063,1.13056158,1.11463008,0.64083536,0.38054296,0.01287574,0.91302458
-5.91595798,2.70128105,0.01504441,0.21447522,1.16338470,1.12996668,0.65479927,0.38467333,0.01308061,0.93173353
-5.90995498,2.73352637,0.01527706,0.21905257,1.19023033,1.13988207,0.66524595,0.38683250,0.01321222,0.94578092
-5.90395198,2.75202500,0.01544006,0.22245251,1.21074273,1.14438130,0.67202227,0.38700059,0.01326753,0.95501406
-5.89794897,2.75685829,0.01553322,0.22464133,1.22471377,1.14362352,0.67505661,0.38520467,0.01324519,0.95939972
-5.89194597,2.74846743,0.01555862,0.22561345,1.23209341,1.13792303,0.67436267,0.38151920,0.01314555,0.95902869
-5.88594297,2.72764955,0.01552059,0.22539213,1.23299472,1.12774492,0.67004040,0.37606481,0.01297066,0.95411583
-5.87993997,2.69554134,0.01542560,0.22402916,1.22769306,1.11369554,0.66227393,0.36900556,0.01272428,0.94499588
-5.87393697,2.65359020,0.01528199,0.22160349,1.21661916,1.09650766,0.65132649,0.36054475,0.01241172,0.93211466
-5.86793397,2.60351392,0.01509972,0.21821890,1.20034631,1.07702089,0.63753256,0.35091930,0.01203970,0.91601619
-5.86193097,2.54725001,0.01488997,0.21400070,1.17957204,1.05615784,0.62128752,0.34039304,0.01161617,0.89732590
-5.85592796,2.48689637,0.01466471,0.20909161,1.15509504,1.03489682,0.60303509,0.32924897,0.01115005,0.87673073
-5.84992496,2.42464561,0.01443624,0.20364707,1.12778816,1.01424182,0.58325332,0.31778101,0.01065099,0.85495675
-5.84392196,2.36271523,0.01421671,0.19783006,1.09856874,0.99519102,0.56243952,0.30628530,0.01012908,0.83274528
-5.83791896,2.30327644,0.01401759,0.19180570,1.06836749,0.97870464,0.54109485,0.29505149,0.00959455,0.81082829
-5.83191596,2.24838424,0.01384924,0.18573596,1.03809736,0.96567347,0.51970925,0.28435428,0.00905756,0.78990442
-5.82591296,2.19991147,0.01372047,0.17977452,1.00862365,0.95688908,0.49874729,0.27444556,0.00852789,0.77061615
-5.81990995,2.15948927,0.01363816,0.17406218,0.98073670,0.95301684,0.47863550,0.26554738,0.00801473,0.75352950
-5.81390695,2.12845633,0.01360696,0.16872293,0.95512832,0.95457264,0.45975177,0.25784593,0.00752652,0.73911675
-5.80790395,2.10781863,0.01362911,0.16386079,0.93237294,0.96190438,0.44241709,0.25148686,0.00707077,0.72774305
-5.80190095,2.09822140,0.01370434,0.15955766,0.91291405,0.97517865,0.42688989,0.24657191,0.00665398,0.71965731
-5.79589795,2.09993396,0.01382983,0.15587213,0.89705655,0.99437342,0.41336323,0.24315706,0.00628156,0.71498783
-5.78989495,2.11284812,0.01400038,0.15283927,0.88496497,1.01927683,0.40196463,0.24125219,0.00595782,0.71374257
-5.78389195,2.13648994,0.01420858,0.15047146,0.87666745,1.04949235,0.39275858,0.24082221,0.00568601,0.71581414
-5.77788894,2.17004412,0.01444510,0.14876003,0.87206514,1.08445004,0.38575126,0.24178956,0.00546836,0.72098907
-5.77188594,2.21239002,0.01469914,0.14767769,0.87094611,1.12342367,0.38089726,0.24403809,0.00530618,0.72896086
-5.76588294,2.26214761,0.01495878,0.14718153,0.87300304,1.16555306,0.37810776,0.24741792,0.00519994,0.73934617
-5.75987994,2.31773132,0.01521156,0.14721645,0.87785354,1.20987083,0.37725967,0.25175135,0.00514944,0.75170337
-5.75387694,2.37740966,0.01544492,0.14771873,0.88506204,1.25533268,0.37820519,0.25683933,0.00515389,0.76555241
-5.74787394,2.43936791,0.01564675,0.14861971,0.89416193,1.30085007,0.38078127,0.26246852,0.00521203,0.78039528
-5.74187094,2.50177151,0.01580584,0.14984915,0.90467695,1.34532405,0.38481848,0.26841837,0.00532226,0.79573591
-5.73586793,2.56282757,0.01591237,0.15133838,0.91614077,1.38767906,0.39014887,0.27446829,0.00548274,0.81109884
-5.72986493,2.62084198,0.01595822,0.15302285,0.92811373,1.42689539,0.39661240,0.28040437,0.00569142,0.82604562
-5.72386193,2.67427020,0.01593731,0.15484412,0.94019635,1.46203920,0.40406178,0.28602567,0.00594611,0.84018845
-5.71785893,2.72175974,0.01584580,0.15675122,0.95203879,1.49228886,0.41236553,0.29114966,0.00624453,0.85320059
-5.71185593,2.76218307,0.01568217,0.15870127,0.96334642,1.51695687,0.42140916,0.29561683,0.00658425,0.86482295
-5.70585293,2.79466001,0.01544727,0.16065950,0.97388124,1.53550645,0.43109474,0.29929419,0.00696271,0.87486713
-5.69984992,2.81856920,0.01514419,0.16259862,0.98345967,1.54756243,0.44133876,0.30207764,0.00737716,0.88321470
-5.69384692,2.83354882,0.01477809,0.16449776,0.99194710,1.55291614,0.45206889,0.30389324,0.00782462,0.88981308
-5.68784392,2.83948711,0.01435597,0.16634091,0.99924984,1.55152430,0.46321962,0.30469726,0.00830180,0.89466851
-5.68184092,2.83650379,0.01388630,0.16811526,1.00530539,1.54350226,0.47472741,0.30447511,0.00880507,0.89783663
-5.67583792,2.82492382,0.01337869,0.16980933,1.01007179,1.52911199,0.48652571,0.30323939,0.00933037,0.89941134
-5.66983492,2.80524509,0.01284348,0.17141120,1.01351700,1.50874562,0.49854013,0.30102697,0.00987318,0.89951274
-5.66383192,2.77810221,0.01229132,0.17290693,1.01560907,1.48290534,0.51068418,0.29789547,0.01042853,0.89827481
-5.65782891,2.74422799,0.01173280,0.17427927,1.01630786,1.45218080,0.52285601,0.29391919,0.01099094,0.89583357
-5.65182591,2.70441489,0.01117803,0.17550677,1.01555884,1.41722485,0.53493617,0.28918484,0.01155449,0.89231644
-5.64582291,2.65947805,0.01063637,0.17656332,1.01328951,1.37872890,0.54678673,0.28378712,0.01211287,0.88783313
-5.63981991,2.61022159,0.01011610,0.17741819,1.00940835,1.33739886,0.55825175,0.27782442,0.01265941,0.88246874
-5.63381691,2.55740938,0.00962419,0.17803653,1.00380660,1.29393254,0.56915907,0.27139491,0.01318724,0.87627902
-5.62781391,2.50174141,0.00916620,0.17838029,0.99636239,1.24899948,0.57932346,0.26459296,0.01368934,0.86928817
-5.62181091,2.44383623,0.00874612,0.17840952,0.98694711,1.20322374,0.58855069,0.25750617,0.01415877,0.86148888
-5.61580790,2.38421983,0.00836640,0.17808392,0.97543315,1.15717024,0.59664267,0.25021312,0.01458873,0.85284469
-5.60980490,2.32332081,0.00802795,0.17736458,0.96170285,1.11133482,0.60340302,0.24278168,0.01497275,0.84329413
-5.60380190,2.26147158,0.00773027,0.17621579,0.94565755,1.06613835,0.60864306,0.23526813,0.01530487,0.83275645
-5.59779890,2.19891478,0.00747155,0.17460674,0.92722642,1.02192456,0.61218784,0.22771698,0.01557972,0.82113844
-5.59179590,2.13581433,0.00724889,0.17251319,0.90637437,0.97896159,0.61388190,0.22016128,0.01579273,0.80834196
-5.58579290,2.07226995,0.00705846,0.16991877,0.88310841,0.93744674,0.61359462,0.21262367,0.01594020,0.79427158
-5.57978989,2.00833421,0.00689582,0.16681613,0.85748229,0.89751403,0.61122480,0.20511768,0.01601943,0.77884211
-5.57378689,1.94403108,0.00675606,0.16320761,0.82959896,0.85924392,0.60670456,0.19764957,0.01602879,0.76198559
-5.56778389,1.87937491,0.00663410,0.15910561,0.79961096,0.82267465,0.60000215,0.19022021,0.01596776,0.74365741
-5.56178089,1.81438889,0.00652493,0.15453263,0.76771853,0.78781444,0.59112384,0.18282718,0.01583699,0.72384130
-5.55577789,1.74912215,0.00642381,0.14952086,0.73416584,0.75465399,0.58011478,0.17546685,0.01563830,0.70255323
-5.54977489,1.68366482,0.00632648,0.14411154,0.69923553,0.72317858,0.56705882,0.16813635,0.01537466,0.67984391
-5.54377189,1.61816029,0.00622934,0.13835405,0.66324189,0.69337922,0.55207738,0.16083533,0.01505013,0.65580000
-5.53776888,1.55281446,0.00612956,0.13230473,0.62652320,0.66526236,0.53532748,0.15356751,0.01466984,0.63054406
-5.53176588,1.48790147,0.00602527,0.12602561,0.58943355,0.63885761,0.51699884,0.14634185,0.01423986,0.60423332
-5.52576288,1.42376584,0.00591553,0.11958308,0.55233465,0.61422333,0.49731044,0.13917348,0.01376712,0.57705739
-5.51975988,1.36082100,0.00580046,0.11304644,0.51558801,0.59144965,0.47650641,0.13208412,0.01325929,0.54923507
-5.51375688,1.29954432,0.00568118,0.10648658,0.47954781,0.57065904,0.45485140,0.12510232,0.01272462,0.52101034
-5.50775388,1.24046879,0.00555982,0.09997467,0.44455467,0.55200423,0.43262574,0.11826316,0.01217184,0.49264790
-5.50175088,1.18417192,0.00543941,0.09358099,0.41093067,0.53566370,0.41012017,0.11160776,0.01160991,0.46442822
-5.49574787,1.13126199,0.00532380,0.08737386,0.37897550,0.52183504,0.38763065,0.10518248,0.01104795,0.43664236
-5.48974487,1.08236250,0.00521754,0.08141876,0.34896396,0.51072631,0.36545302,0.09903788,0.01049498,0.40958676
-5.48374187,1.03809522,0.00512571,0.07577758,0.32114461,0.50254605,0.34387787,0.09322744,0.00995978,0.38355808
-5.47773887,0.99906253,0.00505374,0.07050808,0.29573961,0.49749227,0.32318560,0.08780629,0.00945071,0.35884827
-5.47173587,0.96582982,0.00500723,0.06566345,0.27294546,0.49574100,0.30364187,0.08282975,0.00897553,0.33573996
-5.46573287,0.93890843,0.00499176,0.06129203,0.25293452,0.49743495,0.28549338,0.07835191,0.00854122,0.31450224
-5.45972986,0.91873993,0.00501264,0.05743718,0.23585712,0.50267285,0.26896433,0.07442425,0.00815388,0.29538698
-5.45372686,0.90568233,0.00507473,0.05413726,0.22184392,0.51150000,0.25425327,0.07109431,0.00781853,0.27862566
-5.44772386,0.89999849,0.00518225,0.05142565,0.21100845,0.52390047,0.24153074,0.06840451,0.00753907,0.26442674
-5.44172086,0.90184746,0.00533857,0.04933091,0.20344943,0.53979142,0.23093750,0.06639108,0.00731814,0.25297359
-5.43571786,0.91127881,0.00554604,0.04787688,0.19925290,0.55901983,0.22258334,0.06508317,0.00715709,0.24442291
-5.42971486,0.92823009,0.00580582,0.04708283,0.19849368,0.58136183,0.21654661,0.06450217,0.00705595,0.23890362
-5.42371186,0.95252762,0.00611783,0.04696361,0.20123635,0.60652478,0.21287432,0.06466107,0.00701345,0.23651612
-5.41770885,0.98389029,0.00648056,0.04752975,0.20753530,0.63415195,0.21158267,0.06556419,0.00702702,0.23733184
-5.41170585,1.02193623,0.00689110,0.04878742,0.21743407,0.66382981,0.21265815,0.06720691,0.00709293,0.24139305
-5.40570285,1.06619201,0.00734511,0.05073840,0.23096375,0.69509753,0.21605894,0.06957563,0.00720631,0.24871271
-5.39969985,1.11610385,0.00783684,0.05337989,0.24814054,0.72745835,0.22171661,0.07264787,0.00736136,0.25927446
-5.39369685,1.17105039,0.00835922,0.05670430,0.26896252,0.76039234,0.22953805,0.07639251,0.00755144,0.27303258
-5.38769385,1.23035649,0.00890400,0.06069882,0.29340576,0.79337010,0.23940755,0.08077009,0.00776931,0.28991188
-5.38169085,1.29330749,0.00946189,0.06534506,0.32141989,0.82586677,0.25118896,0.08573332,0.00800727,0.30980765
-5.37568784,1.35916328,0.01002280,0.07061854,0.35292339,0.85737568,0.26472795,0.09122761,0.00825743,0.33258547
-5.36968484,1.42717201,0.01057605,0.07648818,0.38779875,0.88742138,0.27985428,0.09719177,0.00851183,0.35808114
-5.36368184,1.49658258,0.01111068,0.08291580,0.42588795,0.91557112,0.29638411,0.10355874,0.00876276,0.38610071
-5.35767884,1.56665598,0.01161571,0.08985572,0.46698826,0.94144477,0.31412234,0.11025645,0.00900284,0.41642066
-5.35167584,1.63667500,0.01208045,0.09725439,0.51084894,0.96472242,0.33286500,0.11720877,0.00922531,0.44878842
-5.34567284,1.70595219,0.01249479,0.10505024,0.55716891,0.98514980,0.35240166,0.12433649,0.00942413,0.48292329
-5.33966983,1.77383617,0.01284951,0.11317371,0.60559577,1.00254102,0.37251794,0.13155846,0.00959413,0.51851786
-5.33366683,1.83971613,0.01313651,0.12154747,0.65572621,1.01677893,0.39299808,0.13879266,0.00973112,0.55524001
-5.32766383,1.90302485,0.01334910,0.13008695,0.70710819,1.02781301,0.41362748,0.14595739,0.00983198,0.59273563
-5.32166083,1.96324029,0.01348210,0.13870112,0.75924478,1.03565506,0.43419534,0.15297247,0.00989466,0.63063194
-5.31565783,2.01988612,0.01353207,0.14729359,0.81159973,1.04037304,0.45449727,0.15976035,0.00991819,0.66854157
-5.30965483,2.07253128,0.01349735,0.15576392,0.86360479,1.04208341,0.47433776,0.16624729,0.00990265,0.70606729
-5.30365183,2.12078914,0.01337808,0.16400923,0.91466844,1.04094235,0.49353256,0.17236434,0.00984911,0.74280729
-5.29764882,2.16431615,0.01317622,0.17192601,0.96418606,1.03713637,0.51191082,0.17804832,0.00975948,0.77836096
-5.29164582,2.20281056,0.01289538,0.17941207,1.01155100,1.03087282,0.52931693,0.18324263,0.00963644,0.81233498
-5.28564282,2.23601123,0.01254076,0.18636858,1.05616645,1.02237062,0.54561204,0.18789788,0.00948326,0.84434961
-5.27963982,2.26369665,0.01211891,0.19270217,1.09745754,1.01185164,0.56067507,0.19197241,0.00930364,0.87404493
-5.27363682,2.28568438,0.01163754,0.19832693,1.13488340,0.99953312,0.57440332,0.19543259,0.00910157,0.90108693
-5.26763382,2.30183086,0.01110523,0.20316634,1.16794871,0.98562126,0.58671255,0.19825293,0.00888114,0.92517313
-5.26163082,2.31203153,0.01053119,0.20715492,1.19621442,0.97030627,0.59753662,0.20041605,0.00864641,0.94603774
-5.25562781,2.31622128,0.00992499,0.21023976,1.21930722,0.95375885,0.60682656,0.20191243,0.00840125,0.96345600
-5.24962481,2.31437502,0.00929626,0.21238158,1.23692745,0.93612816,0.61454934,0.20274007,0.00814923,0.97724771
-5.24362181,2.30650827,0.00865445,0.21355555,1.24885529,0.91754115,0.62068623,0.20290398,0.00789352,0.98727980
-5.23761881,2.29267768,0.00800861,0.21375166,1.25495495,0.89810316,0.62523093,0.20241556,0.00763682,0.99346786
-5.23161581,2.27298112,0.00736717,0.21297476,1.25517674,0.87789952,0.62818756,0.20129200,0.00738134,0.99577658
-5.22561281,2.24755744,0.00673777,0.21124412,1.24955707,0.85699799,0.62956862,0.19955548,0.00712875,0.99421912
-5.21960980,2.21658563,0.00612713,0.20859274,1.23821633,0.83545178,0.62939304,0.19723254,0.00688019,0.98885555
-5.21360680,2.18028338,0.00554099,0.20506623,1.22135481,0.81330280,0.62768435,0.19435331,0.00663634,0.97979023
-5.20760380,2.13890489,0.00498405,0.20072144,1.19924677,0.79058514,0.62446928,0.19095084,0.00639743,0.96716838
-5.20160080,2.09273809,0.00445993,0.19562483,1.17223296,0.76732833,0.61977651,0.18706051,0.00616334,0.95117199
-5.19559780,2.04210127,0.00397123,0.18985073,1.14071177,0.74356043,0.61363599,0.18271940,0.00593366,0.93201509
-5.18959480,1.98733910,0.00351957,0.18347942,1.10512946,0.71931064,0.60607862,0.17796584,0.00570777,0.90993863
-5.18359180,1.92881844,0.00310568,0.17659519,1.06596953,0.69461158,0.59713632,0.17283898,0.00548494,0.88520520
-5.17758879,1.86692381,0.00272947,0.16928447,1.02374193,0.66950100,0.58684257,0.16737838,0.00526437,0.85809359
-5.17158579,1.80205295,0.00239017,0.16163398,0.97897209,0.64402303,0.57523329,0.16162378,0.00504532,0.82889348
-5.16558279,1.73461240,0.00208643,0.15372905,0.93219034,0.61822910,0.56234793,0.15561483,0.00482714,0.79790039
-5.15957979,1.66501355,0.00181643,0.14565213,0.88392186,0.59217836,0.54823085,0.14939091,0.00460930,0.76541097
-5.15357679,1.59366900,0.00157801,0.13748146,0.83467749,0.56593790,0.53293274,0.14299102,0.00439146,0.73171882
-5.14757379,1.52098955,0.00136880,0.12929006,0.78494560,0.53958277,0.51651202,0.13645362,0.00417349,0.69711074
-5.14157079,1.44738177,0.00118625,0.12114485,0.73518517,0.51319580,0.49903619,0.12981662,0.00395546,0.66186372
-5.13556778,1.37324616,0.00102779,0.11310616,0.68582014,0.48686744,0.48058287,0.12311727,0.00373765,0.62624238
-5.12956478,1.29897596,0.00089088,0.10522734,0.63723522,0.46069548,0.46124059,0.11639208,0.00352052,0.59049717
-5.12356178,1.22495632,0.00077305,0.09755470,0.58977300,0.43478487,0.44110920,0.10967683,0.00330471,0.55486299
-5.11755878,1.15156405,0.00067199,0.09012756,0.54373243,0.40924748,0.42029978,0.10300645,0.00309100,0.51955834
-5.11155578,1.07916744,0.00058553,0.08297853,0.49936851,0.38420193,0.39893410,0.09641496,0.00288028,0.48478493
-5.10555278,1.00812627,0.00051172,0.07613391,0.45689311,0.35977330,0.37714362,0.08993537,0.00267349,0.45072758
-5.09954977,0.93879181,0.00044882,0.06961417,0.41647673,0.33609292,0.35506798,0.08359959,0.00247163,0.41755444
-5.09354677,0.87150661,0.00039531,0.06343451,0.37825109,0.31329792,0.33285305,0.07743827,0.00227570,0.38541727
-5.08754377,0.80660401,0.00034985,0.05760551,0.34231225,0.29153071,0.31064863,0.07148070,0.00208664,0.35445197
-5.08154077,0.74440734,0.00031133,0.05213375,0.30872427,0.27093822,0.28860592,0.06575461,0.00190537,0.32477903
-5.07553777,0.68522868,0.00027884,0.04702243,0.27752311,0.25167091,0.26687471,0.06028605,0.00173270,0.29650410
-5.06953477,0.62936722,0.00025161,0.04227201,0.24872066,0.23388145,0.24560058,0.05509918,0.00156935,0.26971848
-5.06353177,0.57710731,0.00022905,0.03788081,0.22230877,0.21772313,0.22492215,0.05021617,0.00141595,0.24449964
-5.05752876,0.52871602,0.00021069,0.03384554,0.19826320,0.20334786,0.20496849,0.04565700,0.00127298,0.22091165
-5.05152576,0.48444056,0.00019618,0.03016188,0.17654742,0.19090387,0.18585679,0.04143932,0.00114082,0.19900577
-5.04552276,0.44450542,0.00018528,0.02682496,0.15711609,0.18053302,0.16769041,0.03757843,0.00101971,0.17882089
-5.03951976,0.40910946,0.00017780,0.02382983,0.13991832,0.17236774,0.15055742,0.03408708,0.00090980,0.16038421
-5.03351676,0.37842295,0.00017363,0.02117189,0.12490059,0.16652771,0.13452955,0.03097551,0.00081111,0.14371186
-5.02751376,0.35258463,0.00017267,0.01884735,0.11200938,0.16311625,0.11966170,0.02825139,0.00072358,0.12880966
-5.02151076,0.33169897,0.00017488,0.01685354,0.10119336,0.16221650,0.10599199,0.02591984,0.00064703,0.11567405
-5.01550775,0.31583359,0.00018020,0.01518935,0.09240532,0.16388757,0.09354228,0.02398345,0.00058123,0.10429299
-5.00950475,0.30501700,0.00018858,0.01385543,0.08560365,0.16816069,0.08231909,0.02244232,0.00052587,0.09464703
-5.00350175,0.29923662,0.00019995,0.01285451,0.08075351,0.17503551,0.07231494,0.02129416,0.00048059,0.08671036
-4.99749875,0.29843727,0.00021422,0.01219153,0.07782746,0.18447677,0.06350997,0.02053435,0.00044496,0.08045190
-4.99149575,0.30252011,0.00023124,0.01187372,0.07680580,0.19641160,0.05587373,0.02015600,0.00041854,0.07583629
-4.98549275,0.31134210,0.00025084,0.01191056,0.07767630,0.21072736,0.04936711,0.02015001,0.00040084,0.07282479
-4.97948974,0.32471618,0.00027282,0.01231362,0.08043349,0.22727063,0.04394421,0.02050518,0.00039136,0.07137603
-4.97348674,0.34241202,0.00029688,0.01309621,0.08507744,0.24584718,0.03955422,0.02120820,0.00038958,0.07144654
-4.96748374,0.36415761,0.00032272,0.01427290,0.09161192,0.26622329,0.03614304,0.02224372,0.00039498,0.07299096
-4.96148074,0.38964168,0.00034996,0.01585886,0.10004206,0.28812845,0.03365479,0.02359437,0.00040701,0.07596203
-4.95547774,0.41851681,0.00037819,0.01786896,0.11037145,0.31125956,0.03203293,0.02524073,0.00042515,0.08031022
-4.94947474,0.45040355,0.00040696,0.02031684,0.12259873,0.33528656,0.03122119,0.02716141,0.00044886,0.08598308
-4.94347174,0.48489519,0.00043580,0.02321366,0.13671377,0.35985951,0.03116416,0.02933296,0.00047764,0.09292424
-4.93746873,0.52156324,0.00046420,0.02656684,0.15269350,0.38461677,0.03180756,0.03172995,0.00051097,0.10107217
-4.93146573,0.55996356,0.00049166,0.03037870,0.17049753,0.40919430,0.03309828,0.03432499,0.00054838,0.11035881
-4.92546273,0.59964276,0.00051768,0.03464510,0.19006377,0.43323544,0.03498417,0.03708871,0.00058941,0.12070794
-4.91945973,0.64014492,0.00054179,0.03935401,0.21130419,0.45640099,0.03741364,0.03998992,0.00063364,0.13203361
-4.91345673,0.68101821,0.00056354,0.04448439,0.23410092,0.47837910,0.04033511,0.04299569,0.00068068,0.14423867
-4.90745373,0.72182124,0.00058255,0.05000505,0.25830309,0.49889438,0.04369646,0.04607148,0.00073017,0.15721336
-4.90145073,0.76212893,0.00059846,0.05587395,0.28372433,0.51771587,0.04744440,0.04918142,0.00078181,0.17083436
-4.89544772,0.80153768,0.00061101,0.06203772,0.31014151,0.53466343,0.05152393,0.05228853,0.00083532,0.18496414
-4.88944472,0.83966956,0.00062002,0.06843165,0.33729469,0.54961208,0.05587791,0.05535509,0.00089048,0.19945093
-4.88344172,0.87617560,0.00062538,0.07498007,0.36488846,0.56249405,0.06044676,0.05834299,0.00094708,0.21412922
-4.87743872,0.91073786,0.00062706,0.08159731,0.39259492,0.57329840,0.06516838,0.06121420,0.00100496,0.22882096
-4.87143572,0.94307043,0.00062513,0.08818905,0.42005817,0.58206807,0.06997828,0.06393130,0.00106397,0.24333752
-4.86543272,0.97291946,0.00061972,0.09465417,0.44690035,0.58889458,0.07480990,0.06645798,0.00112399,0.25748226
-4.85942971,1.00006215,0.00061106,0.10088707,0.47272917,0.59391044,0.07959521,0.06875962,0.00118486,0.27105381
-4.85342671,1.02430507,0.00059941,0.10678034,0.49714660,0.59727981,0.08426549,0.07080395,0.00124643,0.28384993
-4.84742371,1.04548200,0.00058511,0.11222763,0.51975854,0.59918782,0.08875229,0.07256156,0.00130849,0.29567181
-4.84142071,1.06345143,0.00056853,0.11712678,0.54018512,0.59982910,0.09298853,0.07400657,0.00137081,0.30632870
-4.83541771,1.07809409,0.00055005,0.12138290,0.55807110,0.59939615,0.09690972,0.07511710,0.00143305,0.31564267
-4.82941471,1.08931077,0.00053009,0.12491139,0.57309618,0.59806824,0.10045524,0.07587582,0.00149484,0.32345327
-4.82341171,1.09702052,0.00050903,0.12764068,0.58498453,0.59600142,0.10356956,0.07627031,0.00155568,0.32962200
-4.81740870,1.10115961,0.00048726,0.12951465,0.59351327,0.59332021,0.10620343,0.07629341,0.00161501,0.33403626
-4.81140570,1.10168114,0.00046513,0.13049449,0.59851946,0.59011141,0.10831500,0.07594340,0.00167217,0.33661267
-4.80540270,1.09855559,0.00044296,0.13056004,0.59990523,0.58642041,0.10987072,0.07522410,0.00172640,0.33729960
-4.79939970,1.09177204,0.00042102,0.12971047,0.59764092,0.58225015,0.11084609,0.07414478,0.00177689,0.33607874
-4.79339670,1.08134022,0.00039955,0.12796426,0.59176597,0.57756279,0.11122617,0.07272002,0.00182278,0.33296572
-4.78739370,1.06729308,0.00037871,0.12535854,0.58238760,0.57228393,0.11100586,0.07096933,0.00186316,0.32800966
-4.78139070,1.04968971,0.00035862,0.12194776,0.56967727,0.56630908,0.11018992,0.06891679,0.00189714,0.32129168
-4.77538769,1.02861834,0.00033938,0.11780179,0.55386517,0.55951208,0.10879279,0.06659041,0.00192386,0.31292252
-4.76938469,1.00419928,0.00032103,0.11300353,0.53523292,0.55175479,0.10683811,0.06402157,0.00194253,0.30303924
-4.76338169,0.97658733,0.00030355,0.10764617,0.51410490,0.54289757,0.10435807,0.06124427,0.00195245,0.29180125
-4.75737869,0.94597348,0.00028694,0.10183015,0.49083854,0.53280988,0.10139259,0.05829440,0.00195309,0.27938580
-4.75137569,0.91258582,0.00027115,0.09566008,0.46581397,0.52138046,0.09798828,0.05520896,0.00194404,0.26598314
-4.74537269,0.87668911,0.00025613,0.08924167,0.43942349,0.50852639,0.09419736,0.05202529,0.00192511,0.25179148
-4.73936968,0.83858335,0.00024182,0.08267876,0.41206139,0.49420062,0.09007645,0.04878034,0.00189631,0.23701203
-4.73336668,0.79860088,0.00022815,0.07607064,0.38411421,0.47839766,0.08568531,0.04551002,0.00185786,0.22184426
-4.72736368,0.75710228,0.00021509,0.06950980,0.35595204,0.46115696,0.08108562,0.04224853,0.00181022,0.20648149
-4.72136068,0.71447114,0.00020260,0.06307996,0.32792103,0.44256410,0.07633971,0.03902788,0.00175404,0.19110705
-4.71535768,0.67110772,0.00019066,0.05685469,0.30033721,0.42274955,0.07150939,0.03587745,0.00169019,0.17589097
-4.70935468,0.62742190,0.00017926,0.05089646,0.27348187,0.40188545,0.06665488,0.03282364,0.00161970,0.16098743
-4.70335168,0.58382562,0.00016843,0.04525617,0.24759843,0.38018028,0.06183379,0.02988967,0.00154376,0.14653282
-4.69734867,0.54072510,0.00015819,0.03997314,0.22289084,0.35787221,0.05710027,0.02709549,0.00146366,0.13264459
-4.69134567,0.49851321,0.00014862,0.03507549,0.19952341,0.33522114,0.05250426,0.02445769,0.00138079,0.11942076
-4.68534267,0.45756226,0.00013976,0.03058096,0.17762186,0.31250018,0.04809092,0.02198964,0.00129655,0.10694006
-4.67933967,0.41821758,0.00013170,0.02649785,0.15727560,0.28998688,0.04390020,0.01970164,0.00121236,0.09526268
-4.67333667,0.38079211,0.00012453,0.02282636,0.13854082,0.26795468,0.03996658,0.01760116,0.00112958,0.08443148
-4.66733367,0.34556224,0.00011834,0.01955994,0.12144442,0.24666507,0.03631895,0.01569312,0.00104950,0.07447370
-4.66133067,0.31276505,0.00011323,0.01668681,0.10598840,0.22636069,0.03298068,0.01398032,0.00097331,0.06540291
-4.65532766,0.28259709,0.00010930,0.01419143,0.09215463,0.20725969,0.02996980,0.01246374,0.00090207,0.05722129
-4.64932466,0.25521470,0.00010665,0.01205604,0.07990979,0.18955156,0.02729931,0.01114311,0.00083668,0.04992203
-4.64332166,0.23073587,0.00010536,0.01026203,0.06921030,0.17339450,0.02497774,0.01001726,0.00077787,0.04349183
-4.63731866,0.20924349,0.00010555,0.00879126,0.06000716,0.15891438,0.02300963,0.00908467,0.00072623,0.03791345
-4.63131566,0.19078990,0.00010730,0.00762722,0.05225053,0.14620513,0.02139631,0.00834393,0.00068215,0.03316818
-4.62531266,0.17540257,0.00011071,0.00675614,0.04589395,0.13533066,0.02013658,0.00779421,0.00064588,0.02923818
-4.61930965,0.16309052,0.00011587,0.00616778,0.04089817,0.12632789,0.01922766,0.00743575,0.00061752,0.02610870
-4.61330665,0.15385138,0.00012288,0.00585619,0.03723445,0.11921079,0.01866594,0.00727024,0.00059704,0.02377009
-4.60730365,0.14767872,0.00013186,0.00582028,0.03488730,0.11397520,0.01844802,0.00730128,0.00058429,0.02221948
-4.60130065,0.14456920,0.00014293,0.00606415,0.03385666,0.11060412,0.01857149,0.00753462,0.00057906,0.02146225
-4.59529765,0.14452957,0.00015622,0.00659728,0.03415927,0.10907319,0.01903586,0.00797852,0.00058107,0.02151308
-4.58929465,0.14758270,0.00017189,0.00743463,0.03582949,0.10935610,0.01984337,0.00864385,0.00058999,0.02239662
-4.58329165,0.15377288,0.00019011,0.00859635,0.03891921,0.11142976,0.02099970,0.00954419,0.00060550,0.02414777
-4.57728864,0.16316960,0.00021106,0.01010751,0.04349706,0.11527875,0.02251455,0.01069575,0.00062730,0.02681143
-4.57128564,0.17586993,0.00023495,0.01199750,0.04964675,0.12089916,0.02440215,0.01211722,0.00065511,0.03044188
-4.56528264,0.19199909,0.00026200,0.01429928,0.05746464,0.12830135,0.02668154,0.01382941,0.00068870,0.03510153
-4.55927964,0.21170910,0.00029245,0.01704844,0.06705638,0.13751167,0.02937663,0.01585474,0.00072793,0.04085927
-4.55327664,0.23517544,0.00032654,0.02028201,0.07853295,0.14857293,0.03251613,0.01821660,0.00077269,0.04778830
-4.54727364,0.26259172,0.00036448,0.02403717,0.09200587,0.16154362,0.03613320,0.02093855,0.00082296,0.05596353
-4.54127064,0.29416238,0.00040651,0.02834976,0.10758190,0.17649588,0.04026487,0.02404337,0.00087880,0.06545856
-4.53526763,0.33009364,0.00045282,0.03325265,0.12535728,0.19351220,0.04495129,0.02755193,0.00094030,0.07634234
-4.52926463,0.37058297,0.00050357,0.03877409,0.14541171,0.21268105,0.05023468,0.03148210,0.00100760,0.08867568
-4.52326163,0.41580741,0.00055885,0.04493594,0.16780237,0.23409153,0.05615818,0.03584746,0.00108083,0.10250763
-4.51725863,0.46591115,0.00061871,0.05175203,0.19255804,0.25782728,0.06276448,0.04065610,0.00116015,0.11787183
-4.51125563,0.52099296,0.00068311,0.05922656,0.21967381,0.28395988,0.07009437,0.04590942,0.00124563,0.13478321
-4.50525263,0.58109397,0.00075193,0.06735267,0.24910645,0.31254202,0.07818520,0.05160106,0.00133732,0.15323486
-4.49924962,0.64618631,0.00082496,0.07611127,0.28077082,0.34360078,0.08706927,0.05771594,0.00143514,0.17319555
-4.49324662,0.71616334,0.00090187,0.08547020,0.31453750,0.37713131,0.09677229,0.06422960,0.00153888,0.19460776
-4.48724362,0.79083172,0.00098225,0.09538370,0.35023174,0.41309111,0.10731185,0.07110774,0.00164818,0.21738650
-4.48124062,0.86990600,0.00106557,0.10579237,0.38763403,0.45139537,0.11869603,0.07830605,0.00176252,0.24141895
-4.47523762,0.95300589,0.00115121,0.11662347,0.42648216,0.49191344,0.13092206,0.08577049,0.00188117,0.26656494
-4.46923462,1.03965646,0.00123847,0.12779182,0.46647479,0.53446660,0.14397524,0.09343780,0.00200322,0.29265831
-4.46323162,1.12929134,0.00132659,0.13920095,0.50727651,0.57882733,0.15782789,0.10123645,0.00212758,0.31950909
-4.45722861,1.22125877,0.00141472,0.15074482,0.54852404,0.62472008,0.17243856,0.10908783,0.00225296,0.34690640
-4.45122561,1.31483022,0.00150201,0.16230977,0.58983335,0.67182341,0.18775145,0.11690781,0.00237792,0.37462189
-4.44522261,1.40921140,0.00158758,0.17377681,0.63080747,0.71977357,0.20369584,0.12460852,0.00250088,0.40241379
-4.43921961,1.50355497,0.00167055,0.18502404,0.67104453,0.76816919,0.22018590,0.13210023,0.00262018,0.43003100
-4.43321661,1.59697451,0.00175008,0.19592919,0.71014568,0.81657707,0.23712054,0.13929343,0.00273410,0.45721748
-4.42721361,1.68855929,0.00182535,0.20637208,0.74772258,0.86453869,0.25438349,0.14610082,0.00284091,0.48371637
-4.42121061,1.77738920,0.00189562,0.21623709,0.78340411,0.91157734,0.27184364,0.15243929,0.00293890,0.50927401
-4.41520760,1.86254941,0.00196022,0.22541528,0.81684212,0.95720563,0.28935554,0.15823173,0.00302646,0.53364348
-4.40920460,1.94314446,0.00201855,0.23380634,0.84771600,1.00093318,0.30676031,0.16340863,0.00310213,0.55658779
-4.40320160,2.01831138,0.00207011,0.24132023,0.87573602,1.04227437,0.32388679,0.16790942,0.00316458,0.57788247
-4.39719860,2.08723188,0.00211447,0.24787836,0.90064546,1.08075608,0.34055314,0.17168353,0.00321272,0.59731787
-4.39119560,2.14914342,0.00215130,0.25341458,0.92222177,1.11592528,0.35656887,0.17469106,0.00324568,0.61470085
-4.38519260,2.20334937,0.00218034,0.25787570,0.94027669,1.14735654,0.37173740,0.17690323,0.00326288,0.62985635
-4.37918959,2.24922838,0.00220140,0.26122182,0.95465590,1.17465937,0.38585912,0.17830246,0.00326397,0.64262860
-4.37318659,2.28624312,0.00221438,0.26342630,0.96523825,1.19748541,0.39873490,0.17888224,0.00324892,0.65288238
-4.36718359,2.31394857,0.00221922,0.26447562,0.97193491,1.21553558,0.41017019,0.17864672,0.00321794,0.66050424
-4.36118059,2.33200014,0.00221590,0.26436907,0.97468875,1.22856692,0.41997949,0.17761011,0.00317153,0.66540386
-4.35517759,2.34016135,0.00220447,0.26311838,0.97347408,1.23639924,0.42799104,0.17579607,0.00311040,0.66751564
-4.34917459,2.33831142,0.00218502,0.26074722,0.96829680,1.23892141,0.43405182,0.17323684,0.00303552,0.66680037
-4.34317159,2.32645220,0.00215767,0.25729081,0.95919520,1.23609706,0.43803236,0.16997245,0.00294803,0.66324715
-4.33716858,2.30471439,0.00212261,0.25279545,0.94624110,1.22796948,0.43983143,0.16604990,0.00284921,0.65687530
-4.33116558,2.27336250,0.00208006,0.24731804,0.92954133,1.21466554,0.43938019,0.16152228,0.00274049,0.64773609
-4.32516258,2.23279814,0.00203029,0.24092559,0.90923927,1.19639818,0.43664573,0.15644803,0.00262337,0.63591435
-4.31915958,2.18356101,0.00197366,0.23369470,0.88551616,1.17346744,0.43163367,0.15089008,0.00249942,0.62152945
-4.31315658,2.12632721,0.00191056,0.22571089,0.85859198,1.14625948,0.42438970,0.14491515,0.00237022,0.60473567
-4.30715358,2.06190439,0.00184147,0.21706787,0.82872542,1.11524372,0.41499992,0.13859291,0.00223733,0.58572174
-4.30115058,1.99122338,0.00176695,0.20786656,0.79621291,1.08096764,0.40358991,0.13199526,0.00210229,0.56470939
-4.29514757,1.91532628,0.00168760,0.19821399,0.76138630,1.04404958,0.39032246,0.12519551,0.00196656,0.54195076
-4.28914457,1.83535094,0.00160412,0.18822195,0.72460930,1.00516932,0.37539407,0.11826756,0.00183151,0.51772483
-4.28314157,1.75251223,0.00151725,0.17800546,0.68627245,0.96505681,0.35903024,0.11128503,0.00169843,0.49233271
-4.27713857,1.66808043,0.00142781,0.16768106,0.64678685,0.92447928,0.34147987,0.10432042,0.00156846,0.46609207
-4.27113557,1.58335746,0.00133661,0.15736494,0.60657685,0.88422710,0.32300886,0.09744415,0.00144263,0.43933080
-4.26513257,1.49965176,0.00124454,0.14717104,0.56607187,0.84509894,0.30389320,0.09072374,0.00132181,0.41238016
-4.25912956,1.41825264,0.00115246,0.13720904,0.52569776,0.80788651,0.28441189,0.08422292,0.00120675,0.38556776
-4.25312656,1.34040501,0.00106122,0.12758249,0.48586806,0.77335960,0.26483995,0.07800081,0.00109804,0.35921054
-4.24712356,1.26728548,0.00097166,0.11838701,0.44697556,0.74225165,0.24544177,0.07211131,0.00099612,0.33360813
-4.24112056,1.19998047,0.00088457,0.10970870,0.40938451,0.71524642,0.22646508,0.06660242,0.00090130,0.30903690
-4.23511756,1.13946713,0.00080066,0.10162281,0.37342386,0.69296601,0.20813577,0.06151585,0.00081375,0.28574478
-4.22911456,1.08659749,0.00072061,0.09419268,0.33938171,0.67596044,0.19065365,0.05688673,0.00073353,0.26394721
-4.22311156,1.04208620,0.00064500,0.08746906,0.30750133,0.66469896,0.17418938,0.05274347,0.00066057,0.24382425
-4.21710855,1.00650191,0.00057433,0.08148972,0.27797866,0.65956316,0.15888244,0.04910783,0.00059470,0.22551889
-4.21110555,0.98026228,0.00050905,0.07627944,0.25096140,0.66084171,0.14484032,0.04599510,0.00053568,0.20913657
-4.20510255,0.96363242,0.00044953,0.07185031,0.22654975,0.66872682,0.13213867,0.04341440,0.00048320,0.19474590
-4.19909955,0.95672629,0.00039608,0.06820229,0.20479833,0.68331215,0.12082254,0.04136913,0.00043689,0.18238031
-4.19309655,0.95951085,0.00034897,0.06532408,0.18571952,0.70459211,0.11090826,0.03985747,0.00039635,0.17204061
-4.18709355,0.97181243,0.00030848,0.06319411,0.16928754,0.73246239,0.10238615,0.03887289,0.00036117,0.16369814
-4.18109055,0.99332491,0.00027488,0.06178170,0.15544335,0.76672175,0.09522360,0.03840469,0.00033094,0.15729848
-4.17508754,1.02361947,0.00024847,0.06104837,0.14409990,0.80707497,0.08936847,0.03843855,0.00030527,0.15276526
-4.16908454,1.06215559,0.00022962,0.06094913,0.13514758,0.85313706,0.08475275,0.03895695,0.00028382,0.15000419
-4.16308154,1.10829318,0.00021880,0.06143382,0.12845956,0.90443895,0.08129607,0.03993964,0.00026628,0.14890690
-4.15707854,1.16130585,0.00021659,0.06244845,0.12389700,0.96043463,0.07890926,0.04136392,0.00025241,0.14935460
-4.15107554,1.22039525,0.00022373,0.06393645,0.12131369,1.02051018,0.07749759,0.04320496,0.00024204,0.15122148
-4.14507254,1.28470656,0.00024114,0.06583998,0.12056036,1.08399457,0.07696384,0.04543604,0.00023510,0.15437774
-4.13906953,1.35334530,0.00026992,0.06810105,0.12148835,1.15017257,0.07721097,0.04802865,0.00023158,0.15869224
-4.13306653,1.42539530,0.00031142,0.07066272,0.12395269,1.21829966,0.07814452,0.05095277,0.00023157,0.16403480
-4.12706353,1.49993780,0.00036717,0.07347013,0.12781472,1.28761876,0.07967461,0.05417698,0.00023526,0.17027827
-4.12106053,1.57607153,0.00043896,0.07647156,0.13294403,1.35737854,0.08171763,0.05766867,0.00024289,0.17730016
-4.11505753,1.65293315,0.00052877,0.07961932,0.13921998,1.42685278,0.08419755,0.06139433,0.00025481,0.18498418
-4.10905453,1.72971775,0.00063879,0.08287058,0.14653272,1.49536016,0.08704694,0.06531984,0.00027142,0.19322145
-4.10305153,1.80569832,0.00077136,0.08618815,0.15478384,1.56228349,0.09020762,0.06941089,0.00029316,0.20191164
-4.09704852,1.88024359,0.00092894,0.08954101,0.16388650,1.62708760,0.09363102,0.07363337,0.00032052,0.21096380
-4.09104552,1.95283303,0.00111403,0.09290475,0.17376526,1.68933476,0.09727819,0.07795393,0.00035399,0.22029706
-4.08504252,2.02306810,0.00132910,0.09626172,0.18435547,1.74869657,0.10111953,0.08234045,0.00039405,0.22984108
-4.07903952,2.09067874,0.00157651,0.09960101,0.19560225,1.80496147,0.10513416,0.08676253,0.00044115,0.23953621
-4.07303652,2.15552438,0.00185839,0.10291808,0.20745913,1.85803698,0.10930899,0.09119200,0.00049569,0.24933324
-4.06703352,2.21758872,0.00217653,0.10621418,0.21988613,1.90794619,0.11363748,0.09560322,0.00055795,0.25919289
-4.06103052,2.27696819,0.00253226,0.10949539,0.23284762,1.95481820,0.11811810,0.09997335,0.00062811,0.26908469
-4.05502751,2.33385418,0.00292633,0.11277141,0.24630963,1.99887272,0.12275258,0.10428244,0.00070620,0.27898556
-4.04902451,2.38850940,0.00335879,0.11605410,0.26023696,2.04039928,0.12754392,0.10851333,0.00079211,0.28887784
-4.04302151,2.44123961,0.00382887,0.11935581,0.27459005,2.07973194,0.13249424,0.11265139,0.00088551,0.29874691
-4.03701851,2.49236177,0.00433491,0.12268752,0.28932167,2.11722080,0.13760271,0.11668405,0.00098588,0.30857853
-4.03101551,2.54217052,0.00487422,0.12605700,0.30437378,2.15320186,0.14286336,0.12060024,0.00109250,0.31835594
-4.02501251,2.59090485,0.00544312,0.12946695,0.31967456,2.18796690,0.14826324,0.12438965,0.00120443,0.32805690
-4.01900950,2.63871697,0.00603685,0.13291337,0.33513588,2.22173541,0.15378069,0.12804201,0.00132052,0.33765087
-4.01300650,2.68564555,0.00664965,0.13638408,0.35065146,2.25463028,0.15938415,0.13154632,0.00143945,0.34709649
-4.00700350,2.73159522,0.00727478,0.13985769,0.36609581,2.28665897,0.16503136,0.13489020,0.00155971,0.35633967
-4.00100050,2.77632400,0.00790470,0.14330300,0.38132421,2.31770165,0.17066924,0.13805934,0.00167969,0.36531225
-3.99499750,2.81943973,0.00853114,0.14667892,0.39617385,2.34750723,0.17623432,0.14103731,0.00179766,0.37393168
-3.98899450,2.86040649,0.00914537,0.14993491,0.41046610,2.37569797,0.18165388,0.14380543,0.00191186,0.38210162
-3.98299150,2.89856079,0.00973840,0.15301209,0.42401007,2.40178265,0.18684779,0.14634319,0.00202055,0.38971360
-3.97698849,2.93313728,0.01030127,0.15584482,0.43660726,2.42517771,0.19173086,0.14862880,0.00212204,0.39664979
-3.97098549,2.96330259,0.01082534,0.15836280,0.44805722,2.44523555,0.19621585,0.15064017,0.00221479,0.40278665
-3.96498249,2.98819576,0.01130256,0.16049365,0.45816399,2.46127812,0.20021672,0.15235618,0.00229743,0.40799953
-3.95897949,3.00697301,0.01172578,0.16216567,0.46674302,2.47263430,0.20365224,0.15375809,0.00236884,0.41216786
-3.95297649,3.01885422,0.01208909,0.16331091,0.47362824,2.47867852,0.20644961,0.15483120,0.00242818,0.41518063
-3.94697349,3.02316862,0.01238797,0.16386808,0.47867898,2.47886862,0.20854796,0.15556641,0.00247492,0.41694211
-3.94097049,3.01939678,0.01261961,0.16378547,0.48178620,2.47278044,0.20990147,0.15596185,0.00250892,0.41737712
-3.93496748,3.00720638,0.01278302,0.16302348,0.48287792,2.46013729,0.21048209,0.15602418,0.00253036,0.41643588
-3.92896448,2.98647972,0.01287912,0.16155676,0.48192331,2.44083220,0.21028146,0.15576965,0.00253982,0.41409791
-3.92296148,2.95733096,0.01291082,0.15937571,0.47893532,2.41494193,0.20931211,0.15522473,0.00253821,0.41037477
-3.91695848,2.92011220,0.01288296,0.15648749,0.47397159,2.38273154,0.20760772,0.15442620,0.00252677,0.40531158
-3.91095548,2.87540778,0.01280217,0.15291616,0.46713361,2.34464956,0.20522245,0.15342075,0.00250702,0.39898691
-3.90495248,2.82401707,0.01267674,0.14870227,0.45856415,2.30131378,0.20222938,0.15226392,0.00248070,0.39151134
-3.89894947,2.76692666,0.01251631,0.14390164,0.44844293,2.25348865,0.19871806,0.15101855,0.00244971,0.38302446
-3.89294647,2.70527338,0.01233161,0.13858360,0.43698094,2.20205550,0.19479127,0.14975267,0.00241605,0.37369051
-3.88694347,2.64030019,0.01213407,0.13282862,0.42441348,2.14797734,0.19056125,0.14853695,0.00238173,0.36369303
-3.88094047,2.57330731,0.01193544,0.12672566,0.41099240,2.09226021,0.18614546,0.14744183,0.00234869,0.35322844
-3.87493747,2.50560119,0.01174737,0.12036906,0.39697778,2.03591312,0.18166216,0.14653449,0.00231874,0.34249928
-3.86893447,2.43844386,0.01158101,0.11385547,0.38262960,1.97990874,0.17722595,0.14587574,0.00229346,0.33170702
-3.86293147,2.37300535,0.01144660,0.10728068,0.36819956,1.92514684,0.17294360,0.14551708,0.00227419,0.32104515
-3.85692846,2.31032130,0.01135310,0.10073672,0.35392360,1.87242216,0.16891020,0.14549803,0.00226194,0.31069258
-3.85092546,2.25125788,0.01130786,0.09430912,0.34001531,1.82239820,0.16520604,0.14584389,0.00225737,0.30080792
-3.84492246,2.19648522,0.01131635,0.08807473,0.32666049,1.77558799,0.16189408,0.14656406,0.00226074,0.29152461
-3.83891946,2.14646051,0.01138194,0.08209984,0.31401301,1.73234232,0.15901836,0.14765107,0.00227196,0.28294730
-3.83291646,2.10142107,0.01150580,0.07643897,0.30219211,1.69284566,0.15660324,0.14908025,0.00229056,0.27514953
-3.82691346,2.06138725,0.01168683,0.07113413,0.29128110,1.65711967,0.15465357,0.15081028,0.00231569,0.26817267
-3.82091046,2.02617452,0.01192172,0.06621462,0.28132743,1.62503335,0.15315569,0.15278442,0.00234624,0.26202630
-3.81490745,1.99541374,0.01220505,0.06169742,0.27234405,1.59631936,0.15207921,0.15493240,0.00238081,0.25668976
-3.80890445,1.96857831,0.01252952,0.05758791,0.26431186,1.57059495,0.15137949,0.15717308,0.00241783,0.25211484
-3.80290145,1.94501635,0.01288620,0.05388108,0.25718303,1.54738655,0.15100056,0.15941745,0.00245558,0.24822939
-3.79689845,1.92398648,0.01326486,0.05056294,0.25088509,1.52615650,0.15087850,0.16157210,0.00249233,0.24494172
-3.79089545,1.90469518,0.01365440,0.04761224,0.24532549,1.50633065,0.15094492,0.16354285,0.00252634,0.24214537
-3.78489245,1.88633417,0.01404320,0.04500220,0.24039638,1.48732565,0.15113047,0.16523844,0.00255598,0.23972435
-3.77888944,1.86811617,0.01441962,0.04270229,0.23597955,1.46857473,0.15136827,0.16657410,0.00257979,0.23755821
-3.77288644,1.84930772,0.01477238,0.04067999,0.23195126,1.44955115,0.15159690,0.16747477,0.00259654,0.23552711
-3.76688344,1.82925786,0.01509098,0.03890239,0.22818678,1.42978850,0.15176310,0.16787800,0.00260528,0.23351649
-3.76088044,1.80742198,0.01536610,0.03733759,0.22456464,1.40889751,0.15182389,0.16773621,0.00260535,0.23142116
-3.75487744,1.78338013,0.01558989,0.03595589,0.22097040,1.38657885,0.15174800,0.16701832,0.00259646,0.22914892
-3.74887444,1.75684968,0.01575627,0.03473073,0.21729996,1.36263205,0.15151683,0.16571079,0.00257866,0.22662331
-3.74287144,1.72769217,0.01586105,0.03363941,0.21346222,1.33696046,0.15112466,0.16381781,0.00255233,0.22378569
-3.73686843,1.69591480,0.01590211,0.03266349,0.20938134,1.30957259,0.15057826,0.16136086,0.00251819,0.22059656
-3.73086543,1.66166685,0.01587934,0.03178898,0.20499827,1.28058011,0.14989594,0.15837761,0.00247725,0.21703605
-3.72486243,1.62523179,0.01579464,0.03100636,0.20027188,1.25019299,0.14910619,0.15492025,0.00243078,0.21310382
-3.71885943,1.58701571,0.01565173,0.03031036,0.19517943,1.21871236,0.14824584,0.15105332,0.00238027,0.20881818
-3.71285643,1.54753299,0.01545597,0.02969966,0.18971663,1.18652145,0.14735803,0.14685117,0.00232735,0.20421481
-3.70685343,1.50739005,0.01521409,0.02917647,0.18389721,1.15407535,0.14649003,0.14239525,0.00227376,0.19934497
-3.70085043,1.46726796,0.01493387,0.02874601,0.17775209,1.12188991,0.14569102,0.13777126,0.00222127,0.19427337
-3.69484742,1.42790472,0.01462384,0.02841605,0.17132811,1.09053032,0.14500999,0.13306632,0.00217167,0.18907583
-3.68884442,1.39007792,0.01429291,0.02819641,0.16468656,1.06059981,0.14449386,0.12836636,0.00212665,0.18383686
-3.68284142,1.35458817,0.01395008,0.02809843,0.15790129,1.03272855,0.14418583,0.12375373,0.00208783,0.17864720
-3.67683842,1.32224390,0.01360411,0.02813462,0.15105666,1.00756310,0.14412422,0.11930514,0.00205668,0.17360138
-3.67083542,1.29384751,0.01326326,0.02831820,0.14424535,0.98575644,0.14434152,0.11509004,0.00203451,0.16879548
-3.66483242,1.27018296,0.01293509,0.02866284,0.13756594,0.96795844,0.14486405,0.11116943,0.00202246,0.16432501
-3.65882941,1.25200477,0.01262630,0.02918229,0.13112051,0.95480671,0.14571181,0.10759503,0.00202146,0.16028301
-3.65282641,1.24002793,0.01234258,0.02989017,0.12501212,0.94691757,0.14689883,0.10440899,0.00203225,0.15675838
-3.64682341,1.23491846,0.01208862,0.03079968,0.11934233,0.94487685,0.14843367,0.10164381,0.00205538,0.15383430
-3.64082041,1.23728408,0.01186806,0.03192329,0.11420877,0.94923014,0.15032014,0.09932272,0.00209120,0.15158693
-3.63481741,1.24766446,0.01168357,0.03327247,0.10970279,0.96047239,0.15255811,0.09746014,0.00213989,0.15008413
-3.62881441,1.26652075,0.01153692,0.03485730,0.10590716,0.97903632,0.15514418,0.09606239,0.00220145,0.14938434
-3.62281141,1.29422387,0.01142908,0.03668602,0.10289397,1.00527980,0.15807235,0.09512844,0.00227570,0.14953545
-3.61680840,1.33104150,0.01136034,0.03876454,0.10072270,1.03947206,0.16133434,0.09465058,0.00236230,0.15057369
-3.61080540,1.37712389,0.01133045,0.04109588,0.09943850,1.08177891,0.16491968,0.09461514,0.00246074,0.15252253
-3.60480240,1.43248860,0.01133870,0.04367952,0.09907061,1.13224744,0.16881543,0.09500300,0.00257035,0.15539159
-3.59879940,1.49700492,0.01138406,0.04651077,0.09963123,1.19079077,0.17300556,0.09578998,0.00269027,0.15917553
-3.59279640,1.57037869,0.01146526,0.04958011,0.10111455,1.25717349,0.17747007,0.09694715,0.00281944,0.16385306
-3.58679340,1.65213858,0.01158082,0.05287261,0.10349620,1.33099901,0.18218380,0.09844093,0.00295662,0.16938608
-3.58079040,1.74162503,0.01172914,0.05636740,0.10673312,1.41169956,0.18711519,0.10023318,0.00310039,0.17571900
-3.57478739,1.83798314,0.01190849,0.06003731,0.11076379,1.49853015,0.19222493,0.10228120,0.00324909,0.18277846
-3.56878439,1.94016081,0.01211702,0.06384874,0.11550903,1.59056747,0.19746480,0.10453779,0.00340089,0.19047340
-3.56278139,2.04691317,0.01235274,0.06776166,0.12087318,1.68671457,0.20277679,0.10695144,0.00355376,0.19869565
-3.55677839,2.15681438,0.01261356,0.07172999,0.12674587,1.78571221,0.20809262,0.10946654,0.00370552,0.20732115
-3.55077539,2.26827729,0.01289720,0.07570221,0.13300423,1.88615711,0.21333382,0.11202397,0.00385386,0.21621177
-3.54477239,2.37958107,0.01320125,0.07962228,0.13951557,1.98652732,0.21841236,0.11456179,0.00399637,0.22521775
-3.53876938,2.48890673,0.01352312,0.08343086,0.14614048,2.08521424,0.22323212,0.11701625,0.00413066,0.23418085
-3.53276638,2.59437944,0.01386006,0.08706680,0.15273623,2.18056055,0.22769088,0.11932302,0.00425433,0.24293795
-3.52676338,2.69411657,0.01420920,0.09046878,0.15916044,2.27090289,0.23168305,0.12141866,0.00436513,0.25132526
-3.52076038,2.78627957,0.01456752,0.09357721,0.16527483,2.35461769,0.23510292,0.12324219,0.00446098,0.25918264
-3.51475738,2.86912753,0.01493190,0.09633607,0.17094892,2.43016825,0.23784833,0.12473686,0.00454006,0.26635824
-3.50875438,2.94107020,0.01529918,0.09869482,0.17606364,2.49615111,0.23982453,0.12585179,0.00460088,0.27271293
-3.50275138,3.00071778,0.01566610,0.10061023,0.18051452,2.55133940,0.24094810,0.12654362,0.00464237,0.27812451
-3.49674837,3.04692517,0.01602942,0.10204787,0.18421451,2.59472127,0.24115066,0.12677794,0.00466387,0.28249140
-3.49074537,3.07882829,0.01638583,0.10298348,0.18709616,2.62553124,0.24038218,0.12653042,0.00466522,0.28573567
-3.48474237,3.09587079,0.01673199,0.10340389,0.18911316,2.64327317,0.23861366,0.12578765,0.00464675,0.28780517
-3.47873937,3.09781942,0.01706453,0.10330757,0.19024107,2.64773335,0.23583908,0.12454755,0.00460927,0.28867476
-3.47273637,3.08476755,0.01737996,0.10270469,0.19047736,2.63898323,0.23207636,0.12281929,0.00455406,0.28834648
-3.46673337,3.05712634,0.01767472,0.10161678,0.18984053,2.61737165,0.22736741,0.12062289,0.00448284,0.28684865
-3.46073037,3.01560427,0.01794509,0.10007591,0.18836860,2.58350686,0.22177713,0.11798829,0.00439766,0.28423403
-3.45472736,2.96117590,0.01818717,0.09812349,0.18611690,2.53822935,0.21539147,0.11495412,0.00430087,0.28057701
-3.44872436,2.89504170,0.01839691,0.09580868,0.18315525,2.48257703,0.20831453,0.11156612,0.00419501,0.27597014
-3.44272136,2.81858088,0.01857007,0.09318660,0.17956480,2.41774436,0.20066503,0.10787539,0.00408271,0.27052001
-3.43671836,2.73329968,0.01870228,0.09031626,0.17543457,2.34503769,0.19257212,0.10393649,0.00396662,0.26434285
-3.43071536,2.64077778,0.01878909,0.08725851,0.17085787,2.26582884,0.18417082,0.09980552,0.00384929,0.25755998
-3.42471236,2.54261522,0.01882610,0.08407389,0.16592887,2.18150935,0.17559740,0.09553831,0.00373312,0.25029341
-3.41870935,2.44038247,0.01880903,0.08082073,0.16073924,2.09344719,0.16698477,0.09118876,0.00362026,0.24266169
-3.41270635,2.33557554,0.01873389,0.07755331,0.15537533,2.00294796,0.15845817,0.08680741,0.00351255,0.23477633
-3.40670335,2.22957810,0.01859718,0.07432039,0.14991563,1.91122205,0.15013137,0.08244035,0.00341156,0.22673882
-3.40070035,2.12363175,0.01839603,0.07116406,0.14442895,1.81935860,0.14210344,0.07812846,0.00331850,0.21863844
-3.39469735,2.01881512,0.01812838,0.06811888,0.13897306,1.72830728,0.13445637,0.07390694,0.00323426,0.21055081
-3.38869435,1.91603219,0.01779318,0.06521154,0.13359400,1.63886764,0.12725341,0.06980531,0.00315948,0.20253734
-3.38269135,1.81600936,0.01739050,0.06246079,0.12832597,1.55168608,0.12053837,0.06584760,0.00309456,0.19464538
-3.37668834,1.71930064,0.01692165,0.05987780,0.12319181,1.46725976,0.11433566,0.06205289,0.00303977,0.18690908
-3.37068534,1.62629988,0.01638928,0.05746679,0.11820381,1.38594638,0.10865116,0.05843604,0.00299533,0.17935083
-3.36468234,1.53725857,0.01579736,0.05522602,0.11336512,1.30797886,0.10347383,0.05500859,0.00296149,0.17198317
-3.35867934,1.45230781,0.01515118,0.05314884,0.10867124,1.23348352,0.09877779,0.05177969,0.00293866,0.16481099
-3.35267634,1.37148274,0.01445723,0.05122505,0.10411181,1.16250045,0.09452496,0.04875717,0.00292750,0.15783385
-3.34667334,1.29474801,0.01372311,0.04944215,0.09967242,1.09500477,0.09066788,0.04594840,0.00292900,0.15104836
-3.34067034,1.22202265,0.01295732,0.04778672,0.09533643,1.03092754,0.08715279,0.04336119,0.00294459,0.14445038
-3.33466733,1.15320329,0.01216907,0.04624564,0.09108664,0.97017534,0.08392260,0.04100444,0.00297619,0.13803703
-3.32866433,1.08818452,0.01136801,0.04480717,0.08690681,0.91264758,0.08091981,0.03888866,0.00302625,0.13180829
-3.32266133,1.02687568,0.01056398,0.04346191,0.08278288,0.85825096,0.07808911,0.03702625,0.00309775,0.12576825
-3.31665833,0.96921361,0.00976676,0.04220346,0.07870402,0.80691063,0.07537968,0.03543159,0.00319422,0.11992590
-3.31065533,0.91517097,0.00898583,0.04102886,0.07466326,0.75857790,0.07274705,0.03412080,0.00331965,0.11429548
-3.30465233,0.86476029,0.00823008,0.03993878,0.07065792,0.71323449,0.07015450,0.03311144,0.00347841,0.10889628
-3.29864932,0.81803386,0.00750765,0.03893741,0.06668971,0.67089348,0.06757393,0.03242182,0.00367516,0.10375218
-3.29264632,0.77507985,0.00682576,0.03803214,0.06276454,0.63159733,0.06498630,0.03207032,0.00391466,0.09889063
-3.28664332,0.73601535,0.00619051,0.03723297,0.05889221,0.59541344,0.06238159,0.03207437,0.00420160,0.09434150
-3.28064032,0.70097674,0.00560686,0.03655179,0.05508581,0.56242769,0.05975833,0.03244950,0.00454039,0.09013555
-3.27463732,0.67010848,0.00507852,0.03600144,0.05136104,0.53273670,0.05712274,0.03320823,0.00493492,0.08630284
-3.26863432,0.64355072,0.00460794,0.03559473,0.04773544,0.50643922,0.05448769,0.03435896,0.00538836,0.08287102
-3.26263132,0.62142685,0.00419634,0.03534340,0.04422763,0.48362743,0.05187132,0.03590495,0.00590285,0.07986373
-3.25662831,0.60383156,0.00384378,0.03525706,0.04085645,0.46437861,0.04929567,0.03784335,0.00647934,0.07729902
-3.25062531,0.59082029,0.00354916,0.03534225,0.03764026,0.44874774,0.04678516,0.04016443,0.00711734,0.07518804
-3.24462231,0.58240053,0.00331041,0.03560159,0.03459626,0.43676151,0.04436520,0.04285103,0.00781475,0.07353399
-3.23861931,0.57852576,0.00312453,0.03603305,0.03173996,0.42841409,0.04206085,0.04587822,0.00856772,0.07233134
-3.23261631,0.57909237,0.00298777,0.03662952,0.02908474,0.42366499,0.03989570,0.04921335,0.00937061,0.07156557
-3.22661331,0.58393974,0.00289573,0.03737857,0.02664158,0.42243913,0.03789097,0.05281638,0.01021596,0.07121321
-3.22061031,0.59285394,0.00284349,0.03826243,0.02441890,0.42462929,0.03606485,0.05664063,0.01109453,0.07124235
-3.21460730,0.60557476,0.00282579,0.03925827,0.02242256,0.43010080,0.03443214,0.06063387,0.01199551,0.07161360
-3.20860430,0.62180606,0.00283710,0.04033881,0.02065600,0.43869843,0.03300417,0.06473980,0.01290669,0.07228145
-3.20260130,0.64122896,0.00287183,0.04147302,0.01912043,0.45025506,0.03178901,0.06889986,0.01381478,0.07319597
-3.19659830,0.66351755,0.00292440,0.04262716,0.01781515,0.46460192,0.03079191,0.07305531,0.01470578,0.07430481
-3.19059530,0.68835622,0.00298939,0.04376594,0.01673795,0.48157977,0.03001597,0.07714954,0.01556544,0.07555546
-3.18459230,0.71545796,0.00306165,0.04485384,0.01588552,0.50105055,0.02946302,0.08113053,0.01637965,0.07689759
-3.17858929,0.74458267,0.00313638,0.04585642,0.01525384,0.52290887,0.02913456,0.08495327,0.01713502,0.07828538
-3.17258629,0.77555457,0.00320926,0.04674168,0.01483865,0.54709264,0.02903280,0.08858217,0.01781935,0.07967985
-3.16658329,0.80827757,0.00327652,0.04748137,0.01463576,0.57359224,0.02916168,0.09199321,0.01842208,0.08105087
-3.16058029,0.84274786,0.00333499,0.04805214,0.01464142,0.60245754,0.02952789,0.09517578,0.01893474,0.08237893
-3.15457729,0.87906260,0.00338216,0.04843645,0.01485256,0.63380223,0.03014163,0.09813407,0.01935134,0.08365643
-3.14857429,0.91742409,0.00341620,0.04862338,0.01526688,0.66780496,0.03101738,0.10088795,0.01966861,0.08488853
-3.14257129,0.95813873,0.00343600,0.04860904,0.01588300,0.70470683,0.03217428,0.10347319,0.01988618,0.08609338
-3.13656828,1.00161044,0.00344110,0.04839668,0.01670033,0.74480516,0.03363636,0.10594101,0.02000668,0.08730174
-3.13056528,1.04832825,0.00343173,0.04799662,0.01771897,0.78844326,0.03543242,0.10835696,0.02003560,0.08855600
-3.12456228,1.09884822,0.00340871,0.04742569,0.01893948,0.83599640,0.03759560,0.11079902,0.01998118,0.08990860
-3.11855928,1.15377008,0.00337337,0.04670651,0.02036251,0.88785425,0.04016269,0.11335514,0.01985404,0.09141977
-3.11255628,1.21370908,0.00332751,0.04586649,0.02198841,0.94440021,0.04317302,0.11612008,0.01966681,0.09315493
-3.10655328,1.27926406,0.00327327,0.04493658,0.02381680,1.00598819,0.04666722,0.11919184,0.01943358,0.09518154
-3.10055028,1.35098263,0.00321302,0.04394993,0.02584604,1.07291778,0.05068557,0.12266767,0.01916940,0.09756574
-3.09454727,1.42932506,0.00314924,0.04294044,0.02807272,1.14540850,0.05526622,0.12663990,0.01888957,0.10036880
-3.08854427,1.51462800,0.00308441,0.04194131,0.03049116,1.22357433,0.06044327,0.13119173,0.01860911,0.10364359
-3.08254127,1.60706980,0.00302090,0.04098358,0.03309293,1.30739958,0.06624469,0.13639306,0.01834210,0.10743120
-3.07653827,1.70663887,0.00296088,0.04009494,0.03586640,1.39671716,0.07269026,0.14229679,0.01810108,0.11175785
-3.07053527,1.81310679,0.00290617,0.03929852,0.03879641,1.49119044,0.07978963,0.14893540,0.01789665,0.11663225
-3.06453227,1.92600749,0.00285825,0.03861206,0.04186400,1.59029975,0.08754039,0.15631828,0.01773693,0.12204361
-3.05852926,2.04462390,0.00281814,0.03804729,0.04504629,1.69333450,0.09592654,0.16442976,0.01762740,0.12796032
-3.05252626,2.16798313,0.00278637,0.03760959,0.04831651,1.79939177,0.10491710,0.17322799,0.01757058,0.13432938
-3.04652326,2.29486104,0.00276302,0.03729795,0.05164413,1.90738184,0.11446526,0.18264475,0.01756611,0.14107683
-3.04052026,2.42379659,0.00274765,0.03710525,0.05499523,2.01604120,0.12450789,0.19258619,0.01761073,0.14810890
-3.03451726,2.55311605,0.00273941,0.03701882,0.05833299,2.12395306,0.13496565,0.20293455,0.01769853,0.15531417
-3.02851426,2.68096691,0.00273704,0.03702121,0.06161839,2.22957504,0.14574358,0.21355075,0.01782122,0.16256644
-3.02251126,2.80536051,0.00273896,0.03709119,0.06481107,2.33127358,0.15673239,0.22427781,0.01796858,0.16972842
-3.01650825,2.92422248,0.00274334,0.03720497,0.06787038,2.42736423,0.16781031,0.23494502,0.01812885,0.17665603
-3.01050525,3.03544923,0.00274819,0.03733741,0.07075652,2.51615648,0.17884554,0.24537265,0.01828936,0.18320306
-3.00450225,3.13696887,0.00275149,0.03746342,0.07343185,2.59600181,0.18969934,0.25537709,0.01843697,0.18922631
-2.99849925,3.22680423,0.00275121,0.03755926,0.07586228,2.66534318,0.20022961,0.26477633,0.01855869,0.19459061
-2.99249625,3.30313590,0.00274549,0.03760386,0.07801873,2.72276422,0.21029493,0.27339539,0.01864218,0.19917397
-2.98649325,3.36436267,0.00273266,0.03757997,0.07987858,2.76703616,0.21975904,0.28107178,0.01867623,0.20287224
-2.98049025,3.40915734,0.00271137,0.03747521,0.08142713,2.79716061,0.22849554,0.28766062,0.01865117,0.20560346
-2.97448724,3.43651550,0.00268058,0.03728298,0.08265896,2.81240652,0.23639274,0.29303939,0.01855926,0.20731143
-2.96848424,3.44579538,0.00263970,0.03700308,0.08357925,2.81233966,0.24335852,0.29711204,0.01839488,0.20796863
-2.96248124,3.43674740,0.00258853,0.03664220,0.08420479,2.79684345,0.24932512,0.29981256,0.01815475,0.20757809
-2.95647824,3.40953185,0.00252734,0.03621409,0.08456498,2.76613013,0.25425348,0.30110759,0.01783800,0.20617444
-2.95047524,3.36472446,0.00245684,0.03573962,0.08470241,2.72074185,0.25813732,0.30099833,0.01744614,0.20382389
-2.94447224,3.30330926,0.00237820,0.03524652,0.08467325,2.66154159,0.26100642,0.29952145,0.01698299,0.20062315
-2.93846923,3.22665926,0.00229295,0.03476894,0.08454728,2.58969414,0.26292930,0.29674911,0.01645448,0.19669750
-2.93246623,3.13650562,0.00220304,0.03434681,0.08440759,2.50663805,0.26401481,0.29278806,0.01586849,0.19219789
-2.92646323,3.03489637,0.00211070,0.03402505,0.08434982,2.41404953,0.26441290,0.28777774,0.01523451,0.18729721
-2.92046023,2.92414637,0.00201845,0.03385253,0.08448108,2.31379968,0.26431400,0.28188765,0.01456340,0.18218596
-2.91445723,2.80678005,0.00192902,0.03388098,0.08491840,2.20790670,0.26394736,0.27531373,0.01386701,0.17706728
-2.90845423,2.68546890,0.00184531,0.03416372,0.08578675,2.09848474,0.26357791,0.26827413,0.01315791,0.17215164
-2.90245123,2.56296568,0.00177027,0.03475428,0.08721667,1.98769112,0.26350194,0.26100419,0.01244903,0.16765123
-2.89644822,2.44203732,0.00170693,0.03570494,0.08934143,1.87767359,0.26404126,0.25375092,0.01175335,0.16377424
-2.89044522,2.32539815,0.00165825,0.03706521,0.09229382,1.77051929,0.26553621,0.24676700,0.01108360,0.16071914
-2.88444222,2.21564549,0.00162713,0.03888028,0.09620269,1.66820656,0.26833734,0.24030442,0.01045202,0.15866917
-2.87843922,2.11519875,0.00161632,0.04118942,0.10118905,1.57256111,0.27279601,0.23460791,0.00987008,0.15778708
-2.87243622,2.02624359,0.00162837,0.04402447,0.10736216,1.48521711,0.27925408,0.22990837,0.00934827,0.15821032
-2.86643322,1.95068212,0.00166556,0.04740832,0.11481533,1.40758418,0.28803286,0.22641631,0.00889591,0.16004669
-2.86043022,1.89009008,0.00172989,0.05135354,0.12362197,1.34082062,0.29942170,0.22431563,0.00852100,0.16337075
-2.85442721,1.84568173,0.00182295,0.05586124,0.13383160,1.28581314,0.31366638,0.22375780,0.00823006,0.16822082
-2.84842421,1.81828305,0.00194595,0.06091998,0.14546632,1.24316335,0.33095785,0.22485667,0.00802801,0.17459696
-2.84242121,1.80831361,0.00209961,0.06650514,0.15851774,1.21318076,0.35142159,0.22768411,0.00791812,0.18245977
-2.83641821,1.81577772,0.00228416,0.07257852,0.17294458,1.19588245,0.37510815,0.23226656,0.00790190,0.19173024
-2.83041521,1.84026481,0.00249927,0.07908833,0.18867101,1.19099896,0.40198512,0.23858279,0.00797909,0.20229063
-2.82441221,1.88095947,0.00274402,0.08596961,0.20558614,1.19798644,0.43193124,0.24656291,0.00814767,0.21398642
-2.81840920,1.93666101,0.00301693,0.09314512,0.22354442,1.21604449,0.46473284,0.25608871,0.00840382,0.22662942
-2.81240620,2.00581251,0.00331592,0.10052670,0.24236738,1.24413957,0.50008304,0.26699555,0.00874209,0.24000182
-2.80640320,2.08653906,0.00363833,0.10801700,0.26184654,1.28103343,0.53758402,0.27907570,0.00915541,0.25386138
-2.80040020,2.17669456,0.00398100,0.11551179,0.28174753,1.32531618,0.57675259,0.29208318,0.00963529,0.26794746
-2.79439720,2.27391641,0.00434030,0.12290250,0.30181547,1.37544326,0.61702895,0.30573995,0.01017200,0.28198782
-2.78839420,2.37568686,0.00471227,0.13007917,0.32178124,1.42977567,0.65778877,0.31974342,0.01075483,0.29570600
-2.78239120,2.47939968,0.00509268,0.13693355,0.34136874,1.48662257,0.69835827,0.33377500,0.01137235,0.30882909
-2.77638819,2.58243033,0.00547723,0.14336233,0.36030267,1.54428512,0.73803188,0.34750948,0.01201275,0.32109560
-2.77038519,2.68220776,0.00586167,0.14927029,0.37831660,1.60110063,0.77609201,0.36062495,0.01266422,0.33226320
-2.76438219,2.77628545,0.00624200,0.15457340,0.39516103,1.65548548,0.81183026,0.37281283,0.01331530,0.34211599
-2.75837919,2.86240943,0.00661462,0.15920149,0.41061113,1.70597571,0.84456924,0.38378780,0.01395528,0.35047114
-2.75237619,2.93858081,0.00697658,0.16310062,0.42447364,1.75126380,0.87368418,0.39329713,0.01457464,0.35718447
-2.74637319,3.00311047,0.00732565,0.16623490,0.43659278,1.79023042,0.89862339,0.40112905,0.01516533,0.36215495
-2.74037019,3.05466378,0.00766056,0.16858762,0.44685482,1.82196992,0.91892671,0.40711986,0.01572117,0.36532773
-2.73436718,3.09229348,0.00798105,0.17016186,0.45519099,1.84580872,0.93424107,0.41115946,0.01623812,0.36669570
-2.72836418,3.11545933,0.00828799,0.17098022,0.46157874,1.86131568,0.94433244,0.41319505,0.01671444,0.36629948
-2.72236118,3.12403371,0.00858338,0.17108399,0.46604110,1.86830424,0.94909360,0.41323275,0.01715084,0.36422577
-2.71635818,3.11829278,0.00887033,0.17053154,0.46864426,1.86682617,0.94854721,0.41133720,0.01755047,0.36060420
-2.71035518,3.09889365,0.00915295,0.16939622,0.46949350,1.85715732,0.94284420,0.40762901,0.01791884,0.35560278
-2.70435218,3.06683858,0.00943624,0.16776363,0.46872761,1.83977597,0.93225724,0.40228021,0.01826362,0.34942210
-2.69834917,3.02342761,0.00972583,0.16572861,0.46651206,1.81533487,0.91716978,0.39550786,0.01859430,0.34228857
-2.69234617,2.97020198,0.01002773,0.16339186,0.46303140,1.78462831,0.89806103,0.38756609,0.01892181,0.33444690
-2.68634317,2.90888066,0.01034806,0.16085658,0.45848109,1.74855566,0.87548759,0.37873687,0.01925798,0.32615220
-2.68034017,2.84129281,0.01069263,0.15822505,0.45305934,1.70808307,0.85006260,0.36931995,0.01961500,0.31766192
-2.67433717,2.76930921,0.01106666,0.15559537,0.44695924,1.66420514,0.82243323,0.35962233,0.02000477,0.30922794
-2.66833417,2.69477542,0.01147437,0.15305857,0.44036158,1.61790806,0.79325775,0.34994766,0.02043826,0.30108917
-2.66233117,2.61944943,0.01191864,0.15069605,0.43342878,1.57013588,0.76318303,0.34058614,0.02092490,0.29346482
-2.65632816,2.54494631,0.01240073,0.14857756,0.42630003,1.52176109,0.73282340,0.33180507,0.02147194,0.28654851
-2.65032516,2.47269162,0.01292004,0.14675963,0.41908792,1.47356067,0.70274197,0.32384061,0.02208396,0.28050354
-2.64432216,2.40388535,0.01347388,0.14528463,0.41187668,1.42619807,0.67343493,0.31689097,0.02276239,0.27545922
-2.63831916,2.33947694,0.01405743,0.14418040,0.40472186,1.38021173,0.64531941,0.31111116,0.02350522,0.27150852
-2.63231616,2.28015202,0.01466371,0.14346029,0.39765160,1.33600988,0.61872536,0.30660954,0.02430680,0.26870684
-2.62631316,2.22633035,0.01528370,0.14312379,0.39066913,1.29387145,0.59389147,0.30344621,0.02515782,0.26707207
-2.62031016,2.17817435,0.01590654,0.14315756,0.38375630,1.25395232,0.57096511,0.30163310,0.02604543,0.26658564
-2.61430715,2.13560693,0.01651981,0.14353671,0.37687802,1.21629621,0.55000611,0.30113585,0.02695355,0.26719468
-2.60830415,2.09833705,0.01710992,0.14422636,0.36998709,1.18084908,0.53099370,0.30187712,0.02786329,0.26881489
-2.60230115,2.06589128,0.01766257,0.14518342,0.36302925,1.14747596,0.51383636,0.30374120,0.02875351,0.27133427
-2.59629815,2.03764928,0.01816323,0.14635832,0.35594811,1.11597917,0.49838370,0.30657967,0.02960157,0.27461725
-2.59029515,2.01288152,0.01859770,0.14769681,0.34868974,1.08611680,0.48443967,0.31021776,0.03038405,0.27850929
-2.58429215,1.99078717,0.01895260,0.14914169,0.34120663,1.05762050,0.47177642,0.31446119,0.03107760,0.28284169
-2.57828914,1.97053064,0.01921590,0.15063438,0.33346084,1.03021192,0.46014814,0.31910313,0.03165979,0.28743645
-2.57228614,1.95127543,0.01937739,0.15211637,0.32542641,1.00361698,0.44930406,0.32393101,0.03210991,0.29211112
-2.56628314,1.93221414,0.01942908,0.15353046,0.31709076,0.97757784,0.43900029,0.32873307,0.03240979,0.29668356
-2.56028014,1.91259386,0.01936547,0.15482189,0.30845519,0.95186215,0.42900988,0.33330426,0.03254443,0.30097632
-2.55427714,1.89173671,0.01918384,0.15593918,0.29953465,0.92626979,0.41913090,0.33745149,0.03250258,0.30482084
-2.54827414,1.86905530,0.01888428,0.15683495,0.29035674,0.90063703,0.40919242,0.34099809,0.03227713,0.30806122
-2.54227114,1.84406323,0.01846972,0.15746652,0.28096018,0.87483865,0.39905822,0.34378739,0.03186539,0.31055758
-2.53626813,1.81638134,0.01794580,0.15779642,0.27139288,0.84878822,0.38862846,0.34568547,0.03126916,0.31218898
-2.53026513,1.78573991,0.01732065,0.15779288,0.26170991,0.82243705,0.37783944,0.34658313,0.03049465,0.31285591
-2.52426213,1.75197788,0.01660458,0.15743019,0.25197130,0.79577227,0.36666181,0.34639704,0.02955220,0.31248227
-2.51825913,1.71503947,0.01580972,0.15668911,0.24224009,0.76881431,0.35509750,0.34507024,0.02845592,0.31101686
-2.51225613,1.67496919,0.01494957,0.15555722,0.23258062,0.74161440,0.34317576,0.34257216,0.02722314,0.30843446
-2.50625313,1.63190569,0.01403853,0.15402929,0.22305717,0.71425200,0.33094872,0.33889808,0.02587383,0.30473631
-2.50025013,1.58607510,0.01309148,0.15210759,0.21373302,0.68683266,0.31848681,0.33406826,0.02442984,0.29995022
-2.49424712,1.53778411,0.01212325,0.14980221,0.20466997,0.65948619,0.30587437,0.32812680,0.02291427,0.29413009
-2.48824412,1.48741322,0.01114825,0.14713134,0.19592827,0.63236524,0.29320566,0.32114028,0.02135068,0.28735498
-2.48224112,1.43541004,0.01018010,0.14412135,0.18756694,0.60564404,0.28058153,0.31319623,0.01976243,0.27972773
-2.47623812,1.38228281,0.00923126,0.14080693,0.17964433,0.57951738,0.26810687,0.30440143,0.01817202,0.27137303
-2.47023512,1.32859387,0.00831285,0.13723088,0.17221892,0.55419944,0.25588878,0.29488019,0.01660055,0.26243508
-2.46423212,1.27495304,0.00743442,0.13344389,0.16535013,0.52992230,0.24403563,0.28477237,0.01506722,0.25307482
-2.45822911,1.22201044,0.00660393,0.12950398,0.15909910,0.50693401,0.23265681,0.27423143,0.01358903,0.24346672
-2.45222611,1.17044888,0.00582764,0.12547577,0.15352935,0.48549601,0.22186308,0.26342223,0.01218049,0.23379528
-2.44622311,1.12097541,0.00511024,0.12142952,0.14870706,0.46587974,0.21176747,0.25251880,0.01085348,0.22425123
-2.44022011,1.07431204,0.00445488,0.11743998,0.14470119,0.44836250,0.20248648,0.24170195,0.00961726,0.21502754
-2.43421711,1.03118572,0.00386340,0.11358497,0.14158308,0.43322248,0.19414150,0.23115686,0.00847853,0.20631535
-2.42821411,0.99231767,0.00333646,0.10994394,0.13942575,0.42073318,0.18686030,0.22107054,0.00744158,0.19829986
-2.42221111,0.95841235,0.00287379,0.10659633,0.13830283,0.41115729,0.18077845,0.21162940,0.00650851,0.19115649
-2.41620810,0.93014637,0.00247442,0.10362000,0.13828717,0.40474042,0.17604057,0.20301684,0.00567954,0.18504708
-2.41020510,0.90815790,0.00213691,0.10108970,0.13944925,0.40170483,0.17280138,0.19541099,0.00495331,0.18011673
-2.40420210,0.89303695,0.00185961,0.09907561,0.14185544,0.40224360,0.17122640,0.18898273,0.00432724,0.17649090
-2.39819910,0.88531695,0.00164084,0.09764221,0.14556634,0.40651553,0.17149232,0.18389390,0.00379783,0.17427330
-2.39219610,0.88546827,0.00147912,0.09684733,0.15063510,0.41464109,0.17378693,0.18029588,0.00336107,0.17354432
-2.38619310,0.89389371,0.00137336,0.09674161,0.15710609,0.42669967,0.17830857,0.17832857,0.00301274,0.17436032
-2.38019010,0.91092646,0.00132296,0.09736827,0.16501382,0.44272839,0.18526514,0.17811956,0.00274869,0.17675363
-2.37418709,0.93683029,0.00132795,0.09876326,0.17438221,0.46272251,0.19487234,0.17978384,0.00256513,0.18073332
-2.36818409,0.97180206,0.00138906,0.10095579,0.18522437,0.48663744,0.20735137,0.18342352,0.00245885,0.18628671
-2.36218109,1.01597602,0.00150772,0.10396919,0.19754264,0.51439237,0.22292570,0.18912784,0.00242742,0.19338146
-2.35617809,1.06942938,0.00168611,0.10782193,0.21132910,0.54587507,0.24181701,0.19697317,0.00246931,0.20196821
-2.35017509,1.13218858,0.00192705,0.11252884,0.22656623,0.58094775,0.26424011,0.20702288,0.00258399,0.21198352
-2.34417209,1.20423524,0.00223392,0.11810237,0.24322783,0.61945340,0.29039671,0.21932697,0.00277198,0.22335304
-2.33816908,1.28551099,0.00261055,0.12455368,0.26127975,0.66122212,0.32046822,0.23392125,0.00303482,0.23599450
-2.33216608,1.37592035,0.00306100,0.13189352,0.28068064,0.70607698,0.35460732,0.25082612,0.00337502,0.24982061
-2.32616308,1.47533064,0.00358940,0.14013279,0.30138219,0.75383877,0.39292866,0.27004466,0.00379597,0.26474142
-2.32016008,1.58356851,0.00419964,0.14928247,0.32332901,0.80432926,0.43549869,0.29156012,0.00430171,0.28066604
-2.31415708,1.70041248,0.00489515,0.15935317,0.34645787,0.85737237,0.48232503,0.31533285,0.00489681,0.29750368
-2.30815408,1.82558151,0.00567856,0.17035390,0.37069628,0.91279315,0.53334575,0.34129670,0.00558603,0.31516379
-2.30215108,1.95871965,0.00655144,0.18229022,0.39596047,0.97041430,0.58841895,0.36935508,0.00637406,0.33355532
-2.29614807,2.09937763,0.00751395,0.19516191,0.42215272,1.03005033,0.64731339,0.39937692,0.00726516,0.35258514
-2.29014507,2.24699205,0.00856457,0.20895993,0.44915828,1.09149961,0.70970057,0.43119277,0.00826283,0.37215579
-2.28414207,2.40086384,0.00969986,0.22366318,0.47684200,1.15453468,0.77514909,0.46459141,0.00936940,0.39216253
-2.27813907,2.56013717,0.01091418,0.23923491,0.50504500,1.21889160,0.84312185,0.49931732,0.01058566,0.41249019
-2.27213607,2.72378107,0.01219957,0.25561929,0.53358165,1.28425887,0.91297661,0.53506927,0.01191050,0.43300989
-2.26613307,2.89057517,0.01354564,0.27273809,0.56223715,1.35026707,0.98397047,0.57150051,0.01334058,0.45357603
-2.26013007,3.05910178,0.01493955,0.29048800,0.59076614,1.41647994,1.05526856,0.60822066,0.01487000,0.47402385
-2.25412706,3.22774558,0.01636608,0.30873863,0.61889249,1.48238792,1.12595699,0.64479961,0.01649011,0.49416778
-2.24812406,3.39470259,0.01780783,0.32733150,0.64631076,1.54740501,1.19506012,0.68077350,0.01818934,0.51380107
-2.24212106,3.55799902,0.01924546,0.34608023,0.67268923,1.61086956,1.26156174,0.71565277,0.01995318,0.53269660
-2.23611806,3.71552044,0.02065809,0.36477198,0.69767480,1.67204957,1.32442961,0.74893206,0.02176419,0.55060922
-2.23011506,3.86505112,0.02202374,0.38317028,0.72089964,1.73015265,1.38264259,0.78010184,0.02360220,0.56727961
-2.22411206,4.00432239,0.02331990,0.40101922,0.74198948,1.78434071,1.43521947,0.80866125,0.02544458,0.58243956
-2.21810905,4.13106886,0.02452408,0.41804884,0.76057332,1.83374893,1.48124822,0.83413183,0.02726667,0.59581850
-2.21210605,4.24309009,0.02561449,0.43398171,0.77629405,1.87750841,1.51991461,0.85607138,0.02904227,0.60715118
-2.20610305,4.33831553,0.02657068,0.44854027,0.78881983,1.91477165,1.55052880,0.87408754,0.03074426,0.61618594
-2.20010005,4.41486972,0.02737418,0.46145484,0.79785539,1.94473976,1.57254882,0.88785041,0.03234528,0.62269330
-2.19409705,4.47113484,0.02800908,0.47247179,0.80315296,1.96668998,1.58559974,0.89710355,0.03381848,0.62647459
-2.18809405,4.50580771,0.02846259,0.48136160,0.80452218,1.98000251,1.58948773,0.90167303,0.03513827,0.62736977
-2.18209105,4.51794843,0.02872547,0.48792647,0.80183852,1.98418493,1.58420817,0.90147386,0.03628112,0.62526457
-2.17608804,4.50701833,0.02879236,0.49200705,0.79504972,1.97889327,1.56994756,0.89651369,0.03722625,0.62009600
-2.17008504,4.47290535,0.02866199,0.49348803,0.78418006,1.96394855,1.54707901,0.88689351,0.03795631,0.61185643
-2.16408204,4.41593561,0.02833723,0.49230237,0.76933196,1.93934789,1.51615159,0.87280538,0.03845800,0.60059563
-2.15807904,4.33687054,0.02782504,0.48843390,0.75068510,1.90526967,1.47787399,0.85452720,0.03872247,0.58642092
-2.15207604,4.23688987,0.02713626,0.48191826,0.72849287,1.86207249,1.43309326,0.83241492,0.03874572,0.56949515
-2.14607304,4.11756116,0.02628527,0.47284215,0.70307648,1.81028794,1.38276970,0.80689255,0.03852873,0.55003295
-2.14007004,3.98079740,0.02528954,0.46134089,0.67481676,1.75060751,1.32794892,0.77844029,0.03807755,0.52829501
-2.13406703,3.82880472,0.02416909,0.44759446,0.64414438,1.68386438,1.26973239,0.74758152,0.03740316,0.50458101
-2.12806403,3.66402249,0.02294594,0.43182228,0.61152857,1.61101087,1.20924772,0.71486909,0.03652121,0.47922139
-2.12206103,3.48905855,0.02164340,0.41427690,0.57746505,1.53309256,1.14761981,0.68087148,0.03545165,0.45256827
-2.11605803,3.30662210,0.02028547,0.39523685,0.54246362,1.45122041,1.08594402,0.64615940,0.03421824,0.42498606
-2.11005503,3.11945717,0.01889618,0.37499916,0.50703585,1.36654186,1.02526224,0.61129324,0.03284794,0.39684207
-2.10405203,2.93027879,0.01749901,0.35387164,0.47168336,1.28021220,0.96654246,0.57681178,0.03137033,0.36849749
-2.09804902,2.74171417,0.01611630,0.33216527,0.43688709,1.19336728,0.91066236,0.54322240,0.02981685,0.34029913
-2.09204602,2.55625052,0.01476886,0.31018710,0.40309775,1.10709846,0.85839711,0.51099294,0.02822016,0.31257204
-2.08604302,2.37619067,0.01347549,0.28823367,0.37072782,1.02243058,0.81041121,0.48054537,0.02661347,0.28561348
-2.08004002,2.20361736,0.01225276,0.26658532,0.34014510,0.94030346,0.76725421,0.45225104,0.02502989,0.25968807
-2.07403702,2.04036620,0.01111476,0.24550139,0.31166790,0.86155738,0.72935980,0.42642763,0.02350180,0.23502438
-2.06803402,1.88800746,0.01007300,0.22521638,0.28556183,0.78692252,0.69704763,0.40333736,0.02206039,0.21181294
-2.06203102,1.74783573,0.00913638,0.20593723,0.26203803,0.71701240,0.67052730,0.38318642,0.02073515,0.19020545
-2.05602801,1.62086705,0.00831120,0.18784150,0.24125276,0.65232100,0.64990378,0.36612530,0.01955349,0.17031531
-2.05002501,1.50784208,0.00760126,0.17107651,0.22330812,0.59322331,0.63518357,0.35224979,0.01854045,0.15221908
-2.04402201,1.40923452,0.00700801,0.15575927,0.20825370,0.53997870,0.62628119,0.34160241,0.01771840,0.13595887
-2.03801901,1.32526347,0.00653073,0.14197719,0.19608897,0.49273671,0.62302543,0.33417423,0.01710687,0.12154536
-2.03201601,1.25590884,0.00616667,0.12978931,0.18676631,0.45154462,0.62516513,0.32990678,0.01672242,0.10896138
-2.02601301,1.20092880,0.00591134,0.11922794,0.18019441,0.41635638,0.63237448,0.32869420,0.01657849,0.09816566
-2.02001001,1.15987871,0.00575865,0.11030076,0.17624203,0.38704236,0.64425778,0.33038550,0.01668534,0.08909689
-2.01400700,1.13213091,0.00570116,0.10299294,0.17474202,0.36339948,0.66035395,0.33478714,0.01704998,0.08167768
-2.00800400,1.11689519,0.00573027,0.09726953,0.17549556,0.34516149,0.68014102,0.34166593,0.01767617,0.07581851
-2.00200100,1.11323971,0.00583644,0.09307774,0.17827655,0.33200908,0.70304120,0.35075247,0.01856434,0.07142142
-1.99599800,1.12011251,0.00600934,0.09034932,0.18283633,0.32357965,0.72842671,0.36174525,0.01971164,0.06838357
-1.98999500,1.13636368,0.00623810,0.08900272,0.18890851,0.31947667,0.75562696,0.37431560,0.02111191,0.06660052
-1.98399200,1.16076829,0.00651143,0.08894527,0.19621414,0.31927866,0.78393734,0.38811349,0.02275577,0.06596925
-1.97798899,1.19205022,0.00681786,0.09007522,0.20446703,0.32254764,0.81262984,0.40277427,0.02463065,0.06639087
-1.97198599,1.22890697,0.00714587,0.09228370,0.21337933,0.32883723,0.84096562,0.41792642,0.02672091,0.06777317
-1.96598299,1.27003529,0.00748412,0.09545656,0.22266729,0.33770043,0.86820929,0.43320003,0.02900802,0.07003287
-1.95997999,1.31415735,0.00782163,0.09947617,0.23205701,0.34869699,0.89364479,0.44823590,0.03147075,0.07309759
-1.95397699,1.36004705,0.00814790,0.10422323,0.24129021,0.36140044,0.91659225,0.46269502,0.03408544,0.07690763
-1.94797399,1.40655591,0.00845317,0.10957847,0.25012971,0.37540486,0.93642533,0.47626808,0.03682633,0.08141740
-1.94197099,1.45263765,0.00872856,0.11542433,0.25836459,0.39033105,0.95258824,0.48868449,0.03966588,0.08659660
-1.93596798,1.49737075,0.00896619,0.12164667,0.26581470,0.40583229,0.96461165,0.49972075,0.04257525,0.09243099
-1.92996498,1.53997796,0.00915938,0.12813632,0.27233449,0.42159931,0.97212675,0.50920744,0.04552469,0.09892269
-1.92396198,1.57984189,0.00930271,0.13479069,0.27781577,0.43736446,0.97487663,0.51703467,0.04848404,0.10609006
-1.91795898,1.61651585,0.00939216,0.14151514,0.28218950,0.45290482,0.97272430,0.52315552,0.05142321,0.11396698
-1.91195598,1.64972922,0.00942512,0.14822427,0.28542625,0.46804409,0.96565692,0.52758721,0.05431263,0.12260142
-1.90595298,1.67938673,0.00940044,0.15484299,0.28753551,0.48265322,0.95378579,0.53040987,0.05712370,0.13205343
-1.89994997,1.70556161,0.00931841,0.16130735,0.28856354,0.49664951,0.93734210,0.53176283,0.05982920,0.14239231
-1.89394697,1.72848243,0.00918071,0.16756503,0.28859018,0.50999428,0.91666839,0.53183844,0.06240367,0.15369314
-1.88794397,1.74851399,0.00899034,0.17357553,0.28772430,0.52268899,0.89220618,0.53087368,0.06482368,0.16603251
-1.88194097,1.76613288,0.00875149,0.17931005,0.28609849,0.53477007,0.86448026,0.52913986,0.06706809,0.17948370
-1.87593797,1.78189866,0.00846943,0.18475087,0.28386279,0.54630238,0.83408020,0.52693071,0.06911821,0.19411134
-1.86993497,1.79642170,0.00815034,0.18989046,0.28117808,0.55737181,0.80164006,0.52454950,0.07095794,0.20996568
-1.86393197,1.81032905,0.00780116,0.19473020,0.27820903,0.56807700,0.76781715,0.52229563,0.07257380,0.22707674
-1.85792896,1.82422980,0.00742942,0.19927881,0.27511728,0.57852083,0.73327064,0.52045134,0.07395494,0.24544852
-1.85192596,1.83868146,0.00704310,0.20355044,0.27205477,0.58880179,0.69864109,0.51926907,0.07509316,0.26505362
-1.84592296,1.85415882,0.00665043,0.20756273,0.26915779,0.59900580,0.66453157,0.51896003,0.07598280,0.28582842
-1.83991996,1.87102668,0.00625980,0.21133459,0.26654173,0.60919875,0.63149110,0.51968456,0.07662073,0.30766925
-1.83391696,1.88951770,0.00587961,0.21488414,0.26429694,0.61942015,0.60000108,0.52154462,0.07700623,0.33042971
-1.82791396,1.90971636,0.00551820,0.21822662,0.26248569,0.62967824,0.57046488,0.52457869,0.07714091,0.35391952
-1.82191096,1.93154977,0.00518373,0.22137260,0.26114040,0.63994671,0.54320095,0.52875950,0.07702869,0.37790491
-1.81590795,1.95478562,0.00488417,0.22432636,0.26026316,0.65016320,0.51843947,0.53399441,0.07667565,0.40211087
-1.80990495,1.97903753,0.00462720,0.22708473,0.25982655,0.66022984,0.49632235,0.54012855,0.07608996,0.42622523
-1.80390195,2.00377729,0.00442022,0.22963632,0.25977555,0.67001542,0.47690626,0.54695059,0.07528182,0.44990458
-1.79789895,2.02835363,0.00427029,0.23196125,0.26003070,0.67935954,0.46016847,0.55420078,0.07426329,0.47278186
-1.79189595,2.05201646,0.00418412,0.23403129,0.26049196,0.68807814,0.44601481,0.56158089,0.07304817,0.49447552
-1.78589295,2.07394561,0.00416803,0.23581064,0.26104350,0.69597042,0.43428938,0.56876571,0.07165181,0.51459981
-1.77988994,2.09328256,0.00422788,0.23725704,0.26155882,0.70282665,0.42478530,0.57541552,0.07009091,0.53277603
-1.77388694,2.10916401,0.00436903,0.23832338,0.26190627,0.70843654,0.41725615,0.58118894,0.06838324,0.54864404
-1.76788394,2.12075563,0.00459621,0.23895965,0.26195456,0.71259783,0.41142737,0.58575581,0.06654735,0.56187389
-1.76188094,2.12728452,0.00491347,0.23911510,0.26157815,0.71512463,0.40700736,0.58880939,0.06460224,0.57217672
-1.75587794,2.12806930,0.00532400,0.23874068,0.26066222,0.71585519,0.40369783,0.59007751,0.06256702,0.57931476
-1.74987494,2.12254627,0.00582999,0.23779143,0.25910721,0.71465871,0.40120304,0.58933216,0.06046052,0.58310984
-1.74387194,2.11029106,0.00643252,0.23622887,0.25683257,0.71144102,0.39923786,0.58639737,0.05830098,0.58344996
-1.73786893,2.09103474,0.00713135,0.23402331,0.25377980,0.70614880,0.39753441,0.58115487,0.05610566,0.58029383
-1.73186593,2.06467410,0.00792481,0.23115579,0.24991460,0.69877236,0.39584737,0.57354766,0.05389060,0.57367295
-1.72586293,2.03127596,0.00880966,0.22761980,0.24522814,0.68934673,0.39395787,0.56358124,0.05167035,0.56369128
-1.71985993,1.99107551,0.00978105,0.22342258,0.23973746,0.67795136,0.39167612,0.55132268,0.04945780,0.55052248
-1.71385693,1.94446921,0.01083242,0.21858596,0.23348496,0.66470825,0.38884287,0.53689768,0.04726412,0.53440482
-1.70785393,1.89200268,0.01195557,0.21314678,0.22653720,0.64977889,0.38533001,0.52048575,0.04509868,0.51563410
-1.70185093,1.83435440,0.01314076,0.20715674,0.21898288,0.63336005,0.38104019,0.50231387,0.04296917,0.49455474
-1.69584792,1.77231617,0.01437682,0.20068184,0.21093031,0.61567885,0.37590595,0.48264904,0.04088173,0.47154964
-1.68984492,1.70677109,0.01565146,0.19380136,0.20250436,0.59698708,0.36988834,0.46178985,0.03884112,0.44702906
-1.68384192,1.63867011,0.01695153,0.18660636,0.19384301,0.57755526,0.36297517,0.44005768,0.03685095,0.42141915
-1.67783892,1.56900805,0.01826343,0.17919784,0.18509370,0.55766655,0.35517914,0.41778766,0.03491402,0.39515040
-1.67183592,1.49879976,0.01957349,0.17168454,0.17640950,0.53761068,0.34653574,0.39531988,0.03303254,0.36864665
-1.66583292,1.42905722,0.02086846,0.16418054,0.16794523,0.51767810,0.33710119,0.37299094,0.03120840,0.34231481
-1.65982991,1.36076805,0.02213594,0.15680255,0.15985365,0.49815450,0.32695026,0.35112626,0.02944346,0.31653587
-1.65382691,1.29487584,0.02336484,0.14966710,0.15228176,0.47931560,0.31617413,0.33003308,0.02773970,0.29165709
-1.64782391,1.23226253,0.02454575,0.14288773,0.14536728,0.46142248,0.30487823,0.30999447,0.02609938,0.26798594
-1.64182091,1.17373305,0.02567126,0.13657205,0.13923540,0.44471731,0.29318001,0.29126436,0.02452515,0.24578542
-1.63581791,1.12000219,0.02673624,0.13081899,0.13399578,0.42941951,0.28120674,0.27406348,0.02301999,0.22527124
-1.62981491,1.07168379,0.02773789,0.12571604,0.12973993,0.41572231,0.26909327,0.25857641,0.02158723,0.20661029
-1.62381191,1.02928204,0.02867580,0.12133688,0.12653893,0.40378982,0.25697971,0.24494951,0.02023038,0.18992078
-1.61780890,0.99318510,0.02955177,0.11773912,0.12444160,0.39375442,0.24500921,0.23328983,0.01895301,0.17527346
-1.61180590,0.96366082,0.03036957,0.11496248,0.12347312,0.38571472,0.23332569,0.22366487,0.01775851,0.16269408
-1.60580290,0.94085461,0.03113456,0.11302737,0.12363411,0.37973393,0.22207171,0.21610310,0.01664992,0.15216667
-1.59979990,0.92478964,0.03185323,0.11193390,0.12490036,0.37583895,0.21138648,0.21059530,0.01562966,0.14363754
-1.59379690,0.91536927,0.03253262,0.11166150,0.12722299,0.37402005,0.20140398,0.20709656,0.01469934,0.13701985
-1.58779390,0.91238196,0.03317982,0.11216902,0.13052938,0.37423139,0.19225147,0.20552897,0.01385957,0.13219851
-1.58179090,0.91550866,0.03380130,0.11339551,0.13472462,0.37639237,0.18404812,0.20578489,0.01310983,0.12903529
-1.57578789,0.92433264,0.03440243,0.11526155,0.13969368,0.38038996,0.17690411,0.20773083,0.01244837,0.12737397
-1.56978489,0.93835186,0.03498697,0.11767123,0.14530411,0.38608198,0.17091985,0.21121182,0.01187216,0.12704556
-1.56378189,0.95699362,0.03555672,0.12051465,0.15140941,0.39330130,0.16618569,0.21605612,0.01137693,0.12787329
-1.55777889,0.97963115,0.03611127,0.12367094,0.15785285,0.40186095,0.16278165,0.22208040,0.01095728,0.12967741
-1.55177589,1.00560186,0.03664792,0.12701174,0.16447168,0.41155990,0.16077747,0.22909491,0.01060676,0.13227970
-1.54577289,1.03422651,0.03716170,0.13040494,0.17110167,0.42218938,0.16023257,0.23690885,0.01031812,0.13550761
-1.53976988,1.06482871,0.03764562,0.13371866,0.17758169,0.43353945,0.16119610,0.24533547,0.01008347,0.13919793
-1.53376688,1.09675392,0.03809099,0.13682520,0.18375835,0.44540554,0.16370668,0.25419688,0.00989459,0.14319995
-1.52776388,1.12938710,0.03848792,0.13960501,0.18949027,0.45759455,0.16779198,0.26332837,0.00974316,0.14737811
-1.52176088,1.16216834,0.03882582,0.14195031,0.19465213,0.46993032,0.17346786,0.27258199,0.00962102,0.15161391
-1.51575788,1.19460547,0.03909406,0.14376837,0.19913795,0.48225811,0.18073718,0.28182924,0.00952039,0.15580727
-1.50975488,1.22628326,0.03928255,0.14498430,0.20286387,0.49444781,0.18958817,0.29096290,0.00943415,0.15987715
-1.50375188,1.25686880,0.03938238,0.14554319,0.20576991,0.50639581,0.19999238,0.29989766,0.00935595,0.16376149
-1.49774887,1.28611270,0.03938631,0.14541156,0.20782102,0.51802540,0.21190240,0.30856983,0.00928038,0.16741656
-1.49174587,1.31384642,0.03928925,0.14457819,0.20900715,0.52928575,0.22524945,0.31693596,0.00920310,0.17081574
-1.48574287,1.33997600,0.03908857,0.14305411,0.20934242,0.54014969,0.23994097,0.32497065,0.00912081,0.17394774
-1.47973987,1.36447284,0.03878429,0.14087200,0.20886360,0.55061042,0.25585855,0.33266359,0.00903133,0.17681458
-1.47373687,1.38736243,0.03837917,0.13808498,0.20762785,0.56067766,0.27285639,0.34001619,0.00893353,0.17942934
-1.46773387,1.40871203,0.03787859,0.13476488,0.20570998,0.57037346,0.29076052,0.34703798,0.00882726,0.18181382
-1.46173087,1.42861847,0.03729037,0.13100010,0.20319943,0.57972837,0.30936911,0.35374306,0.00871328,0.18399637
-1.45572786,1.44719714,0.03662447,0.12689328,0.20019713,0.58877810,0.32845403,0.36014699,0.00859314,0.18601005
-1.44972486,1.46457326,0.03589254,0.12255884,0.19681241,0.59756128,0.34776374,0.36626425,0.00846908,0.18789110
-1.44372186,1.48087627,0.03510756,0.11812049,0.19316025,0.60611865,0.36702775,0.37210648,0.00834393,0.18967811
-1.43771886,1.49623787,0.03428329,0.11370897,0.18935889,0.61449360,0.38596246,0.37768172,0.00822101,0.19141160
-1.43171586,1.51079404,0.03343383,0.10945986,0.18552801,0.62273451,0.40427836,0.38299471,0.00810403,0.19313439
-1.42571286,1.52469092,0.03257318,0.10551178,0.18178748,0.63089837,0.42168834,0.38804806,0.00799707,0.19489244
-1.41970985,1.53809391,0.03171483,0.10200480,0.17825668,0.63905577,0.43791681,0.39284437,0.00790450,0.19673621
-1.41370685,1.55119932,0.03087139,0.09907909,0.17505439,0.64729658,0.45270922,0.39738900,0.00783099,0.19872238
-1.40770385,1.56424727,0.03005437,0.09687384,0.17229903,0.65573590,0.46584153,0.40169320,0.00778146,0.20091563
-1.40170085,1.57753443,0.02927392,0.09552619,0.17010925,0.66451963,0.47712912,0.40577735,0.00776109,0.20339046
-1.39569785,1.59142509,0.02853874,0.09517027,0.16860450,0.67382890,0.48643466,0.40967387,0.00777529,0.20623258
-1.38969485,1.60635900,0.02785593,0.09593598,0.16790554,0.68388278,0.49367447,0.41342956,0.00782970,0.20953975
-1.38369185,1.62285442,0.02723105,0.09794763,0.16813453,0.69493856,0.49882291,0.41710699,0.00793011,0.21342186
-1.37768884,1.64150535,0.02666805,0.10132218,0.16941468,0.70728911,0.50191454,0.42078467,0.00808241,0.21799998
-1.37168584,1.66297184,0.02616932,0.10616700,0.17186902,0.72125695,0.50304376,0.42455593,0.00829247,0.22340424
-1.36568284,1.68796307,0.02573576,0.11257720,0.17561854,0.73718494,0.50236192,0.42852627,0.00856598,0.22977055
-1.35967984,1.71721321,0.02536681,0.12063235,0.18077926,0.75542356,0.50007186,0.43280938,0.00890829,0.23723609
-1.35367684,1.75145070,0.02506054,0.13039283,0.18745856,0.77631525,0.49642022,0.43752183,0.00932418,0.24593364
-1.34767384,1.79136195,0.02481369,0.14189579,0.19575061,0.80017622,0.49168764,0.44277683,0.00981761,0.25598509
-1.34167084,1.83755130,0.02462178,0.15515092,0.20573126,0.82727663,0.48617753,0.44867729,0.01039147,0.26749408
-1.33566783,1.89049900,0.02447915,0.17013620,0.21745248,0.85782010,0.48020375,0.45530859,0.01104731,0.28053850
-1.32966483,1.95051984,0.02437913,0.18679400,0.23093668,0.89192365,0.47407793,0.46273169,0.01178511,0.29516287
-1.32366183,2.01772471,0.02431414,0.20502763,0.24617131,0.92959931,0.46809694,0.47097685,0.01260304,0.31137129
-1.31765883,2.09198787,0.02427587,0.22469880,0.26310404,0.97073857,0.46253127,0.48003854,0.01349734,0.32912130
-1.31165583,2.17292216,0.02425551,0.24562625,0.28163888,1.01510088,0.45761479,0.48987205,0.01446219,0.34831910
-1.30565283,2.25986443,0.02424399,0.26758565,0.30163369,1.06230712,0.45353642,0.50039186,0.01548972,0.36881650
-1.29964982,2.35187285,0.02423226,0.29031128,0.32289924,1.11183896,0.45043413,0.51147242,0.01657010,0.39041005
-1.29364682,2.44773717,0.02421166,0.31349933,0.34520030,1.16304451,0.44839163,0.52295103,0.01769174,0.41284243
-1.28764382,2.54600253,0.02417426,0.33681309,0.36825861,1.21515053,0.44743766,0.53463319,0.01884160,0.43580640
-1.28164082,2.64500648,0.02411322,0.35988992,0.39175813,1.26728115,0.44754820,0.54630003,0.02000556,0.45895120
-1.27563782,2.74292822,0.02402318,0.38234986,0.41535230,1.31848239,0.44865120,0.55771763,0.02116897,0.48189140
-1.26963482,2.83784844,0.02390063,0.40380568,0.43867313,1.36775188,0.45063370,0.56864781,0.02231716,0.50421783
-1.26363182,2.92781726,0.02374419,0.42387395,0.46134201,1.41407244,0.45335085,0.57885997,0.02343612,0.52551034
-1.25762881,3.01092740,0.02355489,0.44218687,0.48298170,1.45644821,0.45663644,0.58814321,0.02451309,0.54535181
-1.25162581,3.08538936,0.02333634,0.45840418,0.50322900,1.49394163,0.46031425,0.59631834,0.02553722,0.56334289
-1.24562281,3.14960481,0.02309487,0.47222473,0.52174762,1.52570963,0.46420973,0.60324891,0.02650013,0.57911677
-1.23961981,3.20223482,0.02283946,0.48339727,0.53824065,1.55103718,0.46816127,0.60885083,0.02739644,0.59235337
-1.23361681,3.24225929,0.02258165,0.49172971,0.55246191,1.56936667,0.47203055,0.61309987,0.02822409,0.60279230
-1.22761381,3.26902461,0.02233530,0.49709664,0.56422576,1.58032150,0.47571131,0.61603659,0.02898466,0.61024384
-1.22161081,3.28227676,0.02211626,0.49944451,0.57341464,1.58372269,0.47913617,0.61776839,0.02968335,0.61459754
-1.21560780,3.28217822,0.02194186,0.49879436,0.57998415,1.57959767,0.48228101,0.61846830,0.03032895,0.61582789
-1.20960480,3.26930720,0.02183042,0.49524184,0.58396511,1.56818061,0.48516679,0.61837058,0.03093345,0.61399683
-1.20360180,3.24463923,0.02180055,0.48895446,0.58546261,1.54990430,0.48785850,0.61776308,0.03151164,0.60925281
-1.19759880,3.20951152,0.02187052,0.48016631,0.58465195,1.52538388,0.49046146,0.61697666,0.03208037,0.60182654
-1.19159580,3.16557163,0.02205747,0.46917030,0.58177152,1.49539305,0.49311502,0.61637195,0.03265779,0.59202344
-1.18559280,3.11471274,0.02237669,0.45630836,0.57711316,1.46083406,0.49598397,0.61632419,0.03326244,0.58021321
-1.17958979,3.05899829,0.02284091,0.44196007,0.57101006,1.42270266,0.49924818,0.61720649,0.03391223,0.56681686
-1.17358679,3.00057959,0.02345960,0.42653008,0.56382313,1.38204982,0.50309085,0.61937250,0.03462351,0.55229181
-1.16758379,2.94161002,0.02423839,0.41043503,0.55592615,1.33994193,0.50768615,0.62313910,0.03541000,0.53711560
-1.16158079,2.88415975,0.02517857,0.39409037,0.54769057,1.29742125,0.51318674,0.62877001,0.03628201,0.52176903
-1.15557779,2.83013490,0.02627673,0.37789772,0.53947059,1.25546847,0.51971196,0.63646106,0.03724562,0.50671929
-1.14957479,2.78120447,0.02752452,0.36223319,0.53158922,1.21496892,0.52733730,0.64632778,0.03830214,0.49240381
-1.14357179,2.73873846,0.02890865,0.34743711,0.52432590,1.17668383,0.53608565,0.65839606,0.03944774,0.47921548
-1.13756878,2.70375952,0.03041093,0.33380549,0.51790628,1.14122787,0.54592096,0.67259627,0.04067331,0.46748982
-1.13156578,2.67691008,0.03200866,0.32158345,0.51249451,1.10905354,0.55674460,0.68876120,0.04196463,0.45749447
-1.12556278,2.65843610,0.03367505,0.31096075,0.50818834,1.08044304,0.56839470,0.70662808,0.04330276,0.44942147
-1.11955978,2.64818768,0.03537984,0.30206949,0.50501728,1.05550747,0.58064852,0.72584455,0.04466461,0.44338252
-1.11355678,2.64563612,0.03709011,0.29498390,0.50294358,1.03419330,0.59322789,0.74597844,0.04602387,0.43940732
-1.10755378,2.64990626,0.03877114,0.28972207,0.50186619,1.01629528,0.60580733,0.76653103,0.04735197,0.43744500
-1.10155078,2.65982218,0.04038739,0.28624950,0.50162713,1.00147501,0.61802473,0.78695326,0.04861928,0.43736846
-1.09554777,2.67396407,0.04190350,0.28448416,0.50202014,0.98928410,0.62949384,0.80666408,0.04979633,0.43898151
-1.08954477,2.69073324,0.04328536,0.28430276,0.50280103,0.97919063,0.63981826,0.82507049,0.05085509,0.44202830
-1.08354177,2.70842259,0.04450104,0.28554800,0.50369920,0.97060757,0.64860608,0.84158810,0.05177017,0.44620473
-1.07753877,2.72528917,0.04552180,0.28803639,0.50442989,0.96292190,0.65548464,0.85566163,0.05251996,0.45117143
-1.07153577,2.73962581,0.04632286,0.29156644,0.50470647,0.95552310,0.66011467,0.86678436,0.05308759,0.45656758
-1.06553277,2.74982901,0.04688411,0.29592686,0.50425241,0.94782983,0.66220323,0.87451579,0.05346173,0.46202532
-1.05952976,2.75446039,0.04719064,0.30090442,0.50281236,0.93931384,0.66151485,0.87849692,0.05363708,0.46718389
-1.05352676,2.75229939,0.04723311,0.30629147,0.50016192,0.92952018,0.65788045,0.87846235,0.05361469,0.47170323
-1.04752376,2.74238570,0.04700794,0.31189255,0.49611589,0.91808318,0.65120370,0.87424908,0.05340194,0.47527643
-1.04152076,2.72404993,0.04651725,0.31753022,0.49053459,0.90473772,0.64146460,0.86580146,0.05301227,0.47764051
-1.03551776,2.69693184,0.04576873,0.32304979,0.48332833,0.88932577,0.62872015,0.85317241,0.05246466,0.47858533
-1.02951476,2.66098614,0.04477527,0.32832282,0.47445970,0.87179795,0.61310232,0.83652084,0.05178285,0.47796014
-1.02351176,2.61647591,0.04355444,0.33324944,0.46394401,0.85221074,0.59481332,0.81610556,0.05099437,0.47567770
-1.01750875,2.56395467,0.04212796,0.33775932,0.45184772,0.83071932,0.57411862,0.79227604,0.05012944,0.47171574
-1.01150575,2.50423819,0.04052095,0.34181139,0.43828521,0.80756698,0.55133800,0.76546042,0.04921970,0.46611589
-1.00550275,2.43836770,0.03876126,0.34539233,0.42341405,0.78307146,0.52683515,0.73615149,0.04829693,0.45898001
-0.99949975,2.36756628,0.03687867,0.34851394,0.40742906,0.75760916,0.50100622,0.70489106,0.04739183,0.45046429
-0.99349675,2.29319049,0.03490419,0.35120953,0.39055544,0.73159788,0.47426792,0.67225349,0.04653272,0.44077128
-0.98749375,2.21667927,0.03286939,0.35352952,0.37304128,0.70547891,0.44704562,0.63882903,0.04574448,0.43014032
-0.98149075,2.13950242,0.03080578,0.35553651,0.35514975,0.67969928,0.41976180,0.60520749,0.04504762,0.41883669
-0.97548774,2.06311045,0.02874429,0.35729996,0.33715130,0.65469480,0.39282545,0.57196291,0.04445751,0.40714015
-0.96948474,1.98888797,0.02671484,0.35889089,0.31931606,0.63087465,0.36662259,0.53963954,0.04398390,0.39533323
-0.96348174,1.91811205,0.02474609,0.36037675,0.30190682,0.60860795,0.34150819,0.50873975,0.04363065,0.38368976
-0.95747874,1.85191715,0.02286521,0.36181679,0.28517256,0.58821287,0.31779973,0.47971399,0.04339574,0.37246433
-0.95147574,1.79126750,0.02109785,0.36325808,0.26934302,0.56994845,0.29577243,0.45295303,0.04327157,0.36188293
-0.94547274,1.73693785,0.01946813,0.36473249,0.25462407,0.55400954,0.27565621,0.42878262,0.04324549,0.35213522
-0.93946973,1.68950271,0.01799882,0.36625460,0.24119423,0.54052467,0.25763424,0.40746056,0.04330052,0.34336875
-0.93346673,1.64933422,0.01671145,0.36782083,0.22920226,0.52955698,0.24184305,0.38917602,0.04341634,0.33568533
-0.92746373,1.61660814,0.01562661,0.36940961,0.21876572,0.52110790,0.22837401,0.37405103,0.04357039,0.32913961
-0.92146073,1.59131719,0.01476414,0.37098267,0.20997068,0.51512332,0.21727594,0.36214385,0.04373905,0.32373991
-0.91545773,1.57329090,0.01414338,0.37248730,0.20287224,0.51150179,0.20855866,0.35345398,0.04389886,0.31945119
-0.90945473,1.56222036,0.01378338,0.37385940,0.19749598,0.51010434,0.20219721,0.34792844,0.04402781,0.31619985
-0.90345173,1.55768681,0.01370300,0.37502715,0.19384002,0.51076533,0.19813658,0.34546898,0.04410645,0.31388018
-0.89744872,1.55919216,0.01392097,0.37591501,0.19187771,0.51330368,0.19629658,0.34593998,0.04411888,0.31236209
-0.89144572,1.56619016,0.01445577,0.37644796,0.19156071,0.51753407,0.19657679,0.34917650,0.04405367,0.31149952
-0.88544272,1.57811649,0.01532548,0.37655544,0.19282237,0.52327740,0.19886134,0.35499229,0.04390442,0.31113935
-0.87943972,1.59441648,0.01654741,0.37617515,0.19558118,0.53037004,0.20302338,0.36318748,0.04367012,0.31113015
-0.87343672,1.61456920,0.01813762,0.37525616,0.19974432,0.53867143,0.20892908,0.37355552,0.04335532,0.31133039
-0.86743372,1.63810693,0.02011036,0.37376148,0.20521101,0.54806980,0.21644114,0.38588932,0.04296990,0.31161577
-0.86143072,1.66462938,0.02247731,0.37166975,0.21187569,0.55848552,0.22542172,0.39998639,0.04252861,0.31188527
-0.85542771,1.69381219,0.02524683,0.36897619,0.21963091,0.56987224,0.23573483,0.41565275,0.04205047,0.31206565
-0.84942471,1.72540968,0.02842311,0.36569270,0.22836981,0.58221566,0.24724801,0.43270574,0.04155776,0.31211431
-0.84342171,1.75925208,0.03200531,0.36184719,0.23798828,0.59553015,0.25983360,0.45097558,0.04107508,0.31202029
-0.83741871,1.79523772,0.03598677,0.35748228,0.24838658,0.60985341,0.27336941,0.47030587,0.04062807,0.31180353
-0.83141571,1.83332091,0.04035428,0.35265341,0.25947063,0.62523951,0.28773903,0.49055304,0.04024226,0.31151245
-0.82541271,1.87349656,0.04508753,0.34742652,0.27115274,0.64175082,0.30283169,0.51158501,0.03994181,0.31121995
-0.81940970,1.91578240,0.05015869,0.34187553,0.28335203,0.65944918,0.31854193,0.53327911,0.03974836,0.31101822
-0.81340670,1.96020012,0.05553228,0.33607959,0.29599432,0.67838682,0.33476901,0.55551974,0.03967999,0.31101253
-0.80740370,2.00675646,0.06116525,0.33012042,0.30901181,0.69859756,0.35141623,0.57819560,0.03975034,0.31131443
-0.80140070,2.05542526,0.06700737,0.32407972,0.32234224,0.72008875,0.36839011,0.60119716,0.03996796,0.31203459
-0.79539770,2.10613153,0.07300189,0.31803679,0.33592796,0.74283418,0.38559966,0.62441425,0.04033585,0.31327576
-0.78939470,2.15873820,0.07908650,0.31206649,0.34971461,0.76676855,0.40295554,0.64773402,0.04085126,0.31512612
-0.78339170,2.21303624,0.08519448,0.30623744,0.36364968,0.79178349,0.42036941,0.67103958,0.04150581,0.31765334
-0.77738869,2.26873836,0.09125613,0.30061061,0.37768101,0.81772542,0.43775316,0.69420915,0.04228570,0.32089956
-0.77138569,2.32547663,0.09720030,0.29523827,0.39175508,0.84439518,0.45501838,0.71711597,0.04317231,0.32487752
-0.76538269,2.38280384,0.10295606,0.29016326,0.40581545,0.87154954,0.47207575,0.73962888,0.04414286,0.32956807
-0.75937969,2.44019839,0.10845435,0.28541858,0.41980117,0.89890435,0.48883453,0.76161350,0.04517129,0.33491898
-0.75337669,2.49707241,0.11362960,0.28102723,0.43364543,0.92613917,0.50520209,0.78293391,0.04622921,0.34084515
-0.74737369,2.55278250,0.11842121,0.27700237,0.44727431,0.95290323,0.52108352,0.80345475,0.04728698,0.34723024
-0.74137069,2.60664263,0.12277493,0.27334761,0.46060597,0.97882242,0.53638124,0.82304354,0.04831468,0.35392950
-0.73536768,2.65793855,0.12664386,0.27005755,0.47355009,1.00350707,0.55099476,0.84157305,0.04928320,0.36077378
-0.72936468,2.70594321,0.12998935,0.26711841,0.48600785,1.02656021,0.56482053,0.85892360,0.05016513,0.36757446
-0.72336168,2.74993253,0.13278148,0.26450887,0.49787234,1.04758622,0.57775200,0.87498509,0.05093567,0.37412915
-0.71735868,2.78920117,0.13499931,0.26220089,0.50902956,1.06619943,0.58967986,0.88965871,0.05157325,0.38022791
-0.71135568,2.82307777,0.13663081,0.26016075,0.51935995,1.08203269,0.60049257,0.90285819,0.05206016,0.38565978
-0.70535268,2.85093936,0.13767258,0.25835005,0.52874051,1.09474558,0.61007730,0.91451058,0.05238292,0.39021936
-0.69934967,2.87222464,0.13812932,0.25672681,0.53704742,1.10403221,0.61832111,0.92455651,0.05253248,0.39371322
-0.69334667,2.88644595,0.13801312,0.25524654,0.54415915,1.10962833,0.62511266,0.93295000,0.05250428,0.39596587
-0.68734367,2.89319969,0.13734269,0.25386339,0.54995989,1.11131779,0.63034426,0.93965786,0.05229817,0.39682525
-0.68134067,2.89217501,0.13614243,0.25253119,0.55434328,1.10893803,0.63391425,0.94465873,0.05191813,0.39616729
-0.67533767,2.88316072,0.13444159,0.25120448,0.55721619,1.10238467,0.63572981,0.94794192,0.05137193,0.39389969
-0.66933467,2.86605024,0.13227336,0.24983948,0.55850242,1.09161480,0.63570986,0.94950610,0.05067060,0.38996458
-0.66333167,2.84084452,0.12967410,0.24839490,0.55814618,1.07664919,0.63378818,0.94935793,0.04982795,0.38434008
-0.65732866,2.80765272,0.12668257,0.24683271,0.55611512,1.05757300,0.62991647,0.94751075,0.04885993,0.37704071
-0.65132566,2.76669076,0.12333929,0.24511871,0.55240274,1.03453510,0.62406723,0.94398345,0.04778399,0.36811671
-0.64532266,2.71827761,0.11968600,0.24322297,0.54703014,1.00774588,0.61623635,0.93879946,0.04661848,0.35765211
-0.63931966,2.66282937,0.11576517,0.24112017,0.54004686,0.97747359,0.60644518,0.93198601,0.04538199,0.34576197
-0.63331666,2.60085121,0.11161959,0.23878975,0.53153091,0.94403915,0.59474202,0.92357368,0.04409281,0.33258862
-0.62731366,2.53292745,0.10729197,0.23621600,0.52158782,0.90780974,0.58120297,0.91359617,0.04276844,0.31829716
-0.62131066,2.45970997,0.10282465,0.23338805,0.51034881,0.86919109,0.56593186,0.90209039,0.04142504,0.30307043
-0.61530765,2.38190524,0.09825921,0.23029978,0.49796823,0.82861892,0.54905947,0.88909676,0.04007720,0.28710369
-0.60930465,2.30026058,0.09363612,0.22694979,0.48462025,0.78654963,0.53074189,0.87465976,0.03873757,0.27059901
-0.60330165,2.21554981,0.08899441,0.22334127,0.47049503,0.74345063,0.51115813,0.85882869,0.03741672,0.25375985
-0.59729865,2.12855906,0.08437122,0.21948204,0.45579453,0.69979064,0.49050702,0.84165861,0.03612307,0.23678580
-0.59129565,2.04007304,0.07980147,0.21538456,0.44072813,0.65603023,0.46900349,0.82321127,0.03486288,0.21986782
-0.58529265,1.95086223,0.07531738,0.21106604,0.42550824,0.61261302,0.44687449,0.80355629,0.03364039,0.20318403
-0.57928964,1.86167134,0.07094807,0.20654859,0.41034601,0.56995764,0.42435452,0.78277212,0.03245795,0.18689616
-0.57328664,1.77320941,0.06671924,0.20185943,0.39544740,0.52845089,0.40168107,0.76094706,0.03131630,0.17114685
-0.56728364,1.68614155,0.06265278,0.19703109,0.38100951,0.48844211,0.37908999,0.73818008,0.03021485,0.15605773
-0.56128064,1.60108252,0.05876656,0.19210151,0.36721739,0.45023887,0.35681102,0.71458134,0.02915197,0.14172828
-0.55527764,1.51859192,0.05507422,0.18711405,0.35424133,0.41410412,0.33506364,0.69027246,0.02812536,0.12823557
-0.54927464,1.43917107,0.05158515,0.18211736,0.34223449,0.38025458,0.31405312,0.66538634,0.02713235,0.11563465
-0.54327164,1.36326100,0.04830447,0.17716496,0.33133105,0.34886045,0.29396712,0.64006651,0.02617020,0.10395958
-0.53726863,1.29124158,0.04523328,0.17231450,0.32164458,0.32004614,0.27497273,0.61446604,0.02523636,0.09322502
-0.53126563,1.22343131,0.04236883,0.16762680,0.31326678,0.29389190,0.25721402,0.58874579,0.02432868,0.08342821
-0.52526263,1.16008748,0.03970498,0.16316444,0.30626635,0.27043618,0.24081012,0.56307230,0.02344554,0.07455119
-0.51925963,1.10140662,0.03723264,0.15899009,0.30068812,0.24967848,0.22585387,0.53761509,0.02258596,0.06656323
-0.51325663,1.04752487,0.03494032,0.15516450,0.29655223,0.23158252,0.21241105,0.51254368,0.02174958,0.05942333
-0.50725363,0.99851839,0.03281470,0.15174430,0.29385347,0.21607950,0.20052005,0.48802428,0.02093664,0.05308259
-0.50125063,0.95440377,0.03084131,0.14877967,0.29256089,0.20307157,0.19019228,0.46421645,0.02014786,0.04748656
-0.49524762,0.91513859,0.02900511,0.14631196,0.29261747,0.19243507,0.18141296,0.44126978,0.01938434,0.04257731
-0.48924462,0.88062233,0.02729111,0.14437150,0.29394031,0.18402386,0.17414259,0.41932087,0.01864735,0.03829534
-0.48324162,0.85069805,0.02568501,0.14297554,0.29642113,0.17767247,0.16831893,0.39849078,0.01793818,0.03458121
-0.47723862,0.82515497,0.02417362,0.14212676,0.29992738,0.17319934,0.16385959,0.37888303,0.01725795,0.03137694
-0.47123562,0.80373238,0.02274539,0.14181218,0.30430401,0.17040997,0.16066511,0.36058254,0.01660748,0.02862715
-0.46523262,0.78612517,0.02139075,0.14200277,0.30937596,0.16910027,0.15862263,0.34365529,0.01598714,0.02627994
-0.45922961,0.77199114,0.02010239,0.14265376,0.31495155,0.16905997,0.15760995,0.32814905,0.01539680,0.02428766
-0.45322661,0.76096008,0.01887547,0.14370573,0.32082662,0.17007632,0.15750009,0.31409501,0.01483578,0.02260737
-0.44722361,0.75264479,0.01770773,0.14508648,0.32678952,0.17193801,0.15816606,0.30151034,0.01430284,0.02120134
-0.44122061,0.74665359,0.01659951,0.14671364,0.33262676,0.17443922,0.15948584,0.29040145,0.01379633,0.02003720
-0.43521761,0.74260418,0.01555373,0.14849786,0.33812933,0.17738399,0.16134739,0.28076789,0.01331423,0.01908825
-0.42921461,0.74013824,0.01457575,0.15034664,0.34309919,0.18059056,0.16365348,0.27260656,0.01285432,0.01833348
-0.42321161,0.73893612,0.01367326,0.15216841,0.34735607,0.18389571,0.16632616,0.26591600,0.01241440,0.01775762
-0.41720860,0.73873111,0.01285602,0.15387685,0.35074387,0.18715891,0.16931063,0.26070050,0.01199243,0.01735117
-0.41120560,0.73932223,0.01213566,0.15539514,0.35313675,0.19026607,0.17257843,0.25697359,0.01158677,0.01711024
-0.40520260,0.74058508,0.01152541,0.15665992,0.35444424,0.19313270,0.17612958,0.25476086,0.01119632,0.01703645
-0.39919960,0.74247980,0.01103975,0.15762490,0.35461536,0.19570635,0.17999367,0.25410163,0.01082072,0.01713663
-0.39319660,0.74505566,0.01069414,0.15826365,0.35364132,0.19796806,0.18422964,0.25504946,0.01046044,0.01742250
-0.38719360,0.74845163,0.01050464,0.15857166,0.35155663,0.19993271,0.18892431,0.25767121,0.01011685,0.01791019
-0.38119060,0.75289277,0.01048755,0.15856741,0.34843857,0.20164820,0.19418948,0.26204481,0.00979230,0.01861965
-0.37518759,0.75868219,0.01065897,0.15829239,0.34440483,0.20319328,0.20015779,0.26825547,0.00948998,0.01957392
-0.36918459,0.76618878,0.01103440,0.15781002,0.33960941,0.20467414,0.20697737,0.27639087,0.00921395,0.02079821
-0.36318159,0.77583089,0.01162824,0.15720350,0.33423700,0.20621978,0.21480547,0.28653514,0.00896890,0.02231892
-0.35717859,0.78805673,0.01245328,0.15657269,0.32849585,0.20797625,0.22380131,0.29876219,0.00876003,0.02416244
-0.35117559,0.80332210,0.01352018,0.15603002,0.32260957,0.21009996,0.23411842,0.31312872,0.00859279,0.02635388
-0.34517259,0.82206640,0.01483691,0.15569574,0.31680818,0.21275031,0.24589692,0.32966717,0.00847264,0.02891568
-0.33916958,0.84468806,0.01640819,0.15569266,0.31131869,0.21608185,0.25925585,0.34837923,0.00840477,0.03186623
-0.33316658,0.87152050,0.01823493,0.15614045,0.30635586,0.22023645,0.27428629,0.36923022,0.00839385,0.03521838
-0.32716358,0.90280974,0.02031373,0.15715007,0.30211330,0.22533561,0.29104522,0.39214483,0.00844377,0.03897813
-0.32116058,0.93869499,0.02263640,0.15881825,0.29875551,0.23147335,0.30955084,0.41700454,0.00855738,0.04314332
-0.31515758,0.97919307,0.02518965,0.16122244,0.29641115,0.23871007,0.32977934,0.44364694,0.00873630,0.04770262
-0.30915458,1.02418769,0.02795477,0.16441650,0.29516791,0.24706761,0.35166347,0.47186728,0.00898081,0.05263465
-0.30315158,1.07342428,0.03090763,0.16842719,0.29506910,0.25652575,0.37509307,0.50142217,0.00928970,0.05790751
-0.29714857,1.12651077,0.03401868,0.17325175,0.29611235,0.26702041,0.39991751,0.53203548,0.00966029,0.06347863
-0.29114557,1.18292462,0.03725329,0.17885673,0.29825019,0.27844376,0.42595003,0.56340611,0.01008842,0.06929505
-0.28514257,1.24202585,0.04057221,0.18517797,0.30139275,0.29064611,0.45297378,0.59521756,0.01056864,0.07529414
-0.27913957,1.30307579,0.04393228,0.19212206,0.30541225,0.30343974,0.48074931,0.62714858,0.01109430,0.08140479
-0.27313657,1.36526074,0.04728734,0.19956893,0.31014926,0.31660451,0.50902320,0.65888464,0.01165789,0.08754907
-0.26713357,1.42771974,0.05058930,0.20737573,0.31542027,0.32989505,0.53753730,0.69012953,0.01225128,0.09364422
-0.26113057,1.48957505,0.05378935,0.21538179,0.32102629,0.34304927,0.56603824,0.72061652,0.01286613,0.09960514
-0.25512756,1.54996435,0.05683936,0.22341441,0.32676214,0.35579787,0.59428662,0.75011847,0.01349426,0.10534701
-0.24912456,1.60807285,0.05969319,0.23129533,0.33242586,0.36787452,0.62206546,0.77845639,0.01412808,0.11078823
-0.24312156,1.66316427,0.06230815,0.23884763,0.33782804,0.37902615,0.64918748,0.80550594,0.01476102,0.11585338
-0.23711856,1.71460892,0.06464624,0.24590266,0.34280035,0.38902311,0.67550085,0.83120158,0.01538793,0.12047606
-0.23111556,1.76190802,0.06667539,0.25230683,0.34720322,0.39766857,0.70089304,0.85553814,0.01600550,0.12460173
-0.22511256,1.80471286,0.06837045,0.25792786,0.35093208,0.40480696,0.72529280,0.87856968,0.01661260,0.12819002
-0.21910955,1.84283819,0.06971393,0.26266029,0.35392206,0.41033086,0.74867001,0.90040590,0.01721051,0.13121681
-0.21310655,1.87626927,0.07069655,0.26642994,0.35615090,0.41418625,0.77103367,0.92120624,0.01780321,0.13367571
-0.20710355,1.90516237,0.07131737,0.26919710,0.35764000,0.41637575,0.79242809,0.94117201,0.01839740,0.13557886
-0.20110055,1.92983875,0.07158374,0.27095837,0.35845363,0.41695975,0.81292776,0.96053725,0.01900261,0.13695724
-0.19509755,1.95077273,0.07151087,0.27174699,0.35869629,0.41605549,0.83263102,0.97955865,0.01963104,0.13786012
-0.18909455,1.96857418,0.07112117,0.27163166,0.35850853,0.41383388,0.85165325,0.99850522,0.02029741,0.13835396
-0.18309155,1.98396667,0.07044332,0.27071384,0.35806130,0.41051450,0.87011982,1.01764834,0.02101863,0.13852059
-0.17708854,1.99776199,0.06951120,0.26912380,0.35754916,0.40635874,0.88815934,1.03725254,0.02181341,0.13845480
-0.17108554,2.01083240,0.06836260,0.26701534,0.35718280,0.40166154,0.90589752,1.05756753,0.02270179,0.13826156
-0.16508254,2.02408149,0.06703799,0.26455967,0.35718091,0.39674193,0.92345204,1.07882174,0.02370451,0.13805268
-0.15907954,2.03841498,0.06557918,0.26193852,0.35776206,0.39193278,0.94092847,1.10121746,0.02484242,0.13794333
-0.15307654,2.05471221,0.06402802,0.25933690,0.35913672,0.38757020,0.95841751,1.12492754,0.02613574,0.13804843
-0.14707354,2.07379926,0.06242533,0.25693575,0.36149964,0.38398283,0.97599344,1.15009359,0.02760337,0.13847900
-0.14107054,2.09642441,0.06080984,0.25490481,0.36502313,0.38148148,0.99371364,1.17682525,0.02926211,0.13933867
-0.13506753,2.12323625,0.05921735,0.25339600,0.36985111,0.38034943,1.01161896,1.20520023,0.03112591,0.14072045
-0.12906453,2.15476502,0.05768012,0.25253755,0.37609424,0.38083361,1.02973477,1.23526475,0.03320519,0.14270386
-0.12306153,2.19140708,0.05622645,0.25242921,0.38382623,0.38313702,1.04807223,1.26703382,0.03550613,0.14535252
-0.11705853,2.23341282,0.05488039,0.25313845,0.39308133,0.38741241,1.06662958,1.30049118,0.03803007,0.14871218
-0.11105553,2.28087785,0.05366171,0.25469808,0.40385294,0.39375753,1.08539316,1.33558851,0.04077299,0.15280945
-0.10505253,2.33373750,0.05258598,0.25710516,0.41609339,0.40221185,1.10433791,1.37224377,0.04372511,0.15765095
-0.09904952,2.39176462,0.05166473,0.26032118,0.42971478,0.41275504,1.12342725,1.41033883,0.04687060,0.16322317
-0.09304652,2.45457055,0.05090581,0.26427362,0.44459079,0.42530694,1.14261239,1.44971636,0.05018746,0.16949283
-0.08704352,2.52160941,0.05031365,0.26885862,0.46055929,0.43972915,1.16183103,1.49017646,0.05364755,0.17640779
-0.08104052,2.59218578,0.04988961,0.27394473,0.47742580,0.45582825,1.18100571,1.53147351,0.05721683,0.18389845
-0.07503752,2.66546570,0.04963234,0.27937753,0.49496756,0.47336027,1.20004208,1.57331356,0.06085575,0.19187958
-0.06903452,2.74049131,0.04953804,0.28498497,0.51293815,0.49203669,1.21882735,1.61535315,0.06451992,0.20025248
-0.06303152,2.81619899,0.04960069,0.29058318,0.53107260,0.51153147,1.23722939,1.65719992,0.06816089,0.20890746
-0.05702851,2.89144100,0.04981225,0.29598252,0.54909290,0.53148922,1.25509663,1.69841553,0.07172717,0.21772652
-0.05102551,2.96501063,0.05016275,0.30099382,0.56671382,0.55153416,1.27225928,1.73852132,0.07516546,0.22658617
-0.04502251,3.03567029,0.05064035,0.30543438,0.58364888,0.57127978,1.28853191,1.77700685,0.07842199,0.23536022
-0.03901951,3.10218227,0.05123138,0.30913375,0.59961658,0.59033881,1.30371764,1.81334128,0.08144397,0.24392273
-0.03301651,3.16334132,0.05192035,0.31193906,0.61434659,0.60833352,1.31761383,1.84698742,0.08418118,0.25215067
-0.02701351,3.21800830,0.05268992,0.31371966,0.62758585,0.62490576,1.33001920,1.87741784,0.08658754,0.25992660
-0.02101051,3.26514377,0.05352099,0.31437117,0.63910458,0.63972674,1.34074221,1.90413259,0.08862268,0.26714105
-0.01500750,3.30384037,0.05439271,0.31381867,0.64870184,0.65250608,1.34961005,1.92667748,0.09025341,0.27369471
-0.00900450,3.33335276,0.05528270,0.31201896,0.65621075,0.66299996,1.35647815,1.94466211,0.09145505,0.27950031
-0.00300150,3.35312383,0.05616723,0.30896205,0.66150297,0.67101801,1.36123929,1.95777667,0.09221258,0.28448423
0.00300150,3.36280602,0.05702161,0.30467161,0.66449254,0.67642886,1.36383201,1.96580648,0.09252149,0.28858773
0.00900450,3.36227671,0.05782056,0.29920456,0.66513874,0.67916393,1.36424766,1.96864339,0.09238834,0.29176788
0.01500750,3.35164672,0.05853877,0.29264976,0.66344799,0.67921948,1.36253548,1.96629341,0.09183099,0.29399812
0.02101051,3.33126155,0.05915154,0.28512588,0.65947456,0.67665671,1.35880544,1.95887991,0.09087841,0.29526852
0.02701351,3.30169475,0.05963544,0.27677852,0.65332020,0.67160000,1.35322837,1.94664218,0.08957019,0.29558560
0.03301651,3.26373379,0.05996905,0.26777659,0.64513248,0.66423310,1.34603316,1.92992927,0.08795559,0.29497194
0.03901951,3.21835850,0.06013374,0.25830819,0.63510198,0.65479361,1.33750111,1.90918940,0.08609227,0.29346534
0.04502251,3.16671296,0.06011444,0.24857598,0.62345828,0.64356573,1.32795739,1.88495520,0.08404473,0.29111779
0.05102551,3.11007164,0.05990026,0.23879213,0.61046493,0.63087156,1.31775989,1.85782575,0.08188240,0.28799406
0.05702851,3.04980117,0.05948520,0.22917316,0.59641347,0.61706124,1.30728594,1.82844597,0.07967761,0.28417008
0.06303152,2.98731889,0.05886862,0.21993452,0.58161665,0.60250217,1.29691731,1.79748444,0.07750333,0.27973106
0.06903452,2.92404981,0.05805557,0.21128526,0.56640109,0.58756780,1.28702415,1.76561066,0.07543094,0.27476939
0.07503752,2.86138347,0.05705702,0.20342275,0.55109955,0.57262617,1.27794860,1.73347261,0.07352792,0.26938245
0.08104052,2.80063222,0.05588985,0.19652771,0.53604296,0.55802870,1.26998872,1.70167577,0.07185572,0.26367020
0.08704352,2.74299229,0.05457662,0.19075948,0.52155254,0.54409957,1.26338362,1.67076416,0.07046775,0.25773280
0.09304652,2.68950901,0.05314523,0.18625180,0.50793219,0.53112599,1.25830032,1.64120429,0.06940762,0.25166815
0.09904952,2.64104721,0.05162827,0.18310912,0.49546127,0.51934980,1.25482310,1.61337245,0.06870772,0.24556956
0.10505253,2.59826780,0.05006229,0.18140348,0.48438804,0.50896048,1.25294595,1.58754572,0.06838814,0.23952351
0.11105553,2.56161108,0.04848685,0.18117220,0.47492393,0.50009000,1.25256845,1.56389683,0.06845596,0.23360765
0.11705853,2.53128729,0.04694345,0.18241624,0.46723863,0.49280955,1.25349534,1.54249286,0.06890503,0.22788897
0.12306153,2.50727452,0.04547441,0.18509952,0.46145637,0.48712828,1.25544018,1.52329764,0.06971611,0.22242245
0.12906453,2.48932382,0.04412163,0.18914899,0.45765316,0.48299415,1.25803270,1.50617759,0.07085746,0.21724997
0.13506753,2.47697143,0.04292535,0.19445582,0.45585525,0.48029677,1.26082993,1.49091044,0.07228593,0.21239966
0.14107054,2.46955727,0.04192293,0.20087731,0.45603878,0.47887212,1.26333064,1.47719657,0.07394824,0.20788572
0.14707354,2.46624926,0.04114766,0.20823990,0.45813054,0.47850906,1.26499244,1.46467222,0.07578277,0.20370869
0.15307654,2.46607234,0.04062768,0.21634303,0.46200985,0.47895738,1.26525112,1.45292420,0.07772151,0.19985609
0.15907954,2.46794134,0.04038500,0.22496373,0.46751152,0.47993691,1.26354117,1.44150537,0.07969224,0.19630355
0.16508254,2.47069647,0.04043466,0.23386212,0.47442972,0.48114767,1.25931692,1.42995049,0.08162081,0.19301623
0.17108554,2.47314024,0.04078410,0.24278735,0.48252280,0.48228041,1.25207317,1.41779184,0.08343347,0.18995055
0.17708854,2.47407462,0.04143266,0.25148410,0.49151880,0.48302729,1.24136453,1.40457424,0.08505918,0.18705612
0.18309155,2.47233733,0.04237139,0.25969931,0.50112158,0.48309226,1.22682275,1.38986892,0.08643175,0.18427787
0.18909455,2.46683598,0.04358298,0.26718894,0.51101747,0.48220080,1.20817112,1.37328608,0.08749178,0.18155819
0.19509755,2.45657921,0.04504198,0.27372465,0.52088228,0.48010867,1.18523551,1.35448576,0.08818838,0.17883902
0.20110055,2.44070381,0.04671529,0.27910004,0.53038850,0.47660932,1.15795154,1.33318683,0.08848050,0.17606389
0.20710355,2.41849731,0.04856286,0.28313629,0.53921258,0.47153982,1.12636766,1.30917398,0.08833792,0.17317981
0.21310655,2.38941534,0.05053857,0.28568705,0.54704212,0.46478506,1.09064416,1.28230278,0.08774190,0.17013891
0.21910955,2.35309360,0.05259142,0.28664230,0.55358287,0.45628019,1.05104813,1.25250256,0.08668532,0.16689984
0.22511256,2.30935437,0.05466687,0.28593112,0.55856535,0.44601125,1.00794491,1.21977747,0.08517254,0.16342893
0.23111556,2.25820764,0.05670830,0.28352320,0.56175094,0.43401409,0.96178637,1.18420566,0.08321879,0.15970108
0.23711856,2.19984714,0.05865863,0.27942912,0.56293745,0.42037169,0.91309679,1.14593688,0.08084935,0.15570028
0.24312156,2.13464197,0.06046199,0.27369938,0.56196378,0.40521011,0.86245698,1.10518862,0.07809829,0.15142004
0.24912456,2.06312418,0.06206546,0.26642218,0.55871381,0.38869328,0.81048749,1.06224110,0.07500717,0.14686341
0.25512756,1.98597319,0.06342062,0.25772013,0.55311930,0.37101697,0.75783168,1.01743137,0.07162345,0.14204293
0.26113057,1.90399777,0.06448517,0.24774607,0.54516168,0.35240217,0.70513934,0.97114670,0.06799888,0.13698031
0.26713357,1.81811629,0.06522426,0.23667806,0.53487280,0.33308824,0.65305158,0.92381758,0.06418784,0.13170599
0.27313657,1.72933610,0.06561163,0.22471394,0.52233441,0.31332603,0.60218748,0.87591050,0.06024581,0.12625856
0.27913957,1.63873258,0.06563052,0.21206553,0.50767661,0.29337135,0.55313284,0.82792072,0.05622779,0.12068408
0.28514257,1.54742851,0.06527420,0.19895280,0.49107504,0.27347892,0.50643143,0.78036511,0.05218706,0.11503530
0.29114557,1.45657424,0.06454620,0.18559822,0.47274712,0.25389695,0.46257856,0.73377531,0.04817396,0.10937077
0.29714857,1.36732897,0.06346023,0.17222146,0.45294728,0.23486255,0.42201713,0.68869101,0.04423499,0.10375396
0.30315158,1.28084333,0.06203966,0.15903462,0.43196131,0.21659801,0.38513577,0.64565366,0.04041211,0.09825218
0.30915458,1.19824345,0.06031674,0.14623811,0.41010015,0.19930787,0.35226877,0.60520028,0.03674224,0.09293554
0.31515758,1.12061643,0.05833154,0.13401737,0.38769317,0.18317695,0.32369749,0.56785754,0.03325699,0.08787580
0.32116058,1.04899715,0.05613057,0.12254026,0.36508111,0.16836906,0.29965261,0.53413588,0.02998266,0.08314517
0.32716358,0.98435624,0.05376528,0.11195531,0.34260907,0.15502640,0.28031689,0.50452366,0.02694028,0.07881505
0.33316658,0.92758912,0.05129037,0.10239074,0.32061958,0.14326959,0.26582789,0.47948111,0.02414596,0.07495473
0.33916958,0.87950571,0.04876209,0.09395409,0.29944601,0.13319807,0.25628029,0.45943423,0.02161125,0.07163005
0.34517259,0.84082091,0.04623655,0.08673246,0.27940648,0.12489078,0.25172749,0.44476830,0.01934363,0.06890210
0.35117559,0.81214547,0.04376803,0.08079322,0.26079847,0.11840714,0.25218230,0.43582120,0.01734702,0.06682589
0.35717859,0.79397734,0.04140755,0.07618501,0.24389411,0.11378797,0.25761646,0.43287654,0.01562239,0.06544907
0.36318159,0.78669348,0.03920151,0.07293896,0.22893631,0.11105649,0.26795930,0.43615652,0.01416829,0.06481073
0.36918459,0.79054220,0.03719067,0.07106995,0.21613578,0.11021922,0.28309534,0.44581495,0.01298140,0.06494037
0.37518759,0.80563622,0.03540931,0.07057796,0.20566878,0.11126678,0.30286135,0.46193036,0.01205700,0.06585692
0.38119060,0.83194679,0.03388472,0.07144915,0.19767576,0.11417452,0.32704302,0.48449965,0.01138943,0.06756801
0.38719360,0.86929909,0.03263701,0.07365693,0.19226064,0.11890304,0.35537177,0.51343247,0.01097243,0.07006947
0.39319660,0.91736934,0.03167910,0.07716271,0.18949072,0.12539862,0.38752206,0.54854673,0.01079942,0.07334500
0.39919960,0.97568397,0.03101711,0.08191653,0.18939717,0.13359354,0.42310964,0.58956547,0.01086371,0.07736619
0.40520260,1.04362131,0.03065089,0.08785748,0.19197582,0.14340639,0.46169128,0.63611560,0.01115860,0.08209279
0.41120560,1.12041590,0.03057477,0.09491389,0.19718834,0.15474234,0.50276617,0.68772858,0.01167746,0.08747322
0.41720860,1.20516594,0.03077851,0.10300355,0.20496360,0.16749356,0.54577944,0.74384344,0.01241362,0.09344546
0.42321161,1.29684374,0.03124830,0.11203377,0.21519919,0.18153963,0.59012783,0.80381228,0.01336031,0.09993809
0.42921461,1.39430942,0.03196781,0.12190156,0.22776299,0.19674813,0.63516770,0.86690823,0.01451048,0.10687168
0.43521761,1.49632752,0.03291929,0.13249389,0.24249495,0.21297537,0.68022517,0.93233601,0.01585660,0.11416027
0.44122061,1.60158639,0.03408452,0.14368811,0.25920875,0.23006732,0.72460823,0.99924469,0.01739037,0.12171307
0.44722361,1.70871992,0.03544571,0.15535265,0.27769374,0.24786062,0.76762044,1.06674273,0.01910245,0.12943623
0.45322661,1.81633102,0.03698623,0.16734804,0.29771695,0.26618387,0.80857580,1.13391463,0.02098221,0.13723464
0.45922961,1.92301637,0.03869112,0.17952824,0.31902528,0.28485901,0.84681424,1.19983895,0.02301738,0.14501370
0.46523262,2.02739159,0.04054735,0.19174235,0.34134808,0.30370286,0.88171708,1.26360707,0.02519385,0.15268106
0.47123562,2.12811630,0.04254391,0.20383667,0.36439989,0.32252881,0.91272195,1.32434219,0.02749541,0.16014812
0.47723862,2.22391824,0.04467156,0.21565716,0.38788376,0.34114866,0.93933641,1.38121793,0.02990362,0.16733147
0.48324162,2.31361586,0.04692241,0.22705218,0.41149486,0.35937456,0.96114990,1.43347606,0.03239766,0.17415404
0.48924462,2.39613879,0.04928929,0.23787549,0.43492462,0.37702103,0.97784344,1.48044261,0.03495436,0.18054605
0.49524762,2.47054572,0.05176487,0.24798943,0.45786525,0.39390713,0.98919672,1.52154209,0.03754827,0.18644571
0.50125063,2.53603933,0.05434079,0.25726822,0.48001471,0.40985873,0.99509237,1.55630928,0.04015183,0.19179974
0.50725363,2.59197798,0.05700663,0.26560114,0.50108192,0.42471081,0.99551731,1.58439835,0.04273572,0.19656365
0.51325663,2.63788412,0.05974895,0.27289569,0.52079217,0.43830992,0.99056115,1.60558896,0.04526924,0.20070180
0.51925963,2.67344929,0.06255041,0.27908036,0.53889265,0.45051658,0.98041191,1.61978943,0.04772081,0.20418741
0.52526263,2.69853593,0.06538905,0.28410708,0.55515771,0.46120776,0.96534910,1.62703674,0.05005866,0.20700243
0.53126563,2.71317595,0.06823782,0.28795309,0.56939390,0.47027932,0.94573481,1.62749368,0.05225147,0.20913730
0.53726863,2.71756644,0.07106436,0.29062218,0.58144448,0.47764829,0.92200298,1.62144305,0.05426921,0.21059076
0.54327164,2.71206263,0.07383111,0.29214523,0.59119310,0.48325503,0.89464736,1.60927937,0.05608392,0.21136957
0.54927464,2.69716831,0.07649583,0.29257991,0.59856673,0.48706508,0.86420875,1.59149825,0.05767054,0.21148831
0.55527764,2.67352405,0.07901232,0.29200955,0.60353735,0.48907070,0.83126184,1.56868381,0.05900777,0.21096915
0.56128064,2.64189329,0.08133165,0.29054110,0.60612251,0.48929190,0.79640207,1.54149442,0.06007880,0.20984160
0.56728364,2.60314659,0.08340351,0.28830233,0.60638466,0.48777696,0.76023296,1.51064722,0.06087202,0.20814230
0.57328664,2.55824428,0.08517789,0.28543821,0.60442904,0.48460234,0.72335423,1.47690178,0.06138156,0.20591472
0.57928964,2.50821757,0.08660682,0.28210657,0.60040037,0.47987183,0.68635083,1.44104321,0.06160772,0.20320879
0.58529265,2.45414860,0.08764624,0.27847332,0.59447825,0.47371508,0.64978323,1.40386514,0.06155723,0.20008044
0.59129565,2.39714943,0.08825775,0.27470717,0.58687162,0.46628522,0.61417894,1.36615302,0.06124326,0.19659098
0.59729865,2.33834052,0.08841030,0.27097424,0.57781219,0.45775593,0.58002551,1.32866794,0.06068529,0.19280630
0.60330165,2.27882899,0.08808156,0.26743262,0.56754732,0.44831770,0.54776488,1.29213153,0.05990871,0.18879594
0.60930465,2.21968717,0.08725909,0.26422718,0.55633255,0.43817359,0.51778911,1.25721210,0.05894425,0.18463195
0.61530765,2.16193184,0.08594105,0.26148483,0.54442397,0.42753445,0.49043755,1.22451256,0.05782716,0.18038757
0.62131066,2.10650497,0.08413651,0.25931037,0.53207092,0.41661388,0.46599529,1.19456022,0.05659624,0.17613584
0.62731366,2.05425624,0.08186541,0.25778319,0.51950917,0.40562302,0.44469283,1.16779897,0.05529277,0.17194803
0.63331666,2.00592828,0.07915804,0.25695488,0.50695492,0.39476543,0.42670696,1.14458386,0.05395922,0.16789219
0.63931966,1.96214486,0.07605409,0.25684801,0.49459984,0.38423212,0.41216271,1.12517844,0.05263798,0.16403152
0.64532266,1.92340280,0.07260142,0.25745596,0.48260734,0.37419712,0.40113623,1.10975486,0.05137004,0.16042308
0.65132566,1.89006778,0.06885457,0.25874393,0.47111027,0.36481360,0.39365853,1.09839667,0.05019371,0.15711649
0.65732866,1.86237432,0.06487298,0.26065108,0.46020998,0.35621072,0.38971994,1.09110443,0.04914343,0.15415298
0.66333167,1.84043009,0.06071921,0.26309369,0.44997688,0.34849146,0.38927512,1.08780362,0.04824868,0.15156466
0.66933467,1.82422414,0.05645702,0.26596919,0.44045230,0.34173129,0.39224835,1.08835476,0.04753315,0.14937419
0.67533767,1.81363893,0.05214965,0.26916091,0.43165164,0.33597793,0.39853913,1.09256524,0.04701405,0.14759471
0.68134067,1.80846542,0.04785812,0.27254329,0.42356842,0.33125204,0.40802758,1.10020211,0.04670169,0.14623021
0.68734367,1.80842056,0.04363981,0.27598738,0.41617918,0.32754884,0.42057968,1.11100560,0.04659937,0.14527617
0.69334667,1.81316622,0.03954727,0.27936623,0.40944879,0.32484052,0.43605197,1.12470225,0.04670349,0.14472052
0.69934967,1.82232858,0.03562730,0.28256008,0.40333597,0.32307939,0.45429557,1.14101737,0.04700396,0.14454483
0.70535268,1.83551696,0.03192042,0.28546098,0.39779852,0.32220142,0.47515935,1.15968584,0.04748486,0.14472567
0.71135568,1.85234110,0.02846050,0.28797670,0.39279833,0.32213015,0.49849212,1.18046098,0.04812532,0.14523607
0.71735868,1.87242595,0.02527485,0.29003372,0.38830549,0.32278072,0.52414376,1.20312071,0.04890057,0.14604701
0.72336168,1.89542329,0.02238441,0.29157915,0.38430164,0.32406367,0.55196526,1.22747094,0.04978313,0.14712881
0.72936468,1.92101952,0.01980429,0.29258157,0.38078225,0.32588863,0.58180777,1.25334591,0.05074405,0.14845247
0.73536768,1.94893954,0.01754437,0.29303077,0.37775779,0.32816738,0.61352081,1.28060559,0.05175421,0.14999073
0.74137069,1.97894649,0.01561011,0.29293637,0.37525384,0.33081649,0.64694977,1.30913034,0.05278552,0.15171900
0.74737369,2.01083786,0.01400340,0.29232554,0.37331014,0.33375923,0.68193301,1.33881338,0.05381202,0.15361600
0.75337669,2.04443826,0.01272338,0.29123991,0.37197880,0.33692674,0.71829887,1.36955155,0.05481086,0.15566414
0.75937969,2.07958979,0.01176730,0.28973191,0.37132175,0.34025865,0.75586287,1.40123518,0.05576304,0.15784964
0.76538269,2.11614077,0.01113128,0.28786076,0.37140780,0.34370292,0.79442548,1.43373786,0.05665392,0.16016251
0.77138569,2.15393397,0.01081096,0.28568835,0.37230927,0.34721523,0.83377062,1.46690691,0.05747349,0.16259625
0.77738869,2.19279525,0.01080204,0.28327528,0.37409883,0.35075789,0.87366530,1.50055541,0.05821641,0.16514747
0.78339170,2.23252362,0.01110066,0.28067722,0.37684625,0.35429845,0.91386039,1.53445633,0.05888171,0.16781538
0.78939470,2.27288361,0.01170358,0.27794196,0.38061572,0.35780824,0.95409276,1.56833950,0.05947242,0.17060127
0.79539770,2.31360046,0.01260830,0.27510703,0.38546347,0.36126078,0.99408856,1.60189164,0.05999485,0.17350795
0.80140070,2.35435877,0.01381295,0.27219827,0.39143601,0.36463046,1.03356780,1.63475961,0.06045785,0.17653923
0.80740370,2.39480450,0.01531600,0.26922926,0.39856883,0.36789139,1.07224963,1.66655687,0.06087193,0.17969944
0.81340670,2.43455046,0.01711594,0.26620158,0.40688564,0.37101662,1.10985848,1.69687276,0.06124833,0.18299298
0.81940970,2.47318476,0.01921079,0.26310597,0.41639793,0.37397771,1.14613025,1.72528414,0.06159810,0.18642400
0.82541271,2.51028176,0.02159753,0.25992415,0.42710480,0.37674482,1.18081853,1.75136879,0.06193135,0.18999605
0.83141571,2.54541469,0.02427151,0.25663122,0.43899296,0.37928706,1.21370029,1.77471967,0.06225643,0.19371178
0.83741871,2.57816917,0.02722580,0.25319846,0.45203656,0.38157331,1.24458067,1.79495936,0.06257943,0.19757268
0.84342171,2.60815664,0.03045058,0.24959635,0.46619700,0.38357324,1.27329665,1.81175374,0.06290376,0.20157877
0.84942471,2.63502697,0.03393262,0.24579754,0.48142238,0.38525857,1.29971936,1.82482418,0.06322995,0.20572830
0.85542771,2.65847931,0.03765471,0.24177967,0.49764666,0.38660436,1.32375482,1.83395754,0.06355561,0.21001733
0.86143072,2.67827061,0.04159540,0.23752782,0.51478858,0.38759030,1.34534321,1.83901349,0.06387562,0.21443936
0.86743372,2.69422132,0.04572868,0.23303644,0.53275029,0.38820185,1.36445661,1.83992871,0.06418243,0.21898483
0.87343672,2.70621801,0.05002395,0.22831069,0.55141592,0.38843112,1.38109548,1.83671781,0.06446653,0.22364067
0.87943972,2.71421276,0.05444619,0.22336706,0.57065015,0.38827740,1.39528406,1.82947107,0.06471698,0.22838976
0.88544272,2.71821959,0.05895617,0.21823330,0.59029710,0.38774739,1.40706503,1.81834906,0.06492206,0.23321048
0.89144572,2.71830807,0.06351105,0.21294764,0.61017970,0.38685492,1.41649375,1.80357451,0.06506986,0.23807632
0.89744872,2.71459474,0.06806498,0.20755738,0.63009973,0.38562028,1.42363245,1.78542206,0.06514891,0.24295558
0.90345173,2.70723281,0.07257003,0.20211688,0.64983877,0.38406917,1.42854465,1.76420629,0.06514873,0.24781123
0.90945473,2.69640091,0.07697711,0.19668518,0.66916021,0.38223123,1.43129023,1.74026870,0.06506034,0.25260093
0.91545773,2.68229142,0.08123711,0.19132322,0.68781238,0.38013838,1.43192122,1.71396451,0.06487656,0.25727731
0.92146073,2.66509928,0.08530205,0.18609104,0.70553287,0.37782289,1.43047867,1.68564961,0.06459234,0.26178846
0.92746373,2.64501171,0.08912623,0.18104486,0.72205393,0.37531540,1.42699062,1.65566856,0.06420480,0.26607860
0.93346673,2.62219958,0.09266740,0.17623443,0.73710892,0.37264300,1.42147121,1.62434404,0.06371329,0.27008909
0.93946973,2.59681068,0.09588781,0.17170064,0.75043944,0.36982736,1.41392104,1.59196815,0.06311925,0.27375957
0.94547274,2.56896548,0.09875514,0.16747362,0.76180311,0.36688329,1.40432848,1.55879604,0.06242595,0.27702936
0.95147574,2.53875533,0.10124327,0.16357131,0.77098137,0.36381744,1.39267209,1.52504193,0.06163824,0.27983890
0.95747874,2.50624340,0.10333288,0.15999876,0.77778731,0.36062768,1.37892384,1.49087767,0.06076217,0.28213141
0.96348174,2.47146810,0.10501176,0.15674798,0.78207287,0.35730280,1.36305295,1.45643378,0.05980460,0.28385451
0.96948474,2.43444892,0.10627497,0.15379859,0.78373524,0.35382286,1.34503034,1.42180283,0.05877281,0.28496191
0.97548774,2.39519427,0.10712470,0.15111901,0.78272205,0.35016010,1.32483333,1.38704483,0.05767416,0.28541490
0.98149075,2.35371108,0.10756997,0.14866834,0.77903523,0.34628034,1.30245056,1.35219439,0.05651574,0.28518389
0.98749375,2.31001546,0.10762611,0.14639864,0.77273310,0.34214490,1.27788690,1.31726905,0.05530414,0.28424961
0.99349675,2.26414401,0.10731407,0.14425771,0.76393081,0.33771294,1.25116815,1.28227845,0.05404529,0.28260422
0.99949975,2.21616509,0.10665962,0.14219209,0.75279890,0.33294413,1.22234549,1.24723370,0.05274434,0.28025203
1.00550275,2.16618955,0.10569241,0.14015013,0.73956010,0.32780147,1.19149937,1.21215657,0.05140572,0.27721000
1.01150575,2.11438018,0.10444510,0.13808509,0.72448444,0.32225421,1.15874284,1.17708784,0.05003318,0.27350788
1.01750875,2.06095942,0.10295232,0.13595805,0.70788281,0.31628067,1.12422397,1.14209444,0.04863004,0.26918804
1.02351176,2.00621480,0.10124980,0.13374049,0.69009927,0.30987086,1.08812748,1.10727501,0.04719941,0.26430487
1.02951476,1.95050170,0.09937346,0.13141641,0.67150226,0.30302875,1.05067513,1.07276345,0.04574451,0.25892391
1.03551776,1.89424318,0.09735861,0.12898400,0.65247516,0.29577404,1.01212498,1.03873038,0.04426898,0.25312063
1.04152076,1.83792662,0.09523928,0.12645657,0.63340640,0.28814342,0.97276934,1.00538229,0.04277732,0.24697884
1.04752376,1.78209734,0.09304757,0.12386299,0.61467950,0.28019113,0.93293138,0.97295850,0.04127520,0.24058896
1.05352676,1.72734915,0.09081318,0.12124735,0.59666335,0.27198891,0.89296033,0.94172593,0.03976979,0.23404596
1.05952976,1.67431229,0.08856304,0.11866804,0.57970302,0.26362525,0.85322545,0.91197205,0.03827012,0.22744724
1.06553277,1.62363907,0.08632102,0.11619622,0.56411145,0.25520395,0.81410877,0.88399623,0.03678730,0.22089033
1.07153577,1.57598784,0.08410772,0.11391371,0.55016212,0.24684213,0.77599681,0.85810003,0.03533470,0.21447070
1.07753877,1.53200591,0.08194047,0.11191054,0.53808306,0.23866770,0.73927162,0.83457678,0.03392806,0.20827961
1.08354177,1.49231208,0.07983326,0.11028206,0.52805221,0.23081632,0.70430132,0.81370099,0.03258554,0.20240202
1.08954477,1.45747962,0.07779690,0.10912583,0.52019436,0.22342822,0.67143053,0.79571824,0.03132765,0.19691494
1.09554777,1.42802016,0.07583918,0.10853843,0.51457959,0.21664460,0.64097110,0.78083577,0.03017711,0.19188584
1.10155078,1.40436943,0.07396514,0.10861217,0.51122328,0.21060419,0.61319347,0.76921447,0.02915862,0.18737160
1.10755378,1.38687514,0.07217738,0.10943193,0.51008763,0.20543962,0.58831913,0.76096239,0.02829851,0.18341772
1.11355678,1.37578747,0.07047647,0.11107220,0.51108450,0.20127412,0.56651431,0.75613025,0.02762439,0.18005798
1.11955978,1.37125257,0.06886140,0.11359433,0.51407954,0.19821833,0.54788549,0.75470890,0.02716465,0.17731444
1.12556278,1.37330897,0.06732998,0.11704417,0.51889722,0.19636747,0.53247664,0.75662895,0.02694786,0.17519787
1.13156578,1.38188703,0.06587939,0.12145012,0.52532679,0.19579890,0.52026853,0.76176231,0.02700220,0.17370842
1.13756878,1.39681120,0.06450658,0.12682159,0.53312869,0.19656998,0.51118003,0.76992570,0.02735471,0.17283661
1.14357179,1.41780483,0.06320869,0.13314811,0.54204136,0.19871652,0.50507140,0.78088561,0.02803058,0.17256441
1.14957479,1.44449705,0.06198343,0.14039881,0.55178805,0.20225151,0.50174945,0.79436466,0.02905231,0.17286655
1.15557779,1.47643155,0.06082928,0.14852264,0.56208357,0.20716447,0.50097421,0.81004875,0.03043892,0.17371178
1.16158079,1.51307646,0.05974567,0.15744906,0.57264068,0.21342113,0.50246696,0.82759487,0.03220511,0.17506407
1.16758379,1.55383532,0.05873297,0.16708940,0.58317602,0.22096366,0.50591924,0.84663900,0.03436044,0.17688382
1.17358679,1.59805841,0.05779238,0.17733872,0.59341547,0.22971131,0.51100233,0.86680392,0.03690854,0.17912879
1.17958979,1.64505436,0.05692565,0.18807820,0.60309881,0.23956151,0.51737698,0.88770663,0.03984649,0.18175498
1.18559280,1.69410168,0.05613473,0.19917808,0.61198376,0.25039148,0.52470299,0.90896512,0.04316419,0.18471727
1.19159580,1.74446011,0.05542132,0.21050085,0.61984928,0.26206019,0.53264810,0.93020443,0.04684398,0.18796989
1.19759880,1.79538169,0.05478627,0.22190491,0.62649825,0.27441080,0.54089613,0.95106191,0.05086041,0.19146677
1.20360180,1.84612143,0.05422910,0.23324820,0.63175950,0.28727349,0.54915398,0.97119167,0.05518024,0.19516173
1.20960480,1.89594767,0.05374742,0.24439210,0.63548933,0.30046865,0.55715733,0.99026828,0.05976268,0.19900861
1.21560780,1.94415207,0.05333649,0.25520498,0.63757249,0.31381028,0.56467492,1.00798986,0.06455988,0.20296137
1.22161081,1.99005913,0.05298879,0.26556568,0.63792276,0.32710973,0.57151137,1.02408052,0.06951770,0.20697417
1.22761381,2.03303528,0.05269390,0.27536650,0.63648305,0.34017945,0.57750856,1.03829246,0.07457671,0.21100146
1.23361681,2.07249739,0.05243834,0.28451557,0.63322520,0.35283674,0.58254561,1.05040763,0.07967344,0.21499815
1.23961981,2.10792048,0.05220579,0.29293867,0.62814929,0.36490746,0.58653765,1.06023912,0.08474174,0.21891977
1.24562281,2.13884442,0.05197739,0.30058017,0.62128270,0.37622938,0.58943341,1.06763229,0.08971441,0.22272278
1.25162581,2.16487949,0.05173223,0.30740316,0.61267861,0.38665520,0.59121203,1.07246560,0.09452474,0.22636476
1.25762881,2.18571036,0.05144809,0.31338880,0.60241426,0.39605506,0.59187906,1.07465111,0.09910819,0.22980480
1.26363182,2.20109846,0.05110220,0.31853472,0.59058868,0.40431844,0.59146210,1.07413465,0.10340393,0.23300372
1.26963482,2.21088237,0.05067215,0.32285287,0.57732009,0.41135538,0.59000613,1.07089549,0.10735627,0.23592435
1.27563782,2.21497638,0.05013683,0.32636658,0.56274287,0.41709698,0.58756887,1.06494554,0.11091586,0.23853178
1.28164082,2.21336700,0.04947734,0.32910728,0.54700426,0.42149526,0.58421634,1.05632799,0.11404076,0.24079351
1.28764382,2.20610772,0.04867781,0.33111100,0.53026080,0.42452224,0.58001882,1.04511541,0.11669707,0.24267956
1.29364682,2.19331236,0.04772617,0.33241476,0.51267466,0.42616859,0.57504738,1.03140734,0.11885940,0.24416261
1.29964982,2.17514715,0.04661473,0.33305321,0.49440990,0.42644165,0.56937124,1.01532742,0.12051099,0.24521810
1.30565283,2.15182236,0.04534050,0.33305570,0.47562891,0.42536330,0.56305591,0.99702030,0.12164352,0.24582432
1.31165583,2.12358384,0.04390546,0.33244393,0.45648910,0.42296758,0.55616232,0.97664836,0.12225677,0.24596264
1.31765883,2.09070510,0.04231647,0.33123038,0.43713996,0.41929831,0.54874702,0.95438860,0.12235797,0.24561782
1.32366183,2.05348049,0.04058505,0.32941764,0.41772070,0.41440702,0.54086336,0.93042972,0.12196105,0.24477845
1.32966483,2.01222000,0.03872697,0.32699861,0.39835843,0.40835103,0.53256362,0.90496980,0.12108585,0.24343758
1.33566783,1.96724595,0.03676168,0.32395773,0.37916707,0.40119205,0.52390208,0.87821455,0.11975721,0.24159345
1.34167084,1.91889186,0.03471156,0.32027292,0.36024697,0.39299528,0.51493875,0.85037639,0.11800416,0.23925046
1.34767384,1.86750342,0.03260118,0.31591836,0.34168519,0.38382899,0.50574371,0.82167432,0.11585912,0.23642017
1.35367684,1.81344142,0.03045646,0.31086778,0.32355642,0.37376461,0.49640163,0.79233463,0.11335719,0.23312242
1.35967984,1.75708630,0.02830384,0.30509808,0.30592441,0.36287724,0.48701640,0.76259224,0.11053565,0.22938641
1.36568284,1.69884364,0.02616948,0.29859298,0.28884388,0.35124648,0.47771534,0.73269263,0.10743343,0.22525164
1.37168584,1.63915016,0.02407859,0.29134665,0.27236261,0.33895746,0.46865290,0.70289394,0.10409080,0.22076872
1.37768884,1.57847921,0.02205473,0.28336679,0.25652368,0.32610181,0.46001335,0.67346914,0.10054908,0.21599985
1.38369185,1.51734517,0.02011939,0.27467720,0.24136760,0.31277862,0.45201226,0.64470766,0.09685044,0.21101886
1.38969485,1.45630598,0.01829154,0.26531953,0.22693422,0.29909497,0.44489650,0.61691652,0.09303772,0.20591092
1.39569785,1.39596314,0.01658738,0.25535409,0.21326435,0.28516616,0.43894257,0.59042022,0.08915419,0.20077158
1.40170085,1.33695869,0.01502022,0.24485974,0.20040078,0.27111525,0.43445303,0.56555941,0.08524334,0.19570535
1.40770385,1.27996883,0.01360040,0.23393274,0.18838885,0.25707217,0.43175116,0.54268806,0.08134855,0.19082370
1.41370685,1.22569417,0.01233535,0.22268467,0.17727633,0.24317209,0.43117365,0.52216887,0.07751268,0.18624254
1.41970985,1.17484660,0.01122971,0.21123950,0.16711281,0.22955324,0.43306156,0.50436704,0.07377758,0.18207927
1.42571286,1.12813321,0.01028548,0.19973005,0.15794842,0.21635422,0.43774979,0.48964238,0.07018351,0.17844934
1.43171586,1.08623766,0.00950222,0.18829381,0.14983211,0.20371083,0.44555514,0.47833996,0.06676848,0.17546273
1.43771886,1.04979996,0.00887726,0.17706863,0.14280949,0.19175266,0.45676362,0.47077950,0.06356756,0.17322012
1.44372186,1.01939507,0.00840590,0.16618822,0.13692040,0.18059957,0.47161715,0.46724402,0.06061213,0.17180919
1.44972486,0.99551175,0.00808162,0.15577783,0.13219631,0.17035816,0.49030039,0.46796792,0.05792920,0.17130108
1.45572786,0.97853210,0.00789626,0.14595030,0.12865776,0.16111848,0.51292799,0.47312532,0.05554072,0.17174707
1.46173087,0.96871319,0.00784017,0.13680257,0.12631184,0.15295111,0.53953300,0.48281878,0.05346300,0.17317587
1.46773387,0.96617131,0.00790240,0.12841290,0.12515002,0.14590479,0.57005696,0.49706936,0.05170628,0.17559138
1.47373687,0.97086994,0.00807080,0.12083875,0.12514634,0.14000461,0.60434204,0.51580821,0.05027440,0.17897123
1.47973987,0.98261182,0.00833220,0.11411562,0.12625607,0.13525104,0.64212594,0.53887033,0.04916461,0.18326606
1.48574287,1.00103592,0.00867251,0.10825656,0.12841497,0.13161963,0.68303981,0.56599095,0.04836763,0.18839966
1.49174587,1.02561940,0.00907691,0.10325260,0.13153923,0.12906156,0.72660960,0.59680483,0.04786781,0.19427008
1.49774887,1.05568484,0.00953002,0.09907391,0.13552601,0.12750501,0.77226094,0.63084869,0.04764354,0.20075144
1.50375188,1.09041264,0.01001608,0.09567158,0.14025471,0.12685720,0.81932782,0.66756703,0.04766775,0.20769680
1.50975488,1.12885828,0.01051917,0.09298008,0.14558891,0.12700715,0.86706478,0.70632121,0.04790861,0.21494160
1.51575788,1.16997412,0.01102350,0.09092004,0.15137887,0.12782895,0.91466261,0.74640174,0.04833033,0.22230797
1.52176088,1.21263492,0.01151366,0.08940147,0.15746465,0.12918552,0.96126701,0.78704344,0.04889410,0.22960943
1.52776388,1.25566650,0.01197490,0.08832704,0.16367963,0.13093266,1.00599979,0.82744321,0.04955907,0.23665610
1.53376688,1.29787646,0.01239345,0.08759553,0.16985438,0.13292324,1.04798190,0.86677962,0.05028337,0.24326008
1.53976988,1.33808606,0.01275682,0.08710514,0.17582080,0.13501140,1.08635764,0.90423406,0.05102522,0.24924088
1.54577289,1.37516217,0.01305405,0.08675667,0.18141625,0.13705673,1.12031897,0.93901237,0.05174394,0.25443074
1.55177589,1.40804815,0.01327602,0.08645637,0.18648776,0.13892800,1.14912926,0.97036648,0.05240096,0.25867953
1.55777889,1.43579277,0.01341560,0.08611850,0.19089595,0.14050672,1.17214551,0.99761513,0.05296084,0.26185917
1.56378189,1.45757598,0.01346785,0.08566748,0.19451873,0.14169007,1.18883811,1.02016303,0.05339208,0.26386740
1.56978489,1.47273082,0.01343011,0.08503954,0.19725445,0.14239335,1.19880746,1.03751763,0.05366792,0.26463064
1.57578789,1.48076078,0.01330204,0.08418392,0.19902467,0.14255176,1.20179680,1.04930301,0.05376702,0.26410600
1.58179090,1.48135189,0.01308555,0.08306367,0.19977619,0.14212161,1.19770069,1.05527033,0.05367395,0.26228222
1.58779390,1.47437946,0.01278474,0.08165587,0.19948250,0.14108077,1.18656888,1.05530453,0.05337963,0.25917970
1.59379690,1.45990913,0.01240572,0.07995151,0.19814443,0.13942858,1.16860549,1.04942697,0.05288149,0.25484943
1.59979990,1.43819250,0.01195636,0.07795495,0.19579019,0.13718510,1.14416346,1.03779412,0.05218366,0.24937102
1.60580290,1.40965751,0.01144601,0.07568302,0.19247461,0.13438983,1.11373468,1.02069228,0.05129683,0.24284996
1.61180590,1.37489420,0.01088522,0.07316385,0.18827776,0.13109998,1.07793619,0.99852869,0.05023810,0.23541410
1.61780890,1.33463629,0.01028540,0.07043549,0.18330291,0.12738834,1.03749296,0.97181938,0.04903057,0.22720962
1.62381191,1.28973955,0.00965845,0.06754432,0.17767403,0.12334084,0.99321805,0.94117419,0.04770292,0.21839666
1.62981491,1.24115763,0.00901648,0.06454340,0.17153272,0.11905394,0.94599094,0.90727981,0.04628874,0.20914476
1.63581791,1.18991626,0.00837142,0.06149074,0.16503482,0.11463185,0.89673464,0.87088106,0.04482583,0.19962824
1.64182091,1.13708673,0.00773483,0.05844754,0.15834679,0.11018377,0.84639253,0.83276145,0.04335536,0.19002185
1.64782391,1.08375936,0.00711758,0.05547654,0.15164179,0.10582115,0.79590564,0.79372336,0.04192095,0.18049661
1.65382691,1.03101773,0.00652969,0.05264040,0.14509582,0.10165501,0.74619090,0.75456864,0.04056765,0.17121619
1.65982991,0.97991439,0.00598018,0.05000014,0.13888377,0.09779343,0.69812108,0.71608001,0.03934093,0.16233369
1.66583292,0.93144846,0.00547698,0.04761380,0.13317560,0.09433925,0.65250670,0.67900375,0.03828555,0.15398912
1.67183592,0.88654560,0.00502689,0.04553518,0.12813271,0.09138797,0.61008037,0.64403413,0.03744446,0.14630739
1.67783892,0.84604069,0.00463558,0.04381272,0.12390457,0.08902584,0.57148373,0.61179983,0.03685769,0.13939694
1.68384192,0.81066346,0.00430766,0.04248860,0.12062569,0.08732828,0.53725708,0.58285246,0.03656128,0.13334896
1.68984492,0.78102712,0.00404679,0.04159798,0.11841298,0.08635854,0.50783180,0.55765751,0.03658626,0.12823718
1.69584792,0.75762019,0.00385579,0.04116838,0.11736367,0.08616663,0.48352548,0.53658771,0.03695771,0.12411805
1.70185093,0.74080160,0.00373684,0.04121937,0.11755365,0.08678858,0.46453974,0.51991878,0.03769396,0.12103150
1.70785393,0.73079899,0.00369164,0.04176235,0.11903658,0.08824602,0.45096068,0.50782777,0.03880590,0.11900198
1.71385693,0.72771027,0.00372166,0.04280059,0.12184359,0.09054614,0.44276173,0.50039374,0.04029652,0.11803982
1.71985993,0.73150844,0.00382839,0.04432949,0.12598372,0.09368194,0.43980894,0.49760093,0.04216066,0.11814293
1.72586293,0.74204965,0.00401352,0.04633714,0.13144509,0.09763300,0.44186851,0.49934421,0.04438493,0.11929864
1.73186593,0.75908434,0.00427928,0.04880499,0.13819695,0.10236656,0.44861640,0.50543681,0.04694803,0.12148579
1.73786893,0.78227138,0.00462862,0.05170893,0.14619234,0.10783909,0.45965003,0.51562016,0.04982116,0.12467692
1.74387194,0.81119497,0.00506552,0.05502043,0.15537157,0.11399821,0.47450173,0.52957560,0.05296890,0.12884055
1.74987494,0.84538398,0.00559518,0.05870804,0.16566630,0.12078502,0.49265373,0.54693787,0.05635019,0.13394356
1.75587794,0.88433317,0.00622427,0.06273895,0.17700410,0.12813675,0.51355458,0.56730990,0.05991968,0.13995353
1.76188094,0.92752582,0.00696108,0.06708074,0.18931335,0.13598964,0.53663638,0.59027853,0.06362922,0.14684100
1.76788394,0.97445686,0.00781569,0.07170314,0.20252836,0.14428194,0.56133259,0.61543081,0.06742948,0.15458156
1.77388694,1.02465576,0.00880000,0.07657982,0.21659420,0.15295693,0.58709579,0.64237020,0.07127176,0.16315773
1.77988994,1.07770806,0.00992774,0.08168999,0.23147133,0.16196579,0.61341482,0.67073198,0.07510971,0.17256045
1.78589295,1.13327448,0.01121440,0.08701988,0.24713943,0.17127013,0.63983077,0.70019745,0.07890106,0.18279007
1.79189595,1.19110661,0.01267699,0.09256380,0.26360037,0.18084402,0.66595091,0.73050597,0.08260915,0.19385682
1.79789895,1.25105804,0.01433373,0.09832488,0.28087986,0.19067545,0.69146029,0.76146438,0.08620426,0.20578059
1.80390195,1.31308999,0.01620365,0.10431532,0.29902773,0.20076690,0.71613000,0.79295308,0.08966460,0.21858988
1.80990495,1.37727079,0.01830595,0.11055597,0.31811651,0.21113504,0.73982198,0.82492839,0.09297697,0.23232006
1.81590795,1.44376866,0.02065939,0.11707544,0.33823831,0.22180947,0.76248972,0.85742081,0.09613694,0.24701071
1.82191096,1.51283762,0.02328138,0.12390853,0.35949989,0.23283041,0.78417480,0.89052898,0.09914863,0.26270224
1.82791396,1.58479678,0.02618715,0.13109400,0.38201612,0.24424547,0.80499931,0.92440949,0.10202398,0.27943176
1.83391696,1.66000348,0.02938874,0.13867194,0.40590184,0.25610549,0.82515418,0.95926283,0.10478164,0.29722841
1.83991996,1.73882146,0.03289395,0.14668055,0.43126256,0.26845972,0.84488409,0.99531585,0.10744544,0.31610827
1.84592296,1.82158508,0.03670534,0.15515263,0.45818435,0.28135041,0.86446941,1.03280161,0.11004252,0.33606910
1.85192596,1.90856158,0.04081924,0.16411196,0.48672331,0.29480724,0.88420611,1.07193756,0.11260130,0.35708521
1.85792896,1.99991302,0.04522489,0.17356964,0.51689522,0.30884176,0.90438460,1.11290293,0.11514922,0.37910258
1.86393197,2.09566010,0.04990366,0.18352063,0.54866595,0.32344215,0.92526851,1.15581675,0.11771054,0.40203482
1.86993497,2.19564976,0.05482859,0.19394075,0.58194313,0.33856875,0.94707461,1.20071742,0.12030423,0.42575988
1.87593797,2.29952888,0.05996404,0.20478428,0.61656973,0.35415049,0.96995499,1.24754533,0.12294207,0.45011807
1.88194097,2.40672555,0.06526573,0.21598231,0.65231998,0.37008266,0.99398237,1.29612932,0.12562711,0.47491144
1.88794397,2.51643971,0.07068109,0.22744210,0.68889801,0.38622602,1.01913958,1.34617806,0.12835248,0.49990480
1.89394697,2.62764420,0.07614994,0.23904746,0.72593970,0.40240771,1.04531385,1.39727699,0.13110079,0.52482832
1.89994997,2.73909671,0.08160546,0.25066025,0.76301755,0.41842367,1.07229619,1.44889138,0.13384396,0.54938192
1.90595298,2.84936310,0.08697563,0.26212299,0.79964898,0.43404287,1.09978632,1.50037543,0.13654370,0.57324122
1.91195598,2.95685121,0.09218482,0.27326261,0.83530752,0.44901304,1.12740276,1.55098755,0.13915241,0.59606511
1.91795898,3.05985448,0.09715577,0.28389508,0.86943689,0.46306784,1.15469776,1.59991111,0.14161472,0.61750446
1.92396198,3.15660373,0.10181168,0.29383096,0.90146724,0.47593508,1.18117650,1.64628003,0.14386935,0.63721199
1.92996498,3.24532502,0.10607844,0.30288144,0.93083311,0.48734578,1.20631946,1.68920818,0.14585140,0.65485268
1.93596798,3.32430134,0.10988697,0.31086485,0.95699236,0.49704362,1.22960700,1.72782131,0.14749481,0.67011446
1.94197099,3.39193541,0.11317536,0.31761312,0.97944517,0.50479439,1.25054479,1.76129021,0.14873501,0.68271884
1.94797399,3.44681088,0.11589102,0.32297813,0.99775245,0.51039491,1.26868887,1.78886345,0.14951155,0.69243077
1.95397699,3.48774907,0.11799245,0.32683749,1.01155276,0.51368129,1.28366892,1.80989845,0.14977065,0.69906763
1.95997999,3.51385862,0.11945075,0.32909961,1.02057688,0.51453572,1.29520861,1.82388922,0.14946743,0.70250674
1.96598299,3.52457572,0.12025075,0.32970765,1.02465949,0.51289194,1.30314173,1.83048951,0.14856794,0.70269104
1.97198599,3.51969283,0.12039160,0.32864236,1.02374731,0.50873869,1.30742331,1.82953033,0.14705067,0.69963278
1.97798899,3.49937446,0.11988694,0.32592350,1.01790317,0.50212136,1.30813502,1.82103079,0.14490763,0.69341487
1.98399200,3.46415906,0.11876453,0.32160982,1.00730602,0.49314141,1.30548438,1.80520175,0.14214490,0.68418989
1.98999500,3.41494657,0.11706534,0.31579760,0.99224651,0.48195383,1.29979775,1.78244206,0.13878262,0.67217657
1.99599800,3.35297211,0.11484222,0.30861779,0.97311849,0.46876260,1.29150734,1.75332726,0.13485449,0.65765402
2.00200100,3.27976673,0.11215815,0.30023180,0.95040664,0.45381441,1.28113266,1.71859128,0.13040674,0.64095370
2.00800400,3.19710659,0.10908406,0.29082629,0.92467074,0.43739088,1.26925742,1.67910181,0.12549670,0.62244954
2.01400700,3.10695279,0.10569645,0.28060691,0.89652715,0.41979957,1.25650278,1.63583030,0.12019091,0.60254645
2.02001001,3.01138435,0.10207488,0.26979159,0.86662837,0.40136426,1.24349831,1.58981783,0.11456308,0.58166772
2.02601301,2.91252688,0.09829931,0.25860333,0.83564142,0.38241481,1.23085206,1.54213830,0.10869173,0.56024180
2.03201601,2.81248024,0.09444753,0.24726301,0.80422590,0.36327705,1.21912118,1.49386043,0.10265785,0.53868887
2.03801901,2.71324786,0.09059280,0.23598250,0.77301269,0.34426306,1.20878460,1.44601022,0.09654246,0.51740782
2.04402201,2.61667093,0.08680162,0.22495817,0.74258409,0.32566232,1.20021904,1.39953543,0.09042444,0.49676411
2.05002501,2.52436987,0.08313198,0.21436526,0.71345615,0.30773385,1.19367970,1.35527347,0.08437836,0.47707898
2.05602801,2.43769554,0.07963185,0.20435321,0.68606385,0.29069987,1.18928649,1.31392413,0.07847273,0.45862039
2.06203102,2.35769211,0.07633825,0.19504210,0.66074980,0.27474094,1.18701658,1.27602822,0.07276852,0.44159612
2.06803402,2.28507274,0.07327667,0.18652032,0.63775656,0.25999284,1.18670371,1.24195283,0.06731805,0.42614914
2.07403702,2.22020892,0.07046108,0.17884356,0.61722305,0.24654521,1.18804412,1.21188394,0.06216424,0.41235557
2.08004002,2.16313370,0.06789428,0.17203505,0.59918498,0.23444192,1.19060914,1.18582632,0.05734030,0.40022513
2.08604302,2.11355808,0.06556873,0.16608702,0.58357909,0.22368305,1.19386351,1.16361086,0.05286977,0.38970403
2.09204602,2.07089977,0.06346774,0.16096329,0.57025108,0.21422841,1.19718871,1.14490865,0.04876691,0.38068023
2.09804902,2.03432256,0.06156688,0.15660277,0.55896661,0.20600223,1.19991016,1.12925114,0.04503737,0.37299069
2.10405203,2.00278445,0.05983573,0.15292374,0.54942492,0.19889899,1.20132687,1.11605543,0.04167916,0.36643030
2.11005503,1.97509206,0.05823962,0.14982870,0.54127447,0.19278983,1.20074213,1.10465340,0.03868374,0.36076215
2.11605803,1.94995902,0.05674149,0.14720954,0.53412971,0.18752950,1.19749390,1.09432336,0.03603730,0.35572853
2.12206103,1.92606538,0.05530376,0.14495277,0.52758847,0.18296341,1.19098322,1.08432280,0.03372203,0.35106235
2.12806403,1.90211585,0.05388993,0.14294467,0.52124907,0.17893453,1.18069962,1.07392077,0.03171742,0.34649840
2.13406703,1.87689411,0.05246622,0.14107604,0.51472655,0.17528976,1.16624223,1.06242854,0.03000145,0.34178403
2.14007004,1.84931119,0.05100274,0.13924649,0.50766737,0.17188580,1.14733580,1.04922732,0.02855174,0.33668878
2.14607304,1.81844610,0.04947461,0.13736801,0.49976209,0.16859400,1.12384105,1.03379192,0.02734642,0.33101278
2.15207604,1.78357739,0.04786264,0.13536771,0.49075550,0.16530427,1.09575898,1.01570947,0.02636491,0.32459338
2.15807904,1.74420456,0.04615380,0.13318978,0.48045407,0.16192789,1.06322929,0.99469278,0.02558846,0.31731006
2.16408204,1.70005923,0.04434131,0.13079643,0.46873045,0.15839912,1.02652317,0.97058785,0.02500043,0.30908738
2.17008504,1.65110593,0.04242453,0.12816803,0.45552504,0.15467573,0.98603099,0.94337568,0.02458640,0.29989598
2.17608804,1.59753327,0.04040856,0.12530240,0.44084480,0.15073842,0.94224583,0.91316848,0.02433409,0.28975178
2.18209105,1.53973643,0.03830369,0.12221328,0.42475937,0.14658927,0.89574364,0.88020092,0.02423314,0.27871342
2.18809405,1.47829237,0.03612461,0.11892825,0.40739509,0.14224944,0.84716133,0.84481703,0.02427463,0.26687821
2.19409705,1.41392934,0.03388954,0.11548616,0.38892708,0.13775613,0.79717368,0.80745371,0.02445071,0.25437696
2.20010005,1.34749257,0.03161936,0.11193423,0.36957008,0.13315922,0.74647037,0.76862176,0.02475400,0.24136784
2.20610305,1.27990791,0.02933664,0.10832502,0.34956834,0.12851756,0.69573403,0.72888547,0.02517714,0.22802966
2.21210605,1.21214527,0.02706471,0.10471342,0.32918525,0.12389531,0.64562029,0.68884185,0.02571226,0.21455492
2.21810905,1.14518360,0.02482688,0.10115383,0.30869313,0.11935842,0.59674049,0.64910040,0.02635065,0.20114297
2.22411206,1.07997877,0.02264564,0.09769770,0.28836348,0.11497140,0.54964772,0.61026433,0.02708248,0.18799342
2.23011506,1.01743574,0.02054207,0.09439145,0.26845837,0.11079466,0.50482641,0.57291386,0.02789670,0.17530014
2.23611806,0.95838574,0.01853531,0.09127496,0.24922293,0.10688229,0.46268575,0.53759222,0.02878111,0.16324608
2.24212106,0.90356906,0.01664228,0.08838062,0.23087932,0.10328061,0.42355674,0.50479467,0.02972259,0.15199887
2.24812406,0.85362378,0.01487739,0.08573298,0.21362235,0.10002729,0.38769275,0.47496064,0.03070750,0.14170745
2.25412706,0.80908001,0.01325248,0.08334894,0.19761656,0.09715116,0.35527323,0.44846902,0.03172220,0.13249959
2.26013007,0.77035955,0.01177686,0.08123849,0.18299492,0.09467260,0.32640997,0.42563633,0.03275377,0.12448047
2.26613307,0.73778007,0.01045741,0.07940580,0.16985889,0.09260443,0.30115545,0.40671748,0.03379067,0.11773197
2.27213607,0.71156290,0.00929879,0.07785069,0.15827969,0.09095319,0.27951253,0.39190859,0.03482358,0.11231290
2.27813907,0.69184364,0.00830364,0.07657030,0.14830053,0.08972068,0.26144502,0.38135139,0.03584609,0.10825973
2.28414207,0.67868430,0.00747288,0.07556076,0.13993955,0.08890562,0.24688834,0.37513860,0.03685541,0.10558788
2.29014507,0.67208604,0.00680597,0.07481886,0.13319322,0.08850528,0.23575984,0.37331966,0.03785288,0.10429347
2.29614807,0.67200149,0.00630114,0.07434349,0.12803994,0.08851693,0.22796819,0.37590639,0.03884432,0.10435515
2.30215108,0.67834574,0.00595561,0.07413678,0.12444353,0.08893909,0.22342151,0.38287797,0.03984023,0.10573623
2.30815408,0.69100540,0.00576577,0.07420489,0.12235655,0.08977237,0.22203383,0.39418497,0.04085561,0.10838668
2.31415708,0.70984514,0.00572728,0.07455834,0.12172312,0.09101982,0.22372986,0.40975210,0.04190964,0.11224522
2.32016008,0.73471142,0.00583514,0.07521185,0.12248126,0.09268695,0.22844774,0.42947950,0.04302507,0.11724118
2.32616308,0.76543346,0.00608368,0.07618374,0.12456461,0.09478119,0.23613998,0.45324262,0.04422725,0.12329630
2.33216608,0.80182145,0.00646652,0.07749489,0.12790356,0.09731094,0.24677255,0.48089077,0.04554313,0.13032631
2.33816908,0.84366248,0.00697649,0.07916727,0.13242576,0.10028428,0.26032241,0.51224444,0.04699991,0.13824239
2.34417209,0.89071460,0.00760548,0.08122229,0.13805614,0.10370737,0.27677365,0.54709189,0.04862367,0.14695237
2.35017509,0.94269975,0.00834440,0.08367882,0.14471649,0.10758270,0.29611261,0.58518529,0.05043793,0.15636195
2.35617809,0.99929626,0.00918299,0.08655129,0.15232484,0.11190728,0.31832224,0.62623679,0.05246223,0.16637566
2.36218109,1.06013165,0.01010975,0.08984773,0.16079457,0.11667093,0.34337619,0.66991515,0.05471079,0.17689778
2.36818409,1.12477659,0.01111192,0.09356805,0.17003365,0.12185473,0.37123280,0.71584333,0.05719138,0.18783324
2.37418709,1.19274063,0.01217545,0.09770260,0.17994396,0.12742987,0.40182951,0.76359737,0.05990440,0.19908835
2.38019010,1.26347038,0.01328511,0.10223114,0.19042096,0.13335682,0.43507786,0.81270713,0.06284230,0.21057165
2.38619310,1.33635055,0.01442459,0.10712223,0.20135365,0.13958505,0.47085936,0.86265903,0.06598930,0.22219452
2.39219610,1.41070810,0.01557678,0.11233319,0.21262509,0.14605333,0.50902245,0.91290098,0.06932147,0.23387194
2.39819910,1.48581967,0.01672400,0.11781058,0.22411336,0.15269046,0.54938060,0.96284963,0.07280723,0.24552307
2.40420210,1.56092202,0.01784841,0.12349118,0.23569307,0.15941662,0.59171169,1.01189971,0.07640814,0.25707174
2.41020510,1.63522527,0.01893242,0.12930347,0.24723726,0.16614522,0.63575848,1.05943532,0.08008008,0.26844688
2.41620810,1.70792832,0.01995910,0.13516952,0.25861976,0.17278506,0.68123025,1.10484283,0.08377460,0.27958281
2.42221111,1.77823572,0.02091267,0.14100724,0.26971780,0.17924285,0.72780537,1.14752469,0.08744056,0.29041928
2.42821411,1.84537536,0.02177895,0.14673273,0.28041468,0.18542588,0.77513462,1.18691388,0.09102584,0.30090140
2.43421711,1.90861584,0.02254575,0.15226283,0.29060247,0.19124470,0.82284503,1.22248807,0.09447904,0.31097930
2.44022011,1.96728282,0.02320327,0.15751756,0.30018451,0.19661578,0.87054416,1.25378301,0.09775120,0.32060765
2.44622311,2.02077350,0.02374434,0.16242246,0.30907752,0.20146384,0.91782439,1.28040436,0.10079734,0.32974487
2.45222611,2.06856843,0.02416461,0.16691057,0.31721319,0.20572391,0.96426735,1.30203751,0.10357772,0.33835230
2.45822911,2.11024010,0.02446265,0.17092418,0.32453915,0.20934293,1.00944810,1.31845481,0.10605893,0.34639315
2.46423212,2.14545812,0.02463987,0.17441608,0.33101926,0.21228086,1.05293928,1.32951983,0.10821461,0.35383151
2.47023512,2.17399058,0.02470039,0.17735037,0.33663305,0.21451129,1.09431500,1.33518853,0.11002579,0.36063126
2.47623812,2.19570209,0.02465075,0.17970288,0.34137458,0.21602148,1.13315470,1.33550733,0.11148096,0.36675526
2.48224112,2.21054846,0.02449957,0.18146107,0.34525047,0.21681197,1.16904704,1.33060814,0.11257578,0.37216467
2.48824412,2.21856894,0.02425709,0.18262358,0.34827751,0.21689569,1.20159400,1.32070072,0.11331254,0.37681863
2.49424712,2.21987650,0.02393470,0.18319947,0.35047985,0.21629680,1.23041524,1.30606294,0.11369934,0.38067438
2.50025013,2.21464708,0.02354441,0.18320715,0.35188592,0.21504922,1.25515303,1.28702933,0.11374917,0.38368782
2.50625313,2.20310868,0.02309831,0.18267324,0.35252553,0.21319504,1.27547775,1.26397880,0.11347888,0.38581461
2.51225613,2.18553104,0.02260812,0.18163128,0.35242701,0.21078290,1.29109396,1.23732202,0.11290814,0.38701183
2.51825913,2.16221679,0.02208474,0.18012045,0.35161498,0.20786642,1.30174714,1.20748935,0.11205845,0.38724005
2.52426213,2.13349442,0.02153790,0.17818436,0.35010857,0.20450274,1.30723091,1.17491968,0.11095226,0.38646593
2.53026513,2.09971376,0.02097587,0.17587000,0.34792056,0.20075133,1.30739441,1.14005089,0.10961222,0.38466506
2.53626813,2.06124378,0.02040532,0.17322673,0.34505720,0.19667290,1.30214978,1.10331226,0.10806069,0.38182509
2.54227114,2.01847290,0.01983127,0.17030554,0.34151905,0.19232868,1.29147912,1.06511896,0.10631932,0.37794874
2.54827414,1.97181142,0.01925712,0.16715835,0.33730256,0.18777990,1.27544065,1.02586886,0.10440895,0.37305679
2.55427714,1.92169550,0.01868481,0.16383756,0.33240242,0.18308739,1.25417361,0.98594132,0.10234956,0.36719065
2.56028014,1.86859222,0.01811505,0.16039554,0.32681456,0.17831142,1.22790142,0.94569805,0.10016044,0.36041449
2.56628314,1.81300485,0.01754760,0.15688435,0.32053944,0.17351162,1.19693279,0.90548537,0.09786040,0.35281666
2.57228614,1.75547769,0.01698161,0.15335533,0.31358561,0.16874693,1.16166043,0.86563769,0.09546805,0.34451032
2.57828914,1.69659968,0.01641601,0.14985882,0.30597322,0.16407550,1.12255712,0.82648150,0.09300203,0.33563328
2.58429215,1.63700613,0.01584978,0.14644374,0.29773712,0.15955462,1.08016916,0.78833959,0.09048129,0.32634687
2.59029515,1.57737821,0.01528238,0.14315720,0.28892958,0.15524047,1.03510721,0.75153481,0.08792523,0.31683387
2.59629815,1.51843959,0.01471393,0.14004403,0.27962215,0.15118779,0.98803463,0.71639305,0.08535369,0.30729569
2.60230115,1.46095030,0.01414550,0.13714631,0.26990672,0.14744946,0.93965378,0.68324506,0.08278694,0.29794865
2.60830415,1.40569761,0.01357925,0.13450286,0.25989557,0.14407589,0.89069064,0.65242675,0.08024544,0.28901966
2.61430715,1.35348431,0.01301846,0.13214877,0.24972039,0.14111440,0.84187817,0.62427786,0.07774958,0.28074135
2.62031016,1.30511440,0.01246755,0.13011493,0.23953025,0.13860846,0.79393922,0.59913893,0.07531923,0.27334681
2.62631316,1.26137695,0.01193200,0.12842767,0.22948855,0.13659696,0.74756925,0.57734649,0.07297331,0.26706411
2.63231616,1.22302835,0.01141816,0.12710845,0.21976922,0.13511340,0.70341982,0.55922667,0.07072927,0.26211069
2.63831916,1.19077372,0.01093304,0.12617369,0.21055200,0.13418515,0.66208308,0.54508740,0.06860261,0.25868787
2.64432216,1.16524790,0.01048401,0.12563458,0.20201736,0.13383274,0.62407797,0.53520944,0.06660635,0.25697544
2.65032516,1.14699675,0.01007855,0.12549712,0.19434090,0.13406918,0.58983848,0.52983657,0.06475065,0.25712662
2.65632816,1.13645921,0.00972383,0.12576211,0.18768772,0.13489941,0.55970428,0.52916530,0.06304245,0.25926338
2.66233117,1.13395078,0.00942646,0.12642521,0.18220683,0.13631978,0.53391402,0.53333460,0.06148520,0.26347218
2.66833417,1.13964883,0.00919208,0.12747702,0.17802583,0.13831761,0.51260136,0.54241589,0.06007875,0.26980030
2.67433717,1.15358033,0.00902516,0.12890312,0.17524610,0.14087091,0.49579385,0.55640400,0.05881930,0.27825287
2.68034017,1.17561246,0.00892863,0.13068408,0.17393870,0.14394808,0.48341464,0.57520928,0.05769948,0.28879053
2.68634317,1.20544648,0.00890378,0.13279539,0.17414104,0.14750785,0.47528675,0.59865158,0.05670858,0.30132796
2.69234617,1.24261538,0.00895001,0.13520734,0.17585459,0.15149926,0.47113995,0.62645623,0.05583279,0.31573336
2.69834917,1.28648554,0.00906483,0.13788494,0.17904365,0.15586184,0.47061986,0.65825274,0.05505562,0.33182885
2.70435218,1.33626288,0.00924379,0.14078769,0.18363522,0.16052597,0.47329901,0.69357616,0.05435834,0.34939214
2.71035518,1.39100357,0.00948054,0.14386952,0.18952019,0.16541349,0.47868959,0.73187171,0.05372045,0.36815922
2.71635818,1.44962946,0.00976701,0.14707875,0.19655560,0.17043851,0.48625749,0.77250255,0.05312031,0.38782843
2.72236118,1.51094827,0.01009352,0.15035819,0.20456807,0.17550859,0.49543725,0.81476078,0.05253565,0.40806575
2.72836418,1.57367812,0.01044912,0.15364551,0.21335843,0.18052618,0.50564765,0.85788165,0.05194420,0.42851130
2.73436718,1.63647626,0.01082182,0.15687381,0.22270706,0.18539036,0.51630724,0.90106052,0.05132429,0.44878708
2.74037019,1.69797109,0.01119898,0.15997246,0.23238028,0.18999892,0.52684971,0.94347235,0.05065539,0.46850563
2.74637319,1.75679687,0.01156766,0.16286830,0.24213708,0.19425069,0.53673854,0.98429295,0.04991872,0.48727961
2.75237619,1.81162992,0.01191504,0.16548715,0.25173637,0.19804805,0.54548045,1.02272144,0.04909770,0.50473178
2.75837919,1.86122515,0.01222876,0.16775551,0.26094427,0.20129960,0.55263740,1.05800306,0.04817844,0.52050529
2.76438219,1.90445170,0.01249733,0.16960259,0.26954116,0.20392285,0.55783683,1.08945141,0.04715008,0.53427380
2.77038519,1.94032611,0.01271048,0.17096241,0.27732838,0.20584681,0.56077967,1.11646926,0.04600509,0.54575100
2.77638819,1.96804177,0.01285941,0.17177595,0.28413415,0.20701444,0.56124608,1.13856705,0.04473949,0.55469924
2.78239120,1.98699343,0.01293711,0.17199331,0.28981855,0.20738467,0.55909871,1.15537818,0.04335288,0.56093678
2.78839420,1.99679548,0.01293849,0.17157563,0.29427730,0.20693414,0.55428336,1.16667045,0.04184848,0.56434348
2.79439720,1.99729324,0.01286053,0.17049679,0.29744433,0.20565827,0.54682720,1.17235306,0.04023299,0.56486449
2.80040020,1.98856670,0.01270232,0.16874468,0.29929280,0.20357185,0.53683457,1.17247888,0.03851631,0.56251182
2.80640320,1.97092635,0.01246500,0.16632204,0.29983474,0.20070889,0.52448053,1.16724167,0.03671129,0.55736376
2.81240620,1.94490135,0.01215171,0.16324682,0.29911930,0.19712194,0.51000261,1.15696857,0.03483323,0.54956208
2.81840920,1.91122040,0.01176738,0.15955196,0.29722959,0.19288063,0.49369093,1.14210801,0.03289947,0.53930713
2.82441221,1.87078629,0.01131855,0.15528462,0.29427849,0.18806975,0.47587718,1.12321367,0.03092881,0.52685109
2.83041521,1.82464503,0.01081307,0.15050493,0.29040339,0.18278677,0.45692290,1.10092507,0.02894098,0.51248969
2.83641821,1.77395112,0.01025985,0.14528428,0.28576037,0.17713903,0.43720747,1.07594582,0.02695606,0.49655265
2.84242121,1.71993034,0.00966850,0.13970325,0.28051787,0.17124058,0.41711626,1.04902029,0.02499397,0.47939348
2.84842421,1.66384167,0.00904904,0.13384927,0.27485033,0.16520900,0.39702938,1.02090985,0.02307391,0.46137882
2.85442721,1.60693994,0.00841161,0.12781413,0.26893191,0.15916218,0.37731136,0.99236953,0.02121397,0.44287803
2.86043022,1.55044060,0.00776615,0.12169147,0.26293079,0.15321519,0.35830205,0.96412613,0.01943074,0.42425323
2.86643322,1.49548804,0.00712216,0.11557435,0.25700399,0.14747757,0.34030910,0.93685847,0.01773898,0.40585034
2.87243622,1.44312843,0.00648850,0.10955299,0.25129312,0.14205083,0.32360208,0.91118055,0.01615148,0.38799132
2.87843922,1.39428789,0.00587320,0.10371281,0.24592113,0.13702647,0.30840833,0.88762815,0.01467889,0.37096783
2.88444222,1.34975666,0.00528334,0.09813282,0.24099009,0.13248451,0.29491070,0.86664908,0.01332968,0.35503662
2.89044522,1.31017925,0.00472500,0.09288438,0.23658010,0.12849245,0.28324694,0.84859731,0.01211025,0.34041651
2.89644822,1.27605070,0.00420321,0.08803035,0.23274917,0.12510488,0.27351079,0.83373096,0.01102497,0.32728701
2.90245123,1.24771854,0.00372198,0.08362472,0.22953420,0.12236342,0.26575450,0.82221396,0.01007638,0.31578860
2.90845423,1.22538987,0.00328434,0.07971256,0.22695269,0.12029723,0.25999264,0.81412096,0.00926537,0.30602424
2.91445723,1.20914289,0.00289242,0.07633031,0.22500522,0.11892378,0.25620681,0.80944523,0.00859142,0.29806218
2.92046023,1.19894191,0.00254759,0.07350640,0.22367839,0.11825002,0.25435121,0.80810876,0.00805284,0.29193959
2.92646323,1.19465499,0.00225053,0.07126201,0.22294813,0.11827363,0.25435853,0.80997432,0.00764699,0.28766683
2.93246623,1.19607315,0.00200138,0.06961204,0.22278312,0.11898450,0.25614603,0.81485846,0.00737048,0.28523204
2.93846923,1.20293014,0.00179985,0.06856607,0.22314816,0.12036615,0.25962149,0.82254524,0.00721939,0.28460584
2.94447224,1.21492190,0.00164532,0.06812935,0.22400730,0.12239719,0.26468867,0.83279972,0.00718940,0.28574575
2.95047524,1.23172474,0.00153699,0.06830368,0.22532665,0.12505254,0.27125217,0.84538092,0.00727590,0.28860019
2.95647824,1.25301154,0.00147387,0.06908812,0.22707658,0.12830453,0.27922142,0.86005349,0.00747409,0.29311186
2.96248124,1.27846526,0.00145493,0.07047959,0.22923347,0.13212376,0.28851352,0.87659784,0.00777901,0.29922035
2.96848424,1.30778928,0.00147907,0.07247310,0.23178063,0.13647964,0.29905501,0.89481820,0.00818550,0.30686376
2.97448724,1.34071423,0.00154514,0.07506191,0.23470867,0.14134064,0.31078231,0.91454833,0.00868822,0.31597953
2.98049025,1.37700097,0.00165197,0.07823724,0.23801509,0.14667430,0.32364095,0.93565475,0.00928155,0.32650417
2.98649325,1.41643995,0.00179830,0.08198789,0.24170331,0.15244681,0.33758358,0.95803733,0.00995952,0.33837224
2.99249625,1.45884677,0.00198272,0.08629957,0.24578098,0.15862246,0.35256684,0.98162718,0.01071570,0.35151439
2.99849925,1.50405457,0.00220367,0.09115404,0.25025802,0.16516281,0.36854739,1.00638218,0.01154313,0.36585488
3.00450225,1.55190348,0.00245933,0.09652816,0.25514410,0.17202572,0.38547719,1.03228005,0.01243422,0.38130853
3.01050525,1.60222790,0.00274758,0.10239288,0.26044610,0.17916427,0.40329844,1.05930969,0.01338065,0.39777752
3.01650825,1.65484236,0.00306594,0.10871215,0.26616538,0.18652574,0.42193838,1.08746089,0.01437339,0.41514802
3.02251126,1.70952684,0.00341152,0.11544204,0.27229527,0.19405061,0.44130438,1.11671319,0.01540262,0.43328728
3.02851426,1.76601238,0.00378100,0.12252991,0.27881878,0.20167182,0.46127964,1.14702439,0.01645779,0.45204101
3.03451726,1.82396813,0.00417061,0.12991389,0.28570679,0.20931424,0.48171979,1.17831941,0.01752772,0.47123164
3.04052026,1.88299063,0.00457614,0.13752261,0.29291672,0.21689458,0.50245079,1.21048008,0.01860067,0.49065746
3.04652326,1.94259627,0.00499301,0.14527531,0.30039194,0.22432161,0.52326816,1.24333669,0.01966453,0.51009295
3.05252626,2.00221768,0.00541631,0.15308239,0.30806183,0.23149700,0.54393806,1.27666172,0.02070703,0.52929033
3.05852926,2.06120456,0.00584088,0.16084630,0.31584259,0.23831650,0.56419992,1.31016641,0.02171600,0.54798249
3.06453227,2.11882940,0.00626146,0.16846296,0.32363885,0.24467175,0.58377096,1.34350052,0.02267959,0.56588717
3.07053527,2.17429818,0.00667277,0.17582351,0.33134583,0.25045246,0.60235225,1.37625550,0.02358664,0.58271249
3.07653827,2.22676594,0.00706971,0.18281648,0.33885213,0.25554897,0.61963634,1.40797129,0.02442687,0.59816348
3.08254127,2.27535675,0.00744744,0.18933027,0.34604301,0.25985524,0.63531606,1.43814662,0.02519126,0.61194954
3.08854427,2.31918765,0.00780161,0.19525580,0.35280386,0.26327184,0.64909407,1.46625248,0.02587221,0.62379252
3.09454727,2.35739541,0.00812844,0.20048937,0.35902384,0.26570918,0.66069305,1.49174858,0.02646381,0.63343506
3.10055028,2.38916529,0.00842488,0.20493547,0.36459952,0.26709050,0.66986576,1.51410191,0.02696199,0.64064884
3.10655328,2.41376063,0.00868872,0.20850955,0.36943820,0.26735477,0.67640475,1.53280699,0.02736457,0.64524245
3.11255628,2.43055179,0.00891867,0.21114055,0.37346097,0.26645911,0.68015120,1.54740682,0.02767137,0.64706840
3.11855928,2.43904352,0.00911443,0.21277312,0.37660522,0.26438078,0.68100243,1.55751373,0.02788409,0.64602914
3.12456228,2.43889928,0.00927673,0.21336948,0.37882667,0.26111857,0.67891791,1.56282926,0.02800626,0.64208149
3.13056528,2.42996151,0.00940731,0.21291074,0.38010066,0.25669352,0.67392327,1.56316204,0.02804305,0.63523970
3.13656828,2.41226691,0.00950888,0.21139768,0.38042288,0.25114893,0.66611228,1.55844304,0.02800104,0.62557650
3.14257129,2.38605600,0.00958509,0.20885104,0.37980949,0.24454965,0.65564657,1.54873726,0.02788800,0.61322255
3.14857429,2.35177629,0.00964043,0.20531113,0.37829658,0.23698069,0.64275318,1.53425132,0.02771260,0.59836385
3.15457729,2.31007901,0.00968010,0.20083692,0.37593917,0.22854522,0.62771989,1.51533641,0.02748408,0.58123760
3.16058029,2.26180903,0.00970990,0.19550458,0.37280979,0.21936194,0.61088853,1.49248625,0.02721203,0.56212637
3.16658329,2.20798854,0.00973607,0.18940560,0.36899664,0.20956213,0.59264656,1.46633006,0.02690612,0.54135097
3.17258629,2.14979450,0.00976516,0.18264439,0.36460153,0.19928623,0.57341705,1.43762025,0.02657582,0.51926222
3.17858929,2.08853087,0.00980381,0.17533569,0.35973759,0.18868040,0.55364746,1.40721543,0.02623027,0.49623194
3.18459230,2.02559604,0.00985865,0.16760169,0.35452682,0.17789287,0.53379760,1.37605883,0.02587809,0.47264345
3.19059530,1.96244670,0.00993605,0.15956899,0.34909757,0.16707039,0.51432707,1.34515281,0.02552729,0.44888198
3.19659830,1.90055897,0.01004203,0.15136560,0.34358188,0.15635498,0.49568259,1.31553024,0.02518519,0.42532514
3.20260130,1.84138804,0.01018204,0.14311794,0.33811279,0.14588073,0.47828562,1.28822347,0.02485836,0.40233393
3.20860430,1.78632747,0.01036080,0.13494799,0.33282155,0.13577118,0.46252059,1.26423194,0.02455262,0.38024442
3.21460730,1.73666931,0.01058220,0.12697064,0.32783475,0.12613695,0.44872405,1.24448948,0.02427303,0.35936026
3.22061031,1.69356629,0.01084908,0.11929136,0.32327143,0.11707395,0.43717517,1.22983235,0.02402386,0.33994638
3.22661331,1.65799724,0.01116316,0.11200413,0.31924009,0.10866195,0.42808775,1.22096917,0.02380858,0.32222383
3.23261631,1.63073669,0.01152489,0.10518980,0.31583579,0.10096370,0.42160401,1.21845382,0.02362987,0.30636595
3.23861931,1.61232989,0.01193339,0.09891479,0.31313719,0.09402452,0.41779049,1.22266235,0.02348952,0.29249586
3.24462231,1.60307394,0.01238636,0.09323024,0.31120388,0.08787228,0.41663595,1.23377487,0.02338840,0.28068527
3.25062531,1.60300583,0.01288005,0.08817154,0.31007380,0.08251784,0.41805164,1.25176310,0.02332640,0.27095474
3.25662831,1.61189790,0.01340928,0.08375828,0.30976122,0.07795580,0.42187382,1.27638441,0.02330234,0.26327509
3.26263132,1.62926110,0.01396745,0.07999461,0.31025504,0.07416565,0.42786855,1.30718257,0.02331389,0.25757010
3.26863432,1.65435616,0.01454662,0.07686997,0.31151792,0.07111314,0.43573862,1.34349555,0.02335755,0.25372031
3.27463732,1.68621243,0.01513768,0.07436010,0.31348602,0.06875192,0.44513249,1.38447022,0.02342857,0.25156777
3.28064032,1.72365421,0.01573047,0.07242848,0.31606969,0.06702534,0.45565503,1.42908372,0.02352097,0.25092171
3.28664332,1.76533360,0.01631401,0.07102791,0.31915508,0.06586843,0.46687957,1.47617081,0.02362762,0.25156493
3.29264632,1.80976925,0.01687677,0.07010240,0.32260672,0.06520997,0.47836123,1.52445660,0.02374028,0.25326065
3.29864932,1.85538970,0.01740692,0.06958919,0.32627099,0.06497462,0.48965069,1.57259334,0.02384979,0.25575985
3.30465233,1.90058002,0.01789269,0.06942088,0.32998056,0.06508505,0.50030835,1.61920027,0.02394626,0.25880869
3.31065533,1.94373019,0.01832261,0.06952764,0.33355951,0.06546408,0.50991805,1.66290516,0.02401934,0.26215600
3.31665833,1.98328377,0.01868593,0.06983943,0.33682905,0.06603673,0.51810016,1.70238591,0.02405851,0.26556048
3.32266133,2.01778498,0.01897285,0.07028813,0.33961361,0.06673214,0.52452340,1.73641097,0.02405338,0.26879754
3.32866433,2.04592275,0.01917487,0.07080956,0.34174706,0.06748537,0.52891501,1.76387695,0.02399409,0.27166554
3.33466733,2.06657013,0.01928503,0.07134535,0.34307881,0.06823894,0.53106896,1.78384218,0.02387159,0.27399119
3.34067034,2.07881768,0.01929813,0.07184453,0.34347945,0.06894417,0.53085185,1.79555500,0.02367801,0.27563402
3.34667334,2.08199960,0.01921086,0.07226491,0.34284574,0.06956225,0.52820636,1.79847575,0.02340697,0.27648976
3.35267634,2.07571182,0.01902196,0.07257410,0.34110470,0.07006489,0.52315211,1.79229172,0.02305378,0.27649254
3.35867934,2.05982136,0.01873222,0.07275016,0.33821656,0.07043478,0.51578390,1.77692470,0.02261570,0.27561571
3.36468234,2.03446671,0.01834444,0.07278192,0.33417646,0.07066554,0.50626754,1.75253077,0.02209200,0.27387148
3.37068534,2.00004930,0.01786340,0.07266888,0.32901472,0.07076139,0.49483335,1.71949264,0.02148409,0.27130913
3.37668834,1.95721652,0.01729562,0.07242078,0.32279578,0.07073643,0.48176771,1.67840485,0.02079544,0.26801207
3.38269135,1.90683699,0.01664924,0.07205676,0.31561569,0.07061356,0.46740293,1.63005258,0.02003151,0.26409369
3.38869435,1.84996911,0.01593372,0.07160417,0.30759838,0.07042309,0.45210588,1.57538489,0.01919957,0.25969227
3.39469735,1.78782417,0.01515958,0.07109718,0.29889075,0.07020111,0.43626588,1.51548368,0.01830850,0.25496499
3.40070035,1.72172555,0.01433811,0.07057509,0.28965692,0.06998764,0.42028214,1.45152935,0.01736849,0.25008142
3.40670335,1.65306535,0.01348100,0.07008047,0.28007175,0.06982457,0.40455144,1.38476470,0.01639071,0.24521664
3.41270635,1.58326040,0.01260011,0.06965727,0.27031406,0.06975366,0.38945621,1.31645823,0.01538700,0.24054424
3.41870935,1.51370890,0.01170711,0.06934888,0.26055977,0.06981447,0.37535364,1.24786826,0.01436952,0.23622955
3.42471236,1.44574953,0.01081322,0.06919624,0.25097526,0.07004240,0.36256592,1.18020892,0.01335037,0.23242322
3.43071536,1.38062413,0.00992897,0.06923616,0.24171128,0.07046698,0.35137209,1.11461920,0.01234127,0.22925556
3.43671836,1.31944529,0.00906399,0.06949981,0.23289771,0.07111033,0.34200157,1.05213587,0.01135328,0.22683176
3.44272136,1.26316968,0.00822684,0.07001151,0.22463924,0.07198604,0.33462947,0.99367097,0.01039652,0.22522815
3.44872436,1.21257788,0.00742488,0.07078780,0.21701236,0.07309832,0.32937381,0.93999437,0.00947995,0.22448967
3.45472736,1.16826098,0.00666423,0.07183693,0.21006355,0.07444171,0.32629464,0.89172168,0.00861120,0.22462872
3.46073037,1.13061418,0.00594970,0.07315864,0.20380894,0.07600106,0.32539479,0.84930745,0.00779648,0.22562515
3.46673337,1.09983709,0.00528481,0.07474438,0.19823522,0.07775203,0.32662237,0.81304372,0.00704048,0.22742771
3.47273637,1.07594042,0.00467187,0.07657775,0.19330185,0.07966196,0.32987457,0.78306343,0.00634640,0.22995656
3.47873937,1.05875838,0.00411201,0.07863535,0.18894438,0.08169112,0.33500271,0.75934832,0.00571597,0.23310688
3.48474237,1.04796599,0.00360532,0.08088775,0.18507874,0.08379416,0.34181820,0.74174075,0.00514952,0.23675332
3.49074537,1.04310045,0.00315096,0.08330072,0.18160620,0.08592185,0.35009919,0.72995881,0.00464611,0.24075511
3.49674837,1.04358538,0.00274734,0.08583649,0.17841882,0.08802298,0.35959758,0.72361399,0.00420369,0.24496154
3.50275138,1.04875719,0.00239222,0.08845509,0.17540505,0.09004616,0.37004624,0.72223070,0.00381922,0.24921763
3.50875438,1.05789223,0.00208289,0.09111557,0.17245535,0.09194175,0.38116617,0.72526713,0.00348891,0.25336964
3.51475738,1.07023415,0.00181633,0.09377725,0.16946743,0.09366350,0.39267338,0.73213644,0.00320837,0.25727033
3.52076038,1.08502021,0.00158935,0.09640064,0.16635096,0.09517006,0.40428541,0.74222807,0.00297281,0.26078364
3.52676338,1.10150617,0.00139870,0.09894834,0.16303162,0.09642626,0.41572728,0.75492835,0.00277724,0.26378867
3.53276638,1.11898896,0.00124124,0.10138566,0.15945425,0.09740401,0.42673694,0.76964001,0.00261663,0.26618291
3.53876938,1.13682662,0.00111403,0.10368103,0.15558508,0.09808292,0.43706993,0.78580034,0.00248607,0.26788454
3.54477239,1.15445546,0.00101444,0.10580624,0.15141296,0.09845058,0.44650361,0.80289734,0.00238095,0.26883388
3.55077539,1.17140387,0.00094018,0.10773657,0.14694971,0.09850255,0.45484055,0.82048398,0.00229707,0.26899396
3.55677839,1.18730307,0.00088946,0.10945072,0.14222941,0.09824204,0.46191152,0.83819001,0.00223077,0.26835031
3.56278139,1.20189445,0.00086093,0.11093075,0.13730702,0.09767937,0.46757780,0.85573129,0.00217900,0.26691003
3.56878439,1.21503386,0.00085379,0.11216190,0.13225618,0.09683122,0.47173301,0.87291654,0.00213943,0.26470034
3.57478739,1.22669272,0.00086778,0.11313252,0.12716649,0.09571981,0.47430451,0.88965127,0.00211050,0.26176673
3.58079040,1.23695616,0.00090316,0.11383401,0.12214039,0.09437197,0.47525424,0.90593881,0.00209147,0.25817072
3.58679340,1.24601832,0.00096073,0.11426081,0.11728969,0.09281814,0.47457917,0.92187851,0.00208243,0.25398754
3.59279640,1.25417485,0.00104174,0.11441050,0.11273205,0.09109153,0.47231119,0.93766078,0.00208437,0.24930379
3.59879940,1.26181267,0.00114792,0.11428399,0.10858739,0.08922719,0.46851651,0.95355930,0.00209912,0.24421504
3.60480240,1.26939728,0.00128135,0.11388575,0.10497438,0.08726128,0.46329444,0.96992010,0.00212941,0.23882356
3.61080540,1.27745746,0.00144439,0.11322408,0.10200710,0.08523033,0.45677549,0.98714788,0.00217882,0.23323622
3.61680840,1.28656765,0.00163960,0.11231137,0.09979197,0.08317068,0.44911887,1.00568961,0.00225178,0.22756244
3.62281141,1.29732827,0.00186964,0.11116427,0.09842489,0.08111793,0.44050911,1.02601565,0.00235350,0.22191227
3.62881441,1.31034410,0.00213710,0.10980380,0.09798869,0.07910647,0.43115204,1.04859898,0.00248998,0.21639450
3.63481741,1.32620120,0.00244445,0.10825531,0.09855092,0.07716909,0.42126988,1.07389283,0.00266790,0.21111487
3.64082041,1.34544298,0.00279380,0.10654817,0.10016190,0.07533651,0.41109575,1.10230749,0.00289460,0.20617419
3.64682341,1.36854581,0.00318685,0.10471538,0.10285315,0.07363703,0.40086750,1.13418697,0.00317794,0.20166646
3.65282641,1.39589523,0.00362469,0.10279286,0.10663611,0.07209606,0.39082108,1.16978651,0.00352623,0.19767691
3.65882941,1.42776337,0.00410769,0.10081857,0.11150123,0.07073570,0.38118364,1.20925161,0.00394808,0.19428000
3.66483242,1.46428870,0.00463538,0.09883141,0.11741742,0.06957423,0.37216659,1.25259985,0.00445223,0.19153744
3.67083542,1.50545898,0.00520630,0.09687004,0.12433188,0.06862572,0.36395875,1.29970624,0.00504738,0.18949623
3.67683842,1.55109843,0.00581798,0.09497155,0.13217039,0.06789951,0.35672009,1.35029303,0.00574197,0.18818682
3.68284142,1.60085987,0.00646682,0.09317012,0.14083803,0.06739980,0.35057612,1.40392481,0.00654392,0.18762156
3.68884442,1.65422272,0.00714812,0.09149574,0.15022036,0.06712537,0.34561330,1.46000948,0.00746035,0.18779337
3.69484742,1.71049721,0.00785605,0.08997298,0.16018512,0.06706930,0.34187564,1.51780531,0.00849731,0.18867503
3.70085043,1.76883515,0.00858371,0.08862006,0.17058447,0.06721886,0.33936282,1.57643448,0.00965946,0.19021880
3.70685343,1.82824726,0.00932323,0.08744802,0.18125765,0.06755564,0.33802971,1.63490256,0.01094973,0.19235685
3.71285643,1.88762661,0.01006591,0.08646028,0.19203411,0.06805573,0.33778769,1.69212376,0.01236901,0.19500225
3.71885943,1.94577763,0.01080238,0.08565245,0.20273708,0.06869021,0.33850744,1.74695086,0.01391588,0.19805074
3.72486243,2.00144963,0.01152280,0.08501250,0.21318743,0.06942573,0.34002338,1.79820898,0.01558631,0.20138312
3.73086543,2.05337378,0.01221712,0.08452124,0.22320775,0.07022536,0.34213949,1.84473182,0.01737352,0.20486833
3.73686843,2.10030193,0.01287532,0.08415309,0.23262654,0.07104951,0.34463627,1.88539884,0.01926776,0.20836707
3.74287144,2.14104592,0.01348767,0.08387714,0.24128243,0.07185703,0.34727864,1.91917202,0.02125635,0.21173584
3.74887444,2.17451572,0.01404505,0.08365842,0.24902820,0.07260639,0.34982442,1.94513052,0.02332373,0.21483127
3.75487744,2.19975489,0.01453918,0.08345928,0.25573459,0.07325685,0.35203305,1.96250185,0.02545163,0.21751455
3.76088044,2.21597192,0.01496291,0.08324097,0.26129366,0.07376968,0.35367425,1.97068823,0.02761940,0.21965576
3.76688344,2.22256625,0.01531045,0.08296513,0.26562178,0.07410930,0.35453609,1.96928710,0.02980453,0.22113806
3.77288644,2.21914811,0.01557758,0.08259531,0.26866194,0.07424433,0.35443246,1.95810503,0.03198315,0.22186135
3.77888944,2.20555132,0.01576180,0.08209840,0.27038548,0.07414849,0.35320940,1.93716444,0.03413084,0.22174540
3.78489245,2.18183898,0.01586250,0.08144587,0.27079322,0.07380132,0.35075011,1.90670319,0.03622344,0.22073235
3.79089545,2.14830190,0.01588100,0.08061486,0.26991581,0.07318877,0.34697865,1.86716714,0.03823793,0.21878837
3.79689845,2.10545006,0.01582063,0.07958906,0.26781350,0.07230352,0.34186201,1.81919624,0.04015343,0.21590453
3.80290145,2.05399793,0.01568668,0.07835925,0.26457526,0.07114508,0.33541073,1.76360497,0.04195214,0.21209685
3.80890445,1.99484410,0.01548634,0.07692374,0.26031731,0.06971976,0.32767794,1.70135801,0.04362028,0.20740548
3.81490745,1.92904655,0.01522865,0.07528841,0.25518113,0.06804036,0.31875705,1.63354242,0.04514892,0.20189319
3.82091046,1.85779439,0.01492426,0.07346656,0.24933098,0.06612574,0.30877828,1.56133742,0.04653469,0.19564317
3.82691346,1.78237734,0.01458535,0.07147857,0.24295099,0.06400020,0.29790401,1.48598307,0.04778026,0.18875627
3.83291646,1.70415389,0.01422532,0.06935122,0.23624200,0.06169273,0.28632346,1.40874888,0.04889467,0.18134782
3.83891946,1.62451933,0.01385861,0.06711692,0.22941795,0.05923620,0.27424674,1.33090345,0.04989329,0.17354415
3.84492246,1.54487434,0.01350040,0.06481275,0.22270212,0.05666643,0.26189861,1.25368609,0.05079760,0.16547896
3.85092546,1.46659518,0.01316632,0.06247934,0.21632315,0.05402127,0.24951208,1.17828095,0.05163456,0.15728969
3.85692846,1.39100584,0.01287212,0.06015965,0.21051084,0.05133961,0.23732220,1.10579434,0.05243579,0.14911394
3.86293147,1.31935286,0.01263342,0.05789772,0.20549191,0.04866050,0.22556017,1.03723551,0.05323639,0.14108618
3.86893447,1.25278302,0.01246529,0.05573735,0.20148560,0.04602220,0.21444784,0.97350113,0.05407357,0.13333468
3.87493747,1.19232433,0.01238201,0.05372078,0.19869931,0.04346139,0.20419287,0.91536338,0.05498503,0.12597894
3.88094047,1.13887030,0.01239666,0.05188744,0.19732426,0.04101240,0.19498461,0.86346174,0.05600730,0.11912742
3.88694347,1.09316769,0.01252089,0.05027278,0.19753124,0.03870658,0.18699066,0.81829821,0.05717396,0.11287586
3.89294647,1.05580775,0.01276454,0.04890718,0.19946666,0.03657175,0.18035430,0.78023577,0.05851389,0.10730606
3.89894947,1.02722101,0.01313543,0.04781505,0.20324879,0.03463180,0.17519269,0.74949986,0.06004970,0.10248507
3.90495248,1.00767550,0.01363909,0.04701409,0.20896458,0.03290641,0.17159587,0.72618264,0.06179628,0.09846502
3.91095548,0.99727841,0.01427856,0.04651482,0.21666686,0.03141086,0.16962657,0.71024972,0.06375967,0.09528323
3.91695848,0.99598113,0.01505426,0.04632027,0.22637240,0.03015604,0.16932069,0.70154917,0.06593631,0.09296279
3.92296148,1.00358746,0.01596386,0.04642598,0.23806055,0.02914852,0.17068850,0.69982248,0.06831265,0.09151355
3.92896448,1.01976484,0.01700234,0.04682030,0.25167292,0.02839075,0.17371638,0.70471734,0.07086519,0.09093323
3.93496748,1.04405841,0.01816196,0.04748485,0.26711394,0.02788139,0.17836917,0.71580182,0.07356100,0.09120895
3.94097049,1.07590740,0.01943243,0.04839539,0.28425238,0.02761567,0.18459291,0.73257975,0.07635869,0.09231874
3.94697349,1.11466368,0.02080111,0.04952276,0.30292392,0.02758587,0.19231791,0.75450691,0.07920979,0.09423316
3.95297649,1.15961168,0.02225330,0.05083413,0.32293469,0.02778180,0.20146212,0.78100777,0.08206043,0.09691701
3.95897949,1.20998932,0.02377256,0.05229438,0.34406561,0.02819131,0.21193462,0.81149213,0.08485341,0.10033083
3.96498249,1.26500925,0.02534116,0.05386753,0.36607763,0.02880082,0.22363914,0.84537152,0.08753038,0.10443234
3.97098549,1.32387963,0.02694050,0.05551825,0.38871741,0.02959583,0.23647752,0.88207461,0.09003416,0.10917765
3.97698849,1.38582392,0.02855164,0.05721333,0.41172361,0.03056131,0.25035300,0.92106136,0.09231103,0.11452226
3.98299150,1.45009888,0.03015577,0.05892298,0.43483321,0.03168210,0.26517311,0.96183534,0.09431286,0.12042178
3.98899450,1.51601025,0.03173474,0.06062208,0.45778795,0.03294324,0.28085230,1.00395381,0.09599912,0.12683232
3.99499750,1.58292550,0.03327152,0.06229105,0.48034044,0.03433015,0.29731389,1.04703528,0.09733845,0.13371062
4.00100050,1.65028346,0.03475066,0.06391655,0.50225984,0.03582872,0.31449157,1.09076422,0.09830991,0.14101394
4.00700350,1.71760022,0.03615865,0.06549176,0.52333688,0.03742538,0.33233012,1.13489274,0.09890374,0.14869960
4.01300650,1.78447162,0.03748422,0.06701638,0.54338806,0.03910701,0.35078544,1.17923938,0.09912169,0.15672443
4.01900950,1.85057202,0.03871857,0.06849620,0.56225886,0.04086080,0.36982379,1.22368485,0.09897680,0.16504397
4.02501251,1.91564986,0.03985549,0.06994241,0.57982601,0.04267402,0.38942029,1.26816522,0.09849279,0.17361168
4.03101551,1.97952025,0.04089140,0.07137050,0.59599857,0.04453383,0.40955670,1.31266272,0.09770290,0.18237803
4.03701851,2.04205511,0.04182526,0.07279898,0.61071810,0.04642696,0.43021850,1.35719482,0.09664855,0.19128973
4.04302151,2.10317156,0.04265839,0.07424784,0.62395774,0.04833951,0.45139140,1.40180197,0.09537751,0.20028903
4.04902451,2.16281913,0.04339428,0.07573694,0.63572048,0.05025669,0.47305746,1.44653470,0.09394206,0.20931329
4.05502751,2.22096660,0.04403823,0.07728431,0.64603666,0.05216267,0.49519092,1.49144082,0.09239692,0.21829464
4.06103052,2.27758914,0.04459703,0.07890457,0.65496087,0.05404046,0.51775400,1.53655316,0.09079728,0.22716011
4.06703352,2.33265636,0.04507853,0.08060747,0.66256852,0.05587197,0.54069288,1.58187870,0.08919682,0.23583195
4.07303652,2.38612194,0.04549125,0.08239662,0.66895207,0.05763803,0.56393407,1.62738935,0.08764599,0.24422831
4.07903952,2.43791527,0.04584400,0.08426858,0.67421729,0.05931863,0.58738149,1.67301499,0.08619047,0.25226428
4.08504252,2.48793546,0.04614546,0.08621230,0.67847950,0.06089323,0.61091437,1.71863906,0.08486994,0.25985315
4.09104552,2.53604782,0.04640391,0.08820889,0.68186012,0.06234115,0.63438635,1.76409665,0.08371712,0.26690803
4.09704852,2.58208306,0.04662689,0.09023186,0.68448337,0.06364205,0.65762572,1.80917534,0.08275722,0.27334360
4.10305153,2.62583885,0.04682103,0.09224775,0.68647343,0.06477646,0.68043709,1.85361850,0.08200761,0.27907803
4.10905453,2.66708371,0.04699188,0.09421714,0.68795185,0.06572638,0.70260447,1.89713077,0.08147782,0.28403496
4.11505753,2.70556267,0.04714384,0.09609593,0.68903533,0.06647582,0.72389563,1.93938535,0.08116981,0.28814547
4.12106053,2.74100441,0.04728012,0.09783699,0.68983378,0.06701140,0.74406776,1.98003265,0.08107848,0.29134995
4.12706353,2.77312925,0.04740283,0.09939188,0.69044853,0.06732283,0.76287410,2.01870967,0.08119222,0.29359979
4.13306653,2.80165737,0.04751300,0.10071276,0.69097071,0.06740334,0.78007130,2.05504962,0.08149376,0.29485876
4.13906953,2.82631696,0.04761074,0.10175423,0.69147966,0.06725001,0.79542720,2.08869122,0.08196088,0.29510416
4.14507254,2.84685154,0.04769534,0.10247515,0.69204133,0.06686397,0.80872863,2.11928722,0.08256734,0.29432750
4.15107554,2.86302628,0.04776540,0.10284027,0.69270655,0.06625046,0.81978877,2.14651177,0.08328362,0.29253488
4.15707854,2.87463283,0.04781896,0.10282157,0.69350929,0.06541871,0.82845378,2.17006631,0.08407775,0.28974679
4.16308154,2.88149275,0.04785358,0.10239938,0.69446489,0.06438179,0.83460825,2.18968395,0.08491602,0.28599768
4.16908454,2.88345933,0.04786640,0.10156312,0.69556821,0.06315621,0.83817924,2.20513225,0.08576367,0.28133500
4.17508754,2.88041808,0.04785417,0.10031163,0.69679203,0.06176143,0.83913868,2.21621467,0.08658548,0.27581794
4.18109055,2.87228617,0.04781325,0.09865322,0.69808569,0.06021935,0.83750394,2.22277085,0.08734633,0.26951590
4.18709355,2.85901104,0.04773957,0.09660531,0.69937426,0.05855362,0.83333665,2.22467608,0.08801175,0.26250675
4.19309655,2.84056888,0.04762859,0.09419375,0.70055828,0.05678898,0.82673983,2.22184050,0.08854840,0.25487490
4.19909955,2.81696325,0.04747526,0.09145186,0.70151443,0.05495057,0.81785351,2.21420829,0.08892460,0.24670945
4.20510255,2.78822431,0.04727399,0.08841929,0.70209719,0.05306331,0.80684909,2.20175731,0.08911078,0.23810226
4.21110555,2.75440918,0.04701862,0.08514067,0.70214156,0.05115119,0.79392291,2.18449965,0.08908005,0.22914621
4.21710855,2.71560354,0.04670250,0.08166424,0.70146704,0.04923685,0.77928924,2.16248298,0.08880867,0.21993362
4.22311156,2.67192459,0.04631854,0.07804038,0.69988270,0.04734105,0.76317320,2.13579317,0.08827661,0.21055489
4.22911456,2.62352550,0.04585938,0.07432023,0.69719339,0.04548236,0.74580395,2.10455787,0.08746800,0.20109750
4.23511756,2.57060086,0.04531758,0.07055442,0.69320670,0.04367698,0.72740856,2.06895082,0.08637170,0.19164510
4.24112056,2.51339305,0.04468592,0.06679192,0.68774071,0.04193860,0.70820663,2.02919675,0.08498163,0.18227710
4.24712356,2.45219875,0.04395771,0.06307901,0.68063185,0.04027843,0.68840611,1.98557618,0.08329719,0.17306831
4.25312656,2.38737514,0.04312712,0.05945857,0.67174281,0.03870534,0.66820031,1.93842968,0.08132350,0.16408893
4.25912956,2.31934507,0.04218955,0.05596947,0.66096986,0.03722602,0.64776603,1.88816104,0.07907150,0.15540463
4.26513257,2.24860049,0.04114202,0.05264621,0.64824935,0.03584530,0.62726293,1.83523867,0.07655794,0.14707672
4.27113557,2.17570365,0.03998345,0.04951876,0.63356286,0.03456644,0.60683392,1.78019496,0.07380525,0.13916240
4.27713857,2.10128549,0.03871498,0.04661254,0.61694084,0.03339150,0.58660639,1.72362288,0.07084116,0.13171501
4.28314157,2.02604084,0.03734016,0.04394858,0.59846431,0.03232170,0.56669401,1.66616993,0.06769824,0.12478413
4.28914457,1.95072045,0.03586503,0.04154379,0.57826468,0.03135773,0.54719906,1.60852913,0.06441327,0.11841570
4.29514757,1.87611967,0.03429822,0.03941134,0.55652147,0.03050010,0.52821482,1.55142721,0.06102649,0.11265185
4.30115058,1.80306428,0.03265076,0.03756104,0.53345812,0.02974940,0.50982798,1.49561040,0.05758074,0.10753076
4.30715358,1.73239378,0.03093597,0.03599979,0.50933600,0.02910650,0.49212080,1.44182807,0.05412056,0.10308623
4.31315658,1.66494273,0.02916913,0.03473202,0.48444694,0.02857272,0.47517302,1.39081504,0.05069119,0.09934720
4.31915958,1.60152104,0.02736714,0.03376010,0.45910463,0.02814992,0.45906319,1.34327306,0.04733769,0.09633717
4.32516258,1.54289391,0.02554807,0.03308471,0.43363529,0.02784050,0.44386969,1.29985240,0.04410396,0.09407354
4.33116558,1.48976230,0.02373070,0.03270513,0.40836804,0.02764740,0.42967112,1.26113414,0.04103188,0.09256694
4.33716858,1.44274477,0.02193406,0.03261946,0.38362541,0.02757396,0.41654631,1.22761400,0.03816061,0.09182060
4.34317159,1.40236145,0.02017688,0.03282480,0.35971445,0.02762381,0.40457394,1.19968838,0.03552581,0.09182985
4.34917459,1.36902070,0.01847721,0.03331732,0.33691878,0.02780065,0.39383177,1.17764317,0.03315920,0.09258166
4.35517759,1.34300914,0.01685198,0.03409225,0.31549177,0.02810802,0.38439567,1.16164566,0.03108805,0.09405444
4.36118059,1.32448509,0.01531669,0.03514381,0.29565131,0.02854907,0.37633842,1.15173998,0.02933488,0.09621802
4.36718359,1.31347598,0.01388510,0.03646513,0.27757604,0.02912626,0.36972849,1.14784609,0.02791731,0.09903387
4.37318659,1.30987932,0.01256910,0.03804807,0.26140327,0.02984115,0.36462868,1.14976243,0.02684788,0.10245554
4.37918959,1.31346742,0.01137857,0.03988300,0.24722843,0.03069408,0.36109483,1.15717183,0.02613411,0.10642933
4.38519260,1.32389543,0.01032139,0.04195868,0.23510599,0.03168396,0.35917458,1.16965076,0.02577851,0.11089531
4.39119560,1.34071226,0.00940351,0.04426202,0.22505170,0.03280807,0.35890611,1.18668122,0.02577872,0.11578836
4.39719860,1.36337414,0.00862901,0.04677798,0.21704589,0.03406188,0.36031711,1.20766507,0.02612770,0.12103960
4.40320160,1.39126005,0.00800032,0.04948943,0.21103758,0.03543893,0.36342368,1.23194015,0.02681391,0.12657778
4.40920460,1.42368875,0.00751839,0.05237716,0.20694921,0.03693078,0.36822943,1.25879781,0.02782160,0.13233093
4.41520760,1.45993657,0.00718293,0.05541991,0.20468170,0.03852704,0.37472460,1.28750117,0.02913110,0.13822792
4.42121061,1.49925578,0.00699260,0.05859453,0.20411962,0.04021538,0.38288534,1.31730378,0.03071911,0.14420012
4.42721361,1.54089269,0.00694525,0.06187621,0.20513623,0.04198171,0.39267303,1.34746798,0.03255917,0.15018295
4.43321661,1.58410531,0.00703810,0.06523882,0.20759832,0.04381038,0.40403372,1.37728272,0.03462203,0.15611731
4.43921961,1.62817988,0.00726789,0.06865538,0.21137062,0.04568442,0.41689771,1.40608014,0.03687617,0.16195085
4.44522261,1.67244609,0.00763101,0.07209855,0.21631966,0.04758589,0.43117923,1.43325079,0.03928838,0.16763905
4.45122561,1.71629050,0.00812357,0.07554124,0.22231712,0.04949622,0.44677633,1.45825691,0.04182437,0.17314601
4.45722861,1.75916795,0.00874144,0.07895724,0.22924246,0.05139658,0.46357095,1.48064364,0.04444944,0.17844495
4.46323162,1.80061067,0.00948023,0.08232191,0.23698499,0.05326832,0.48142920,1.50004781,0.04712930,0.18351843
4.46923462,1.84023497,0.01033523,0.08561274,0.24544524,0.05509335,0.50020195,1.51620420,0.04983076,0.18835819
4.47523762,1.87774535,0.01130132,0.08881007,0.25453568,0.05685455,0.51972576,1.52894912,0.05252261,0.19296471
4.48124062,1.91293607,0.01237287,0.09189751,0.26418091,0.05853611,0.53982407,1.53822125,0.05517640,0.19734650
4.48724362,1.94569020,0.01354360,0.09486244,0.27431724,0.06012388,0.56030891,1.54405993,0.05776720,0.20151906
4.49324662,1.97597633,0.01480641,0.09769626,0.28489180,0.06160561,0.58098300,1.54660082,0.06027434,0.20550364
4.49924962,2.00384318,0.01615328,0.10039458,0.29586126,0.06297119,0.60164232,1.54606938,0.06268205,0.20932592
4.50525263,2.02941249,0.01757512,0.10295715,0.30719025,0.06421278,0.62207917,1.54277223,0.06497993,0.21301449
4.51125563,2.05287050,0.01906170,0.10538774,0.31884951,0.06532490,0.64208580,1.53708708,0.06716333,0.21659946
4.51725863,2.07445861,0.02060159,0.10769378,0.33081404,0.06630446,0.66145843,1.52945131,0.06923359,0.22011104
4.52326163,2.09446360,0.02218215,0.10988588,0.34306118,0.06715074,0.68000174,1.52034994,0.07119799,0.22357840
4.52926463,2.11320802,0.02378961,0.11197722,0.35556888,0.06786528,0.69753383,1.51030335,0.07306960,0.22702868
4.53526763,2.13104105,0.02540919,0.11398287,0.36831426,0.06845180,0.71389132,1.49985514,0.07486688,0.23048635
4.54127064,2.14833035,0.02702528,0.11591903,0.38127250,0.06891605,0.72893471,1.48956070,0.07661311,0.23397293
4.54727364,2.16545509,0.02862175,0.11780222,0.39441613,0.06926563,0.74255364,1.47997660,0.07833561,0.23750697
4.55327664,2.18280028,0.03018222,0.11964849,0.40771486,0.06950983,0.75467198,1.47165125,0.08006476,0.24110453
4.55927964,2.20075246,0.03169047,0.12147267,0.42113591,0.06965942,0.76525242,1.46511667,0.08183294,0.24477981
4.56528264,2.21969644,0.03313084,0.12328772,0.43464467,0.06972650,0.77430035,1.46088161,0.08367329,0.24854612
4.57128564,2.24001294,0.03448869,0.12510406,0.44820591,0.06972425,0.78186683,1.45942568,0.08561838,0.25241695
4.57728864,2.26207646,0.03575085,0.12692912,0.46178509,0.06966675,0.78805023,1.46119432,0.08769884,0.25640704
4.58329165,2.28625299,0.03690598,0.12876690,0.47534980,0.06956874,0.79299642,1.46659434,0.08994198,0.26053344
4.58929465,2.31289692,0.03794501,0.13061775,0.48887118,0.06944537,0.79689732,1.47598953,0.09237042,0.26481624
4.59529765,2.34234652,0.03886144,0.13247811,0.50232495,0.06931195,0.79998747,1.48969600,0.09500084,0.26927899
4.60130065,2.37491760,0.03965152,0.13434051,0.51569204,0.06918360,0.80253874,1.50797704,0.09784280,0.27394862
4.60730365,2.41089488,0.04031441,0.13619355,0.52895859,0.06907488,0.80485302,1.53103708,0.10089779,0.27885485
4.61330665,2.45052106,0.04085214,0.13802202,0.54211518,0.06899949,0.80725303,1.55901467,0.10415846,0.28402901
4.61930965,2.49398352,0.04126953,0.13980707,0.55515523,0.06896976,0.81007144,1.59197458,0.10760813,0.28950217
4.62531266,2.54139910,0.04157388,0.14152645,0.56807266,0.06899625,0.81363859,1.62989923,0.11122065,0.29530288
4.63131566,2.59279764,0.04177466,0.14315485,0.58085877,0.06908730,0.81826920,1.67267965,0.11496053,0.30145431
4.63731866,2.64810500,0.04188301,0.14466426,0.59349859,0.06924861,0.82424863,1.72010680,0.11878349,0.30797118
4.64332166,2.70712685,0.04191120,0.14602446,0.60596687,0.06948281,0.83181914,1.77186377,0.12263729,0.31485653
4.64932466,2.76953426,0.04187203,0.14720352,0.61822404,0.06978916,0.84116694,1.82751967,0.12646307,0.32209863
4.65532766,2.83485261,0.04177821,0.14816845,0.63021252,0.07016331,0.85241054,1.88652609,0.13019682,0.32966814
4.66133067,2.90245492,0.04164177,0.14888586,0.64185359,0.07059712,0.86559114,1.94821682,0.13377135,0.33751589
4.66733367,2.97156080,0.04147348,0.14932277,0.65304526,0.07107875,0.88066552,2.01181170,0.13711832,0.34557147
4.67333667,3.04124192,0.04128237,0.14944747,0.66366154,0.07159272,0.89750209,2.07642496,0.14017050,0.35374270
4.67933967,3.11043455,0.04107536,0.14923037,0.67355307,0.07212031,0.91588031,2.14107837,0.14286414,0.36191629
4.68534267,3.17795940,0.04085698,0.14864504,0.68254961,0.07263998,0.93549381,2.20471932,0.14514116,0.36995960
4.69134567,3.24254839,0.04062928,0.14766908,0.69046419,0.07312799,0.95595718,2.26624353,0.14695136,0.37772369
4.69734867,3.30287783,0.04039185,0.14628506,0.69709901,0.07355918,0.97681630,2.32452169,0.14825427,0.38504739
4.70335168,3.35760664,0.04014196,0.14448142,0.70225283,0.07390778,0.99756195,2.37842924,0.14902074,0.39176242
4.70935468,3.40541829,0.03987490,0.14225315,0.70572958,0.07414836,1.01764600,2.42687822,0.14923401,0.39769926
4.71535768,3.44506448,0.03958430,0.13960243,0.70734794,0.07425670,1.03649977,2.46884967,0.14889042,0.40269356
4.72136068,3.47540863,0.03926270,0.13653897,0.70695114,0.07421080,1.05355346,2.50342525,0.14799950,0.40659266
4.72736368,3.49546706,0.03890201,0.13308022,0.70441683,0.07399164,1.06825617,2.52981660,0.14658359,0.40926208
4.73336668,3.50444573,0.03849407,0.12925131,0.69966618,0.07358396,1.08009516,2.54739090,0.14467689,0.41059152
4.73936968,3.50177086,0.03803123,0.12508465,0.69267195,0.07297689,1.08861391,2.55569144,0.14232408,0.41050000
4.74537269,3.48711167,0.03750679,0.12061942,0.68346483,0.07216433,1.09342788,2.55445211,0.13957856,0.40894002
4.75137569,3.46039423,0.03691544,0.11590072,0.67213793,0.07114521,1.09423743,2.54360505,0.13650032,0.40590041
4.75737869,3.42180566,0.03625360,0.11097849,0.65884880,0.06992351,1.09083727,2.52328110,0.13315372,0.40140769
4.76338169,3.37178849,0.03551966,0.10590636,0.64381916,0.06850812,1.08312226,2.49380297,0.12960511,0.39552594
4.76938469,3.31102555,0.03471408,0.10074026,0.62733194,0.06691247,1.07108921,2.45567150,0.12592055,0.38835513
4.77538769,3.24041615,0.03383942,0.09553700,0.60972593,0.06515400,1.05483484,2.40954579,0.12216372,0.38002801
4.78139070,3.16104487,0.03290027,0.09035289,0.59138810,0.06325351,1.03455020,2.35621803,0.11839402,0.37070567
4.78739370,3.07414441,0.03190303,0.08524229,0.57274390,0.06123439,1.01051177,2.29658446,0.11466510,0.36057210
4.79339670,2.98105437,0.03085571,0.08025633,0.55424588,0.05912181,0.98307005,2.23161375,0.11102375,0.34982783
4.79939970,2.88317793,0.02976761,0.07544176,0.53636110,0.05694185,0.95263601,2.16231430,0.10750924,0.33868313
4.80540270,2.78193819,0.02864897,0.07083996,0.51955772,0.05472069,0.91966631,2.08970199,0.10415308,0.32735098
4.81140570,2.67873627,0.02751066,0.06648623,0.50429130,0.05248380,0.88464793,2.01476965,0.10097920,0.31604012
4.81740870,2.57491246,0.02636380,0.06240919,0.49099122,0.05025526,0.84808285,1.93845953,0.09800447,0.30494846
4.82341171,2.47171212,0.02521945,0.05863058,0.48004773,0.04805714,0.81047357,1.86163982,0.09523947,0.29425712
4.82941471,2.37025716,0.02408835,0.05516514,0.47179994,0.04590907,0.77230976,1.78508573,0.09268954,0.28412536
4.83541771,2.27152384,0.02298060,0.05202090,0.46652526,0.04382782,0.73405676,1.70946589,0.09035582,0.27468641
4.84142071,2.17632738,0.02190549,0.04919952,0.46443035,0.04182716,0.69614604,1.63533397,0.08823643,0.26604442
4.84742371,2.08531322,0.02087134,0.04669691,0.46564410,0.03991773,0.65896784,1.56312557,0.08632749,0.25827259
4.85342671,1.99895486,0.01988535,0.04450398,0.47021259,0.03810710,0.62286617,1.49315998,0.08462407,0.25141242
4.85942971,1.91755764,0.01895355,0.04260753,0.47809638,0.03639990,0.58813602,1.42564637,0.08312099,0.24547400
4.86543272,1.84126786,0.01808073,0.04099121,0.48917005,0.03479803,0.55502270,1.36069357,0.08181335,0.24043739
4.87143572,1.77008641,0.01727043,0.03963650,0.50322411,0.03330099,0.52372308,1.29832281,0.08069689,0.23625488
4.87743872,1.70388601,0.01652497,0.03852384,0.51996927,0.03190623,0.49438855,1.23848250,0.07976821,0.23285401
4.88344172,1.64243114,0.01584548,0.03763354,0.53904303,0.03060949,0.46712927,1.18106425,0.07902477,0.23014122
4.88944472,1.58539979,0.01523198,0.03694683,0.56001838,0.02940526,0.44201949,1.12591933,0.07846480,0.22800597
4.89544772,1.53240613,0.01468343,0.03644676,0.58241461,0.02828716,0.41910360,1.07287477,0.07808712,0.22632520
4.90145073,1.48302336,0.01419787,0.03611896,0.60570987,0.02724832,0.39840250,1.02174861,0.07789101,0.22496797
4.90745373,1.43680593,0.01377250,0.03595234,0.62935518,0.02628178,0.37992011,0.97236364,0.07787601,0.22380003
4.91345673,1.39331063,0.01340387,0.03593962,0.65278962,0.02538082,0.36364953,0.92455924,0.07804190,0.22268845
4.91945973,1.35211591,0.01308797,0.03607772,0.67545629,0.02453925,0.34957881,0.87820118,0.07838866,0.22150587
4.92546273,1.31283895,0.01282040,0.03636789,0.69681836,0.02375169,0.33769583,0.83318903,0.07891655,0.22013451
4.93146573,1.27515014,0.01259657,0.03681576,0.71637496,0.02301377,0.32799233,0.78946129,0.07962633,0.21846968
4.93746873,1.23878472,0.01241181,0.03743112,0.73367616,0.02232227,0.32046670,0.74699813,0.08051941,0.21642282
4.94347174,1.20355119,0.01226157,0.03822747,0.74833661,0.02167524,0.31512552,0.70582204,0.08159809,0.21392391
4.94947474,1.16933648,0.01214154,0.03922148,0.76004715,0.02107206,0.31198379,0.66599643,0.08286576,0.21092324
4.95547774,1.13610783,0.01204779,0.04043215,0.76858413,0.02051336,0.31106373,0.62762255,0.08432694,0.20739254
4.96148074,1.10391130,0.01197688,0.04187983,0.77381581,0.02000102,0.31239230,0.59083493,0.08598720,0.20332538
4.96748374,1.07286718,0.01192588,0.04358514,0.77570572,0.01953802,0.31599751,0.55579564,0.08785298,0.19873684
4.97348674,1.04316242,0.01189246,0.04556774,0.77431268,0.01912825,0.32190365,0.52268778,0.08993107,0.19366261
4.97948974,1.01504056,0.01187486,0.04784504,0.76978756,0.01877633,0.33012579,0.49170832,0.09222797,0.18815736
4.98549275,0.98878944,0.01187186,0.05043089,0.76236682,0.01848733,0.34066375,0.46306080,0.09474906,0.18229264
4.99149575,0.96472734,0.01188268,0.05333438,0.75236314,0.01826653,0.35349599,0.43694797,0.09749752,0.17615422
4.99749875,0.94318803,0.01190691,0.05655866,0.74015362,0.01811911,0.36857369,0.41356472,0.10047329,0.16983914
5.00350175,0.92450554,0.01194440,0.06010001,0.72616595,0.01804986,0.38581558,0.39309147,0.10367190,0.16345248
5.00950475,0.90899911,0.01199509,0.06394708,0.71086329,0.01806295,0.40510374,0.37568826,0.10708342,0.15710393
5.01550775,0.89695912,0.01205890,0.06808049,0.69472851,0.01816164,0.42628091,0.36148953,0.11069154,0.15090448
5.02151076,0.88863458,0.01213561,0.07247268,0.67824841,0.01834808,0.44914943,0.35059995,0.11447295,0.14496308
5.02751376,0.88422263,0.01222476,0.07708814,0.66189863,0.01862318,0.47347222,0.34309118,0.11839698,0.13938361
5.03351676,0.88386057,0.01232558,0.08188407,0.64612993,0.01898644,0.49897573,0.33899966,0.12242563,0.13426220
5.03951976,0.88762073,0.01243693,0.08681128,0.63135616,0.01943596,0.52535503,0.33832551,0.12651413,0.12968483
5.04552276,0.89550819,0.01255731,0.09181554,0.61794440,0.01996843,0.55228080,0.34103253,0.13061178,0.12572558
5.05152576,0.90746148,0.01268490,0.09683911,0.60620751,0.02057920,0.57940797,0.34704917,0.13466328,0.12244520
5.05752876,0.92335596,0.01281759,0.10182254,0.59639908,0.02126240,0.60638569,0.35627055,0.13861043,0.11989028
5.06353177,0.94300967,0.01295310,0.10670656,0.58871086,0.02201113,0.63286812,0.36856127,0.14239401,0.11809295
5.06953477,0.96619114,0.01308907,0.11143401,0.58327228,0.02281769,0.65852545,0.38375909,0.14595592,0.11707092
5.07553777,0.99262848,0.01322318,0.11595166,0.58015194,0.02367373,0.68305463,0.40167916,0.14924129,0.11682802
5.08154077,1.02201940,0.01335327,0.12021195,0.57936063,0.02457059,0.70618915,0.42211875,0.15220050,0.11735504
5.08754377,1.05404125,0.01347739,0.12417429,0.58085539,0.02549942,0.72770727,0.44486218,0.15479104,0.11863074
5.09354677,1.08836050,0.01359395,0.12780618,0.58454439,0.02645148,0.74743834,0.46968584,0.15697899,0.12062313
5.09954977,1.12464124,0.01370168,0.13108380,0.59029199,0.02741823,0.76526666,0.49636303,0.15874002,0.12329073
5.10555278,1.16255200,0.01379972,0.13399216,0.59792388,0.02839150,0.78113276,0.52466834,0.16006001,0.12658390
5.11155578,1.20177066,0.01388749,0.13652487,0.60723193,0.02936354,0.79503188,0.55438145,0.16093503,0.13044599
5.11755878,1.24198721,0.01396473,0.13868334,0.61797863,0.03032703,0.80700987,0.58529013,0.16137084,0.13481450
5.12356178,1.28290436,0.01403132,0.14047569,0.62990106,0.03127507,0.81715667,0.61719218,0.16138190,0.13962202
5.12956478,1.32423605,0.01408720,0.14191533,0.64271450,0.03220106,0.82559774,0.64989636,0.16098993,0.14479703
5.13556778,1.36570423,0.01413224,0.14301924,0.65611568,0.03309860,0.83248396,0.68322216,0.16022218,0.15026452
5.14157079,1.40703425,0.01416608,0.14380625,0.66978604,0.03396134,0.83798075,0.71699835,0.15910947,0.15594660
5.14757379,1.44794956,0.01418804,0.14429523,0.68339507,0.03478284,0.84225681,0.75106063,0.15768421,0.16176286
5.15357679,1.48816606,0.01419702,0.14450349,0.69660398,0.03555641,0.84547339,0.78524833,0.15597841,0.16763092
5.15957979,1.52738706,0.01419141,0.14444535,0.70907004,0.03627504,0.84777462,0.81940050,0.15402198,0.17346683
5.16558279,1.56529919,0.01416910,0.14413109,0.72045152,0.03693127,0.84927949,0.85335171,0.15184124,0.17918568
5.17158579,1.60157007,0.01412748,0.14356623,0.73041353,0.03751723,0.85007590,0.88692784,0.14945788,0.18470233
5.17758879,1.63584800,0.01406354,0.14275139,0.73863453,0.03802467,0.85021714,0.91994241,0.14688836,0.18993236
5.18359180,1.66776418,0.01397394,0.14168244,0.74481363,0.03844508,0.84972093,0.95219358,0.14414372,0.19479317
5.18959480,1.69693757,0.01385521,0.14035122,0.74867826,0.03876991,0.84857113,0.98346250,0.14122995,0.19920539
5.19559780,1.72298236,0.01370390,0.13874661,0.74999202,0.03899083,0.84672171,1.01351299,0.13814867,0.20309444
5.20160080,1.74551794,0.01351682,0.13685592,0.74856244,0.03910003,0.84410303,1.04209309,0.13489825,0.20639234
5.20760380,1.76418099,0.01329120,0.13466651,0.74424805,0.03909061,0.84062975,1.06893849,0.13147512,0.20903955
5.21360680,1.77863922,0.01302495,0.13216758,0.73696453,0.03895700,0.83621002,1.09377772,0.12787529,0.21098696
5.21960980,1.78860603,0.01271681,0.12935190,0.72668949,0.03869529,0.83075528,1.11633935,0.12409588,0.21219775
5.22561281,1.79385560,0.01236649,0.12621752,0.71346552,0.03830367,0.82419030,1.13636062,0.12013661,0.21264923
5.23161581,1.79423734,0.01197484,0.12276923,0.69740132,0.03778274,0.81646264,1.15359732,0.11600111,0.21233433
5.23761881,1.78968924,0.01154387,0.11901980,0.67867062,0.03713581,0.80755126,1.16783451,0.11169804,0.21126291
5.24362181,1.78024923,0.01107677,0.11499077,0.65750899,0.03636910,0.79747376,1.17889742,0.10724186,0.20946259
5.24962481,1.76606388,0.01057792,0.11071295,0.63420853,0.03549189,0.78629182,1.18666208,0.10265330,0.20697915
5.25562781,1.74739413,0.01005278,0.10622648,0.60911057,0.03451650,0.77411483,1.19106504,0.09795942,0.20387645
5.26163082,1.72461749,0.00950777,0.10158044,0.58259674,0.03345827,0.76110139,1.19211164,0.09319344,0.20023587
5.26763382,1.69822658,0.00895013,0.09683215,0.55507880,0.03233536,0.74745876,1.18988234,0.08839412,0.19615515
5.27363682,1.66882404,0.00838774,0.09204611,0.52698754,0.03116851,0.73344040,1.18453671,0.08360500,0.19174684
5.27963982,1.63711385,0.00782893,0.08729267,0.49876137,0.02998072,0.71934160,1.17631488,0.07887331,0.18713627
5.28564282,1.60388950,0.00728228,0.08264648,0.47083489,0.02879682,0.70549373,1.16553611,0.07424888,0.18245920
5.29164582,1.57001921,0.00675642,0.07818485,0.44362807,0.02764306,0.69225711,1.15259478,0.06978284,0.17785916
5.29764882,1.53642895,0.00625988,0.07398604,0.41753632,0.02654661,0.68001293,1.13795364,0.06552637,0.17348453
5.30365183,1.50408370,0.00580087,0.07012751,0.39292180,0.02553506,0.66915467,1.12213479,0.06152951,0.16948561
5.30965483,1.47396751,0.00538718,0.06668423,0.37010624,0.02463594,0.66007900,1.10570866,0.05783999,0.16601157
5.31565783,1.44706299,0.00502604,0.06372714,0.34936537,0.02387619,0.65317676,1.08928138,0.05450224,0.16320742
5.32166083,1.42433080,0.00472400,0.06132159,0.33092510,0.02328173,0.64882393,1.07348113,0.05155651,0.16121111
5.32766383,1.40668935,0.00448689,0.05952610,0.31495928,0.02287691,0.64737305,1.05894370,0.04903811,0.16015071
5.33366683,1.39499537,0.00431972,0.05839102,0.30158907,0.02268414,0.64914492,1.04629801,0.04697687,0.16014178
5.33966983,1.39002537,0.00422665,0.05795753,0.29088368,0.02272341,0.65442084,1.03615164,0.04539659,0.16128488
5.34567284,1.39245822,0.00421089,0.05825660,0.28286217,0.02301192,0.66343536,1.02907687,0.04431472,0.16366325
5.35167584,1.40285901,0.00427474,0.05930816,0.27749623,0.02356360,0.67636949,1.02559745,0.04374206,0.16734073
5.35767884,1.42166420,0.00441949,0.06112031,0.27471359,0.02438881,0.69334453,1.02617613,0.04368255,0.17235981
5.36368184,1.44916810,0.00464536,0.06368870,0.27440181,0.02549390,0.71441628,1.03120319,0.04413307,0.17873986
5.36968484,1.48551076,0.00495150,0.06699595,0.27641228,0.02688088,0.73956992,1.04098590,0.04508333,0.18647570
5.37568784,1.53066741,0.00533593,0.07101130,0.28056428,0.02854704,0.76871549,1.05573901,0.04651573,0.19553624
5.38169085,1.58443964,0.00579546,0.07569035,0.28664898,0.03048469,0.80168412,1.07557630,0.04840531,0.20586355
5.38769385,1.64644863,0.00632569,0.08097505,0.29443325,0.03268089,0.83822523,1.10050325,0.05071975,0.21737225
5.39369685,1.71613081,0.00692095,0.08679394,0.30366344,0.03511725,0.87800490,1.13041101,0.05341939,0.22994930
5.39969985,1.79273645,0.00757431,0.09306263,0.31406893,0.03776985,0.92060561,1.16507187,0.05645741,0.24345434
5.40570285,1.87533171,0.00827759,0.09968467,0.32536574,0.04060926,0.96552780,1.20413643,0.05978016,0.25772061
5.41170585,1.96280474,0.00902140,0.10655279,0.33726015,0.04360068,1.01219338,1.24713300,0.06332754,0.27255654
5.41770885,2.05387635,0.00979524,0.11355043,0.34945251,0.04670427,1.05995154,1.29346942,0.06703374,0.28774804
5.42371186,2.14711560,0.01058764,0.12055379,0.36164120,0.04987561,1.10808699,1.34243778,0.07082802,0.30306161
5.42971486,2.24096083,0.01138629,0.12743409,0.37352693,0.05306634,1.15583087,1.39322243,0.07463584,0.31824821
5.43571786,2.33374594,0.01217829,0.13406034,0.38481737,0.05622503,1.20237411,1.44491145,0.07838012,0.33304781
5.44172086,2.42373187,0.01295043,0.14030220,0.39523204,0.05929813,1.24688339,1.49651187,0.08198276,0.34719474
5.44772386,2.50914294,0.01368944,0.14603310,0.40450745,0.06223116,1.28851918,1.54696842,0.08536626,0.36042344
5.45372686,2.58820693,0.01438236,0.15113347,0.41240235,0.06496993,1.32645557,1.59518590,0.08845556,0.37247478
5.45972986,2.65919825,0.01501685,0.15549385,0.41870303,0.06746189,1.35990131,1.64005441,0.09117983,0.38310242
5.46573287,2.72048253,0.01558159,0.15901793,0.42322831,0.06965754,1.38812128,1.68047707,0.09347433,0.39207930
5.47173587,2.77056118,0.01606657,0.16162518,0.42583420,0.07151175,1.41045779,1.71539922,0.09528221,0.39920381
5.47773887,2.80811437,0.01646346,0.16325322,0.42641794,0.07298504,1.42635066,1.74383813,0.09655605,0.40430547
5.48374187,2.83204043,0.01676590,0.16385957,0.42492118,0.07404480,1.43535550,1.76491212,0.09725927,0.40724986
5.48974487,2.84149014,0.01696972,0.16342286,0.42133217,0.07466621,1.43715907,1.77786784,0.09736724,0.40794268
5.49574787,2.83589432,0.01707313,0.16194338,0.41568676,0.07483306,1.43159131,1.78210448,0.09686793,0.40633259
5.50175088,2.81498335,0.01707685,0.15944292,0.40806821,0.07453822,1.41863322,1.77719389,0.09576235,0.40241282
5.50775388,2.77879770,0.01698413,0.15596397,0.39860556,0.07378388,1.39842020,1.76289555,0.09406437,0.39622146
5.51375688,2.72768879,0.01680071,0.15156823,0.38747074,0.07258148,1.37124073,1.73916566,0.09180031,0.38784030
5.51975988,2.66231010,0.01653471,0.14633454,0.37487445,0.07095135,1.33753014,1.70615986,0.08900802,0.37739244
5.52576288,2.58359869,0.01619639,0.14035638,0.36106082,0.06892207,1.29785984,1.66422942,0.08573563,0.36503856
5.53176588,2.49274801,0.01579791,0.13373886,0.34630112,0.06652957,1.25292221,1.61391085,0.08204001,0.35097220
5.53776888,2.39117293,0.01535297,0.12659559,0.33088670,0.06381601,1.20351187,1.55590969,0.07798503,0.33541412
5.54377189,2.28046864,0.01487641,0.11904530,0.31512141,0.06082852,1.15050391,1.49107876,0.07363955,0.31860600
5.54977489,2.16236497,0.01438377,0.11120859,0.29931369,0.05761782,1.09483004,1.42039228,0.06907549,0.30080377
5.55577789,2.03867818,0.01389085,0.10320473,0.28376868,0.05423677,1.03745344,1.34491662,0.06436582,0.28227086
5.56178089,1.91126205,0.01341319,0.09514876,0.26878055,0.05073892,0.97934342,1.26577926,0.05958266,0.26327149
5.56778389,1.78196023,0.01296564,0.08714895,0.25462538,0.04717718,0.92145070,1.18413711,0.05479562,0.24406450
5.57378689,1.65256173,0.01256189,0.07930469,0.24155468,0.04360250,0.86468425,1.10114555,0.05007025,0.22489764
5.57978989,1.52476101,0.01221404,0.07170485,0.22978987,0.04006278,0.80989057,1.01792942,0.04546694,0.20600275
5.58579290,1.40012396,0.01193228,0.06442671,0.21951788,0.03660195,0.75783593,0.93555707,0.04103994,0.18759178
5.59179590,1.28006094,0.01172450,0.05753533,0.21088788,0.03325924,0.70919225,0.85501824,0.03683689,0.16985393
5.59779890,1.16580721,0.01159614,0.05108344,0.20400941,0.03006868,0.66452703,0.77720650,0.03289855,0.15295366
5.60380190,1.05841117,0.01154997,0.04511187,0.19895174,0.02705885,0.62429731,0.70290662,0.02925886,0.13702990
5.60980490,0.95873028,0.01158601,0.03965020,0.19574466,0.02425278,0.58884803,0.63278697,0.02594533,0.12219613
5.61580790,0.86743412,0.01170161,0.03471793,0.19438058,0.02166814,0.55841438,0.56739689,0.02297956,0.10854130
5.62181091,0.78501391,0.01189147,0.03032572,0.19481776,0.01931751,0.53312797,0.50716863,0.02037803,0.09613163
5.62781391,0.71179750,0.01214788,0.02647691,0.19698474,0.01720886,0.51302642,0.45242339,0.01815293,0.08501284
5.63381691,0.64796865,0.01246096,0.02316907,0.20078559,0.01534609,0.49806564,0.40338070,0.01631313,0.07521288
5.63981991,0.59358927,0.01281900,0.02039554,0.20610595,0.01372969,0.48813435,0.36017044,0.01486501,0.06674491
5.64582291,0.54862337,0.01320888,0.01814688,0.21281947,0.01235740,0.48306985,0.32284652,0.01381338,0.05961033
5.65182591,0.51296122,0.01361650,0.01641222,0.22079442,0.01122486,0.48267435,0.29140151,0.01316220,0.05380165
5.65782891,0.48644255,0.01402728,0.01518040,0.22990024,0.01032627,0.48673108,0.26578113,0.01291514,0.04930526
5.66383192,0.46887753,0.01442662,0.01444080,0.24001357,0.00965496,0.49501911,0.24589804,0.01307596,0.04610365
5.66983492,0.46006442,0.01480044,0.01418401,0.25102360,0.00920386,0.50732640,0.23164403,0.01364870,0.04417724
5.67583792,0.45980322,0.01513562,0.01440209,0.26283635,0.00896588,0.52346014,0.22290012,0.01463756,0.04350567
5.68184092,0.46790448,0.01542043,0.01508861,0.27537760,0.00893421,0.54325388,0.21954411,0.01604662,0.04406836
5.68784392,0.48419304,0.01564490,0.01623838,0.28859441,0.00910241,0.56657104,0.22145523,0.01787926,0.04584461
5.69384692,0.50850650,0.01580114,0.01784690,0.30245488,0.00946442,0.59330448,0.22851583,0.02013746,0.04881297
5.69984992,0.54068866,0.01588351,0.01990955,0.31694626,0.01001448,0.62337212,0.24061001,0.02282083,0.05295012
5.70585293,0.58057828,0.01588877,0.02242064,0.33207139,0.01074690,0.65670881,0.25761958,0.02592562,0.05822932
5.71185593,0.62799398,0.01581610,0.02537222,0.34784354,0.01165573,0.69325477,0.27941750,0.02944353,0.06461840
5.71785893,0.68271612,0.01566699,0.02875291,0.36427999,0.01273441,0.73294132,0.30585942,0.03336064,0.07207770
5.72386193,0.74446693,0.01544510,0.03254663,0.38139463,0.01397532,0.77567462,0.33677389,0.03765632,0.08055778
5.72986493,0.81289010,0.01515603,0.03673142,0.39919003,0.01536935,0.82131855,0.37195191,0.04230228,0.08999735
5.73586793,0.88753144,0.01480694,0.04127839,0.41764938,0.01690551,0.86967765,0.41113672,0.04726182,0.10032142
5.74187094,0.96782180,0.01440625,0.04615085,0.43672887,0.01857052,0.92048153,0.45401447,0.05248936,0.11143996
5.74787394,1.05306398,0.01396319,0.05130374,0.45635112,0.02034855,0.97337169,0.50020667,0.05793027,0.12324700
5.75387694,1.14242470,0.01348741,0.05668336,0.47639993,0.02222103,1.02789201,0.54926511,0.06352108,0.13562063
5.75987994,1.23493272,0.01298856,0.06222749,0.49671705,0.02416659,1.08348379,0.60066991,0.06919006,0.14842368
5.76588294,1.32948415,0.01247595,0.06786591,0.51710114,0.02616119,1.13948606,0.65383118,0.07485823,0.16150535
5.77188594,1.42485504,0.01195816,0.07352138,0.53730920,0.02817832,1.19514167,0.70809452,0.08044077,0.17470362
5.77788894,1.51972155,0.01144280,0.07911098,0.55706064,0.03018947,1.24960924,0.76275068,0.08584878,0.18784864
5.78389195,1.61268732,0.01093628,0.08454782,0.57604376,0.03216464,1.30198086,0.81704894,0.09099137,0.20076674
5.78989495,1.70231700,0.01044370,0.08974321,0.59392468,0.03407307,1.35130488,0.87021416,0.09577800,0.21328510
5.79589795,1.78717498,0.00996878,0.09460889,0.61035803,0.03588404,1.39661303,0.92146663,0.10012098,0.22523684
5.80190095,1.86586753,0.00951384,0.09905960,0.62499928,0.03756775,1.43695063,0.97004411,0.10393800,0.23646632
5.80790395,1.93708655,0.00907993,0.10301562,0.63751776,0.03909623,1.47140853,1.01522499,0.10715469,0.24683434
5.81390695,1.99965285,0.00866694,0.10640527,0.64760995,0.04044427,1.49915526,1.05635150,0.10970689,0.25622306
5.81990995,2.05255681,0.00827377,0.10916728,0.65501227,0.04159027,1.51946775,1.09285176,0.11154279,0.26454035
5.82591296,2.09499433,0.00789856,0.11125282,0.65951260,0.04251703,1.53175903,1.12425953,0.11262461,0.27172332
5.83191596,2.12639612,0.00753890,0.11262721,0.66096006,0.04321237,1.53560159,1.15023069,0.11292989,0.27774082
5.83791896,2.14644883,0.00719209,0.11327110,0.65927234,0.04366959,1.53074500,1.17055529,0.11245220,0.28259472
5.84392196,2.15510660,0.00685535,0.11318116,0.65444030,0.04388776,1.51712704,1.18516461,0.11120139,0.28632002
5.84992496,2.15259253,0.00652599,0.11237021,0.64652956,0.04387180,1.49487762,1.19413271,0.10920324,0.28898342
5.85592796,2.13938968,0.00620163,0.11086671,0.63567887,0.04363226,1.46431533,1.19767231,0.10649853,0.29068082
5.86193097,2.11622205,0.00588031,0.10871376,0.62209555,0.04318504,1.42593686,1.19612498,0.10314171,0.29153343
5.86793397,2.08402643,0.00556057,0.10596753,0.60604806,0.04255074,1.38039978,1.18994632,0.09919903,0.29168294
5.87393697,2.04391638,0.00524155,0.10269530,0.58785618,0.04175398,1.32849962,1.17968663,0.09474637,0.29128587
5.87993997,1.99714019,0.00492294,0.09897312,0.56787933,0.04082252,1.27114241,1.16596811,0.08986685,0.29050726
5.88594297,1.94503486,0.00460501,0.09488325,0.54650362,0.03978626,1.20931407,1.14945971,0.08464823,0.28951428
5.89194597,1.88897828,0.00428853,0.09051147,0.52412817,0.03867630,1.14404810,1.13085096,0.07918033,0.28846968
5.89794897,1.83034194,0.00397470,0.08594443,0.50115164,0.03752383,1.07639313,1.11082591,0.07355248,0.28752573
5.90395198,1.77044623,0.00366505,0.08126705,0.47795926,0.03635925,1.00738171,1.09003862,0.06785120,0.28681875
5.90995498,1.71052044,0.00336133,0.07656019,0.45491125,0.03521120,0.93800172,1.06909125,0.06215805,0.28646445
5.91595798,1.65166893,0.00306542,0.07189866,0.43233286,0.03410584,0.86917143,1.04851572,0.05654789,0.28655445
5.92196098,1.59484490,0.00277922,0.06734950,0.41050655,0.03306622,0.80171909,1.02875977,0.05108744,0.28715392
5.92796398,1.54083238,0.00250453,0.06297083,0.38966645,0.03211180,0.73636753,1.01017785,0.04583423,0.28830052
5.93396698,1.49023697,0.00224301,0.05881099,0.36999531,0.03125819,0.67372416,0.99302707,0.04083602,0.29000473
5.93996998,1.44348495,0.00199606,0.05490828,0.35162368,0.03051708,0.61427610,0.97746811,0.03613051,0.29225129
5.94597299,1.40083046,0.00176484,0.05129097,0.33463150,0.02989626,0.55839045,0.96357087,0.03174544,0.29500189
5.95197599,1.36236961,0.00155019,0.04797782,0.31905143,0.02939992,0.50631883,0.95132410,0.02769907,0.29819875
5.95797899,1.32806034,0.00135261,0.04497881,0.30487404,0.02902894,0.45820580,0.94064842,0.02400076,0.30176904
5.96398199,1.29774660,0.00117232,0.04229618,0.29205399,0.02878142,0.41410016,0.93141170,0.02065194,0.30562969
5.96998499,1.27118523,0.00100920,0.03992564,0.28051717,0.02865316,0.37396826,0.92344593,0.01764709,0.30969261
5.97598799,1.24807384,0.00086288,0.03785767,0.27016815,0.02863831,0.33770861,0.91656442,0.01497482,0.31386976
5.98199100,1.22807835,0.00073276,0.03607881,0.26089757,0.02872989,0.30516671,0.91057840,0.01261908,0.31807804
5.98799400,1.21085842,0.00061802,0.03457299,0.25258915,0.02892034,0.27614958,0.90531217,0.01056021,0.32224356
5.99399700,1.19608982,0.00051769,0.03332265,0.24512597,0.02920207,0.25043921,0.90061586,0.00877604,0.32630528
6.00000000,1.18348259,0.00043070,0.03230976,0.23839582,0.02956780,0.22780446,0.89637532,0.00724284,0.33021758
