energy_ev,total_up,total_down,Mn_p_up,Mn_p_down,Mn_d_up,Mn_d_down,N_s_up,N_s_down,N_p_up,N_p_down,Na_s_up,Na_s_down,Se_s_up,Se_s_down,Se_p_up,Se_p_down
-6.00000000,3.01072053,-1.93048052,1.73560657,-1.08104519,0.97259676,-0.66188077,0.00918549,-0.00450452,0.86170028,-0.67084433,0.19212603,-0.08754083,0.04418181,-0.00529355,0.87861208,-0.50409929
-5.99399700,3.02494342,-2.04659817,1.74361636,-1.15335379,0.98477460,-0.69241674,0.00877642,-0.00467482,0.87039401,-0.70285537,0.18990595,-0.09088232,0.04451388,-0.00598571,0.87634273,-0.54528905
-5.98799400,3.02567843,-2.16086535,1.74169103,-1.22605281,0.99282013,-0.72075224,0.00835622,-0.00488051,0.87407738,-0.73329263,0.18722095,-0.09455088,0.04463235,-0.00675346,0.87112739,-0.58721546
-5.98199100,3.01315848,-2.27206978,1.72993270,-1.29850795,0.99668193,-0.74652181,0.00792829,-0.00511782,0.87268659,-0.76184715,0.18412943,-0.09846643,0.04454523,-0.00759715,0.86319368,-0.62944446
-5.97598799,2.98789411,-2.37905297,1.70864141,-1.37007785,0.99639873,-0.76941711,0.00749607,-0.00538230,0.86625956,-0.78825330,0.18070184,-0.10254783,0.04426424,-0.00851630,0.85282965,-0.67152297
-5.96998499,2.95065335,-2.48072793,1.67830312,-1.44011768,0.99209572,-0.78919332,0.00706305,-0.00566889,0.85493293,-0.81229107,0.17701907,-0.10671496,0.04380423,-0.00950958,0.84037451,-0.71298702
-5.96398199,2.90243387,-2.57609444,1.63957242,-1.50798283,0.98397833,-0.80567336,0.00663275,-0.00597207,0.83893634,-0.83378664,0.17317041,-0.11089085,0.04318260,-0.01057471,0.82620761,-0.75337046
-5.95797899,2.84442868,-2.66425177,1.59325051,-1.57303268,0.97232394,-0.81875001,0.00620867,-0.00628591,0.81858415,-0.85261154,0.16925106,-0.11500353,0.04241859,-0.01170849,0.81073618,-0.79221386
-5.95197599,2.77798681,-2.74440850,1.54025956,-1.63463508,0.95747163,-0.82838571,0.00579426,-0.00660424,0.79426494,-0.86868036,0.16535933,-0.11898763,0.04153259,-0.01290674,0.79438238,-0.82907331
-5.94597299,2.70457039,-2.81588970,1.48161432,-1.69217143,0.93981047,-0.83461025,0.00539290,-0.00692071,0.76642926,-0.88194756,0.16159358,-0.12278576,0.04054549,-0.01416433,0.77757011,-0.86352897
-5.93996998,2.62570998,-2.87814130,1.41839207,-1.74504285,0.91976675,-0.83751644,0.00500780,-0.00722899,0.73557599,-0.89240349,0.15804915,-0.12634937,0.03947802,-0.01547517,0.76071220,-0.89519280
-5.93396698,2.54295961,-2.93073207,1.35170216,-1.79267742,0.89779060,-0.83725406,0.00464201,-0.00752280,0.70223799,-0.90007005,0.15481521,-0.12963931,0.03835026,-0.01683221,0.74419839,-0.92371563
-5.92796398,2.45785336,-2.97335337,1.28265603,-1.83453870,0.87434247,-0.83402243,0.00429829,-0.00779612,0.66696731,-0.90499632,0.15197181,-0.13262594,0.03718110,-0.01822752,0.72838457,-0.94879301
-5.92196098,2.37186476,-3.00581715,1.21233893,-1.87013523,0.84988000,-0.82806183,0.00397911,-0.00804325,0.63032068,-0.90725443,0.14958713,-0.13528884,0.03598803,-0.01965231,0.71358363,-0.97016993
-5.91595798,2.28637055,-3.02805239,1.14178403,-1.89903107,0.82484559,-0.81964440,0.00368659,-0.00825896,0.59284570,-0.90693591,0.14771514,-0.13761615,0.03478682,-0.02109693,0.70005824,-0.98764426
-5.90995498,2.20261967,-3.04010041,1.07194979,-1.92085685,0.79965514,-0.80906469,0.00342249,-0.00843856,0.55506810,-0.90414868,0.14639364,-0.13960358,0.03359149,-0.02255097,0.68801578,-1.00106879
-5.90395198,2.12170848,-3.04210925,1.00370126,-1.93532096,0.77468838,-0.79663039,0.00318815,-0.00857806,0.51748050,-0.89901473,0.14564290,-0.14125316,0.03241432,-0.02400328,0.67760540,-1.01035208
-5.89794897,2.04456286,-3.03432748,0.93779547,-1.94222036,0.75028091,-0.78265346,0.00298452,-0.00867419,0.48053294,-0.89166855,0.14546484,-0.14257185,0.03126598,-0.02544205,0.66891749,-1.01545801
-5.89194597,1.97192729,-3.01709737,0.87487140,-1.94145026,0.72671835,-0.76744205,0.00281219,-0.00872450,0.44462542,-0.88225608,0.14584278,-0.14357000,0.03015571,-0.02685491,0.66198528,-1.01640427
-5.88594297,1.90436121,-2.99084771,0.81544443,-1.93301209,0.70423258,-0.75129333,0.00267138,-0.00872741,0.41010247,-0.87093413,0.14674194,-0.14425986,0.02909159,-0.02822899,0.65678861,-1.01325992
-5.87993997,1.84224239,-2.95608619,0.75990520,-1.91701919,0.68300028,-0.73448749,0.00256202,-0.00868225,0.37724997,-0.85787002,0.14811046,-0.14465421,0.02808091,-0.02955107,0.65325968,-1.00614218
-5.87393697,1.78577687,-2.91339134,0.70852255,-1.89369944,0.66314364,-0.71728282,0.00248378,-0.00858923,0.34629393,-0.84324116,0.14988113,-0.14476510,0.02713041,-0.03080775,0.65129044,-0.99521263
-5.86793397,1.73501474,-2.86340407,0.66145027,-1.86339465,0.64473320,-0.69991218,0.00243618,-0.00844950,0.31740131,-0.82723436,0.15197357,-0.14460292,0.02624670,-0.03198563,0.65074152,-0.98067310
-5.86193097,1.68987112,-2.80681862,0.61873692,-1.82655610,0.62779262,-0.68258049,0.00241864,-0.00826504,0.29068257,-0.81004471,0.15429703,-0.14417578,0.02543651,-0.03307153,0.65145220,-0.96276129
-5.85592796,1.65015103,-2.74437314,0.58033831,-1.78373642,0.61230508,-0.66546346,0.00243059,-0.00803866,0.26619575,-0.79187369,0.15675349,-0.14348917,0.02470700,-0.03405278,0.65325114,-0.94174646
-5.84992496,1.61557716,-2.67683970,0.54613188,-1.73557769,0.59822109,-0.64870728,0.00247153,-0.00777390,0.24395178,-0.77292669,0.15924113,-0.14254611,0.02406598,-0.03491754,0.65596736,-0.91792518
-5.84392196,1.58581914,-2.60501404,0.51593228,-1.68279613,0.58546712,-0.63242920,0.00254113,-0.00747498,0.22392065,-0.75340966,0.16165790,-0.14134756,0.02352205,-0.03565513,0.65944120,-0.89161729
-5.83791896,1.56052292,-2.52970502,0.48950742,-1.62616402,0.57395478,-0.61671889,0.00263925,-0.00714665,0.20603825,-0.73352514,0.16390523,-0.13989320,0.02308473,-0.03625643,0.66353448,-0.86316225
-5.83191596,1.53933890,-2.45172422,0.46659441,-1.56648933,0.56359002,-0.60164038,0.00276608,-0.00679411,0.19021336,-0.71346768,0.16589153,-0.13818256,0.02276443,-0.03671422,0.66813970,-0.83291570
-5.82591296,1.52194739,-2.37187566,0.44691459,-1.50459416,0.55428178,-0.58723453,0.00292209,-0.00642292,0.17633464,-0.69341908,0.16753548,-0.13621625,0.02257237,-0.03702362,0.67318755,-0.80124646
-5.81990995,1.50808014,-2.29094621,0.43018718,-1.44129272,0.54594974,-0.57352184,0.00310808,-0.00603882,0.16427726,-0.67354353,0.16876888,-0.13399741,0.02252043,-0.03718243,0.67865244,-0.76853373
-5.81390695,1.49753675,-2.20969683,0.41614106,-1.37736999,0.53853069,-0.56050551,0.00332514,-0.00564769,0.15390897,-0.65398302,0.16953904,-0.13153318,0.02262085,-0.03719147,0.68455554,-0.73516462
-5.80790395,1.49019514,-2.12885499,0.40452418,-1.31356196,0.53198308,-0.54817471,0.00357465,-0.00525540,0.14509525,-0.63485346,0.16981046,-0.12883613,0.02288591,-0.03705488,0.69096515,-0.70153176
-5.80190095,1.48601540,-2.04910848,0.39511060,-1.25053835,0.52628964,-0.53650789,0.00385813,-0.00486774,0.13770371,-0.61624164,0.16956577,-0.12592552,0.02332746,-0.03678025,0.69799407,-0.66803104
-5.79589795,1.48503667,-1.97110083,0.38770466,-1.18888853,0.52145768,-0.52547607,0.00417722,-0.00449033,0.13160733,-0.59820343,0.16880594,-0.12282836,0.02395642,-0.03637884,0.70579399,-0.63505929
-5.78989495,1.48736726,-1.89542846,0.38214264,-1.12911131,0.51751729,-0.51504615,0.00453351,-0.00412858,0.12668666,-0.58076331,0.16754966,-0.11958019,0.02478221,-0.03586545,0.71454705,-0.60301185
-5.78389195,1.49316831,-1.82263948,0.37829184,-1.07160886,0.51451728,-0.50518397,0.00492838,-0.00378759,0.12283104,-0.56391539,0.16583192,-0.11622546,0.02581211,-0.03525843,0.72445468,-0.57227993
-5.77788894,1.50263195,-1.75323412,0.37604735,-1.01668490,0.51251922,-0.49585724,0.00536287,-0.00347220,0.11993881,-0.54762596,0.16370197,-0.11281760,0.02705064,-0.03457935,0.73572425,-0.54324777
-5.77188594,1.51595509,-1.68766652,0.37532696,-0.96454710,0.51158996,-0.48703819,0.00583748,-0.00318689,0.11791673,-0.53183737,0.16122055,-0.10941864,0.02849892,-0.03385268,0.74855416,-0.51628947
-5.76588294,1.53331036,-1.62634771,0.37606459,-0.91531331,0.51179301,-0.47870586,0.00635203,-0.00293585,0.11667871,-0.51647323,0.15845675,-0.10609845,0.03015409,-0.03310530,0.76311795,-0.49176548
-5.75987994,1.55481598,-1.56964923,0.37820278,-0.86902110,0.51317933,-0.47084798,0.00690546,-0.00272294,0.11614405,-0.50144448,0.15548453,-0.10293362,0.03200872,-0.03236592,0.77954840,-0.47001888
-5.75387694,1.58050630,-1.51790711,0.38168476,-0.82563985,0.51577822,-0.46346243,0.00749570,-0.00255171,0.11623542,-0.48665619,0.15237908,-0.10000604,0.03405045,-0.03166442,0.79792242,-0.45137137
-5.74787394,1.61030504,-1.47142572,0.38644676,-0.78508468,0.51958885,-0.45655814,0.00811957,-0.00242544,0.11687679,-0.47201446,0.14921328,-0.09740121,0.03626166,-0.03103107,0.81824769,-0.43611905
-5.74187094,1.64400301,-1.43048103,0.39241088,-0.74723126,0.52457299,-0.45015544,0.00877266,-0.00234713,0.11799138,-0.45743336,0.14605437,-0.09520631,0.03861935,-0.03049580,0.84045179,-0.42452811
-5.73586793,1.68124180,-1.39532285,0.39947926,-0.71193062,0.53064963,-0.44428583,0.00944934,-0.00231951,0.11950005,-0.44284117,0.14296102,-0.09350820,0.04109517,-0.03008734,0.86437473,-0.41683047
-5.72986493,1.72150496,-1.36617575,0.40752971,-0.67902317,0.53769168,-0.43899114,0.01014274,-0.00234505,0.12132003,-0.42818582,0.13998092,-0.09239128,0.04365570,-0.02983245,0.88976539,-0.41321951
-5.72386193,1.76411728,-1.34323830,0.41641322,-0.64835121,0.54552532,-0.43432208,0.01084481,-0.00242594,0.12336426,-0.41343906,0.13714909,-0.09193542,0.04626295,-0.02975514,0.91628225,-0.41384593
-5.71785893,1.80825294,-1.32668054,0.42595340,-0.61976925,0.55393195,-0.43033624,0.01154648,-0.00256404,0.12554133,-0.39859925,0.13448682,-0.09221387,0.04887498,-0.02987595,0.94349870,-0.41881386
-5.71185593,1.85295215,-1.31663954,0.43594810,-0.59315174,0.56265280,-0.42709559,0.01223778,-0.00276084,0.12775609,-0.38369250,0.13200137,-0.09329129,0.05144685,-0.03021131,0.97091275,-0.42817725
-5.70585293,1.89714591,-1.31321316,0.44617279,-0.56839805,0.57139609,-0.42466346,0.01290811,-0.00301741,0.12991083,-0.36877223,0.12968650,-0.09522195,0.05393168,-0.03077300,0.99796086,-0.44193677
-5.69984992,1.93968770,-1.31645216,0.45638585,-0.54543448,0.57984627,-0.42310124,0.01354649,-0.00333431,0.13190711,-0.35391707,0.12752351,-0.09804796,0.05628184,-0.03156771,1.02403536,-0.46003700
-5.69384692,1.97939072,-1.32635101,0.46633521,-0.52421359,0.58767497,-0.42246475,0.01414183,-0.00371146,0.13364793,-0.33922735,0.12548300,-0.10179781,0.05845027,-0.03259672,1.04850464,-0.48236428
-5.68784392,2.01506872,-1.34283776,0.47576603,-0.50471095,0.59455309,-0.42280052,0.01468329,-0.00414810,0.13504028,-0.32482032,0.12352707,-0.10648501,0.06039185,-0.03385570,1.07073516,-0.50874506
-5.68184092,2.04557848,-1.36576347,0.48442898,-0.48691990,0.60016327,-0.42414203,0.01516058,-0.00464264,0.13599787,-0.31082436,0.12161176,-0.11210690,0.06206475,-0.03533468,1.09011429,-0.53894490
-5.67583792,2.06986172,-1.39489191,0.49208863,-0.47084468,0.60421226,-0.42650607,0.01556429,-0.00519254,0.13644378,-0.29737255,0.11968982,-0.11864374,0.06343175,-0.03701809,1.10607276,-0.57266816
-5.66983492,2.08698427,-1.42988998,0.49853150,-0.45649268,0.60644227,-0.42988937,0.01588620,-0.00579428,0.13631303,-0.28459600,0.11771340,-0.12605794,0.06446138,-0.03888499,1.11810569,-0.60955852
-5.66383192,2.09617063,-1.47031968,0.50357326,-0.44386620,0.60664091,-0.43426564,0.01611952,-0.00644322,0.13555475,-0.27261713,0.11563668,-0.13429359,0.06512892,-0.04090939,1.12579122,-0.64920034
-5.65782891,2.09683211,-1.51563224,0.50706485,-0.43295455,0.60464915,-0.43958315,0.01625914,-0.00713359,0.13413399,-0.26154341,0.11341823,-0.14327627,0.06541720,-0.04306071,1.12880575,-0.69112107
-5.65182591,2.08858729,-1.56516502,0.50889700,-0.42372686,0.60036679,-0.44576299,0.01630179,-0.00785847,0.13203287,-0.25146181,0.11102308,-0.15291310,0.06531713,-0.04530433,1.12693516,-0.73479475
-5.64582291,2.07127389,-1.61814192,0.50900323,-0.41612612,0.59375538,-0.45269814,0.01624615,-0.00860979,0.12925122,-0.24243423,0.10842438,-0.16309324,0.06482791,-0.04760227,1.12008155,-0.77964677
-5.63981991,2.04495160,-1.67367752,0.50736099,-0.41006489,0.58483836,-0.46025343,0.01609289,-0.00937838,0.12580643,-0.23449406,0.10560452,-0.17368879,0.06395702,-0.04991395,1.10826528,-0.82506007
-5.63381691,2.00989616,-1.73078569,0.50399106,-0.40542291,0.57369854,-0.46826656,0.01584461,-0.01015415,0.12173277,-0.22764417,0.10255584,-0.18455612,0.06271990,-0.05219702,1.09162231,-0.87038273
-5.62781391,1.96658498,-1.78839253,0.49895541,-0.40204669,0.56047317,-0.47655017,0.01550579,-0.01092615,0.11708003,-0.22185625,0.09928087,-0.19553776,0.06113933,-0.05440824,1.07039717,-0.91493725
-5.62181091,1.91567555,-1.84535399,0.49235348,-0.39975122,0.54534687,-0.48489501,0.01508261,-0.01168285,0.11191162,-0.21707157,0.09579214,-0.20646478,0.05924461,-0.05650448,1.04493209,-0.95803127
-5.61580790,1.85797788,-1.90047775,0.48431745,-0.39832365,0.52854291,-0.49307422,0.01458274,-0.01241230,0.10630227,-0.21320312,0.09211154,-0.21715972,0.05707056,-0.05844361,1.01565281,-0.99896990
-5.60980490,1.79442245,-1.95254921,0.47500652,-0.39752876,0.51031341,-0.50084871,0.01401509,-0.01310248,0.10033539,-0.21013897,0.08826943,-0.22744012,0.05465628,-0.06018552,0.98305213,-1.03706940
-5.60380190,1.72602569,-2.00036086,0.46460082,-0.39711597,0.49092888,-0.50797351,0.01338952,-0.01374153,0.09410020,-0.20774672,0.08430352,-0.23712243,0.05204396,-0.06169305,0.94767190,-1.07167201
-5.59779890,1.65385437,-2.04274426,0.45329508,-0.39682749,0.47066781,-0.51420483,0.01271654,-0.01431809,0.08768889,-0.20587877,0.08025757,-0.24602639,0.04927751,-0.06293288,0.91008441,-1.10216166
-5.59179590,1.57899090,-2.07860365,0.44129240,-0.39640726,0.44980667,-0.51930794,0.01200700,-0.01482161,0.08119375,-0.20437820,0.07617993,-0.25397971,0.04640129,-0.06387637,0.87087413,-1.12798000
-5.58579290,1.50250089,-2.10694997,0.42879858,-0.39561028,0.42861089,-0.52306521,0.01127181,-0.01524264,0.07470457,-0.20308505,0.07212219,-0.26082281,0.04345888,-0.06450029,0.83062045,-1.14864242
-5.57978989,1.42540424,-2.12693413,0.41601694,-0.39421180,0.40732714,-0.52528442,0.01052161,-0.01557311,0.06830626,-0.20184253,0.06813777,-0.26641368,0.04049197,-0.06478739,0.78988223,-1.16375331
-5.57378689,1.34865082,-2.13787797,0.40314401,-0.39201609,0.38617721,-0.52580668,0.00976654,-0.01580659,0.06207685,-0.20050320,0.06428060,-0.27063242,0.03753938,-0.06472691,0.74918459,-1.17302014
-5.56778389,1.27310117,-2.13930178,0.39036605,-0.38886426,0.36535352,-0.52451388,0.00901603,-0.01593849,0.05608589,-0.19893452,0.06060389,-0.27338541,0.03463632,-0.06431483,0.70900828,-1.17626554
-5.56178089,1.19951277,-2.13094686,0.37785640,-0.38464097,0.34501653,-0.52133511,0.00827858,-0.01596616,0.05039332,-0.19702387,0.05715906,-0.27460891,0.03181373,-0.06355400,0.66978186,-1.17343686
-5.55577789,1.12853161,-2.11279220,0.36577373,-0.37927958,0.32529375,-0.51625189,0.00756169,-0.01588903,0.04504872,-0.19468258,0.05399469,-0.27427191,0.02909792,-0.06245410,0.63187656,-1.16461272
-5.54977489,1.06068884,-2.08506405,0.35426081,-0.37276559,0.30628041,-0.50930178,0.00687172,-0.01570860,0.04009097,-0.19184895,0.05115568,-0.27237795,0.02651036,-0.06103136,0.59560387,-1.15000597
-5.54377189,0.99640195,-2.04823788,0.34344401,-0.36513834,0.28804140,-0.50058018,0.00621386,-0.01542839,0.03554840,-0.18849021,0.04868245,-0.26896603,0.02406766,-0.05930812,0.56121534,-1.12996278
-5.53776888,0.93597964,-2.00303215,0.33343303,-0.35649072,0.27061433,-0.49024010,0.00559215,-0.01505381,0.03143910,-0.18460314,0.04661018,-0.26411028,0.02178174,-0.05731226,0.52890438,-1.10495766
-5.53176588,0.87962969,-1.95039395,0.32432098,-0.34696708,0.25401338,-0.47848987,0.00500948,-0.01459206,0.02777162,-0.18021367,0.04496819,-0.25791857,0.01966004,-0.05507641,0.49880963,-1.07558439
-5.52576288,0.82746876,-1.89147661,0.31618437,-0.33675927,0.23823358,-0.46558863,0.00446771,-0.01405180,0.02454585,-0.17537514,0.04377932,-0.25052996,0.01770601,-0.05263710,0.47101937,-1.04254298
-5.51975988,0.77953344,-1.82760990,0.30908317,-0.32610113,0.22325528,-0.45183981,0.00396770,-0.01344297,0.02175401,-0.17016562,0.04305938,-0.24211104,0.01591952,-0.05003377,0.44557659,-1.00662291
-5.51375688,0.73579167,-1.76026387,0.30306067,-0.31526143,0.20904856,-0.43758266,0.00350947,-0.01277645,0.01938175,-0.16468427,0.04281665,-0.23285144,0.01429736,-0.04730776,0.42248434,-0.96868324
-5.50775388,0.69615387,-1.69100721,0.29814317,-0.30453567,0.19557723,-0.42318223,0.00309230,-0.01206375,0.01740926,-0.15904681,0.04305141,-0.22295848,0.01283388,-0.04450120,0.40171104,-0.92963009
-5.50175088,0.66048335,-1.62146183,0.29433956,-0.29423692,0.18280246,-0.40901794,0.00271489,-0.01131669,0.01581237,-0.15338060,0.04375564,-0.21265133,0.01152141,-0.04165600,0.38319542,-0.89039219
-5.49574787,0.62860567,-1.55325500,0.29164079,-0.28468599,0.17068567,-0.39547131,0.00237542,-0.01054708,0.01456360,-0.14781915,0.04491278,-0.20215470,0.01035086,-0.03881279,0.36685109,-0.85189542
-5.48974487,0.60031668,-1.48797081,0.29001938,-0.27620128,0.15919079,-0.38291317,0.00207173,-0.00976641,0.01363312,-0.14249659,0.04649762,-0.19169247,0.00931218,-0.03601005,0.35257058,-0.81503701
-5.48374187,0.57538934,-1.42710262,0.28942915,-0.26908862,0.14828585,-0.37169095,0.00180143,-0.00898562,0.01298968,-0.13754214,0.04847647,-0.18148140,0.00839475,-0.03328320,0.34022876,-0.78066042
-5.47773887,0.55357946,-1.37200806,0.28980524,-0.26363132,0.13794387,-0.36211639,0.00156197,-0.00821479,0.01260135,-0.13307487,0.05080748,-0.17172514,0.00758779,-0.03066393,0.32968601,-0.74953159
-5.47173587,0.53463037,-1.32386830,0.29106462,-0.26008082,0.12814314,-0.35445432,0.00135075,-0.00746303,0.01243624,-0.12919889,0.05344121,-0.16260871,0.00688063,-0.02817962,0.32079092,-0.72231750
-5.46573287,0.51827712,-1.28365274,0.29310731,-0.25864814,0.11886705,-0.34891274,0.00116519,-0.00673828,0.01246310,-0.12599921,0.05632154,-0.15429370,0.00626298,-0.02585294,0.31338292,-0.69956758
-5.45972986,0.50425021,-1.25209055,0.29581825,-0.25949642,0.11010354,-0.34563483,0.00100279,-0.00604723,0.01265187,-0.12353833,0.05938680,-0.14691426,0.00572511,-0.02370154,0.30729486,-0.68169870
-5.45372686,0.49227929,-1.22964975,0.29907002,-0.26273475,0.10184427,-0.34469301,0.00086117,-0.00539525,0.01297412,-0.12185377,0.06257118,-0.14057401,0.00525798,-0.02173804,0.30235580,-0.66898419
-5.44772386,0.48209695,-1.21652475,0.30272631,-0.26841350,0.09408366,-0.34608546,0.00073811,-0.00478642,0.01340346,-0.12095652,0.06580640,-0.13534393,0.00485336,-0.01997000,0.29839387,-0.66154715
-5.44172086,0.47344294,-1.21263260,0.30664614,-0.27652136,0.08681793,-0.34973515,0.00063157,-0.00422353,0.01391589,-0.12083052,0.06902361,-0.13126129,0.00450387,-0.01840014,0.29523960,-0.65935849
-5.43571786,0.46606861,-1.21761808,0.31068861,-0.28698409,0.08004421,-0.35549157,0.00053970,-0.00370820,0.01449009,-0.12143316,0.07215540,-0.12832957,0.00420305,-0.01702666,0.29272938,-0.66223944
-5.42971486,0.45974176,-1.23086743,0.31471804,-0.29966522,0.07375976,-0.36313497,0.00046085,-0.00324090,0.01510767,-0.12269676,0.07513787,-0.12651945,0.00394536,-0.01584366,0.29070918,-0.66986878
-5.42371186,0.45425165,-1.25153032,0.31860925,-0.31436862,0.06796144,-0.37238312,0.00039360,-0.00282114,0.01575337,-0.12453096,0.07791277,-0.12577063,0.00372622,-0.01484161,0.28903842,-0.68179429
-5.41770885,0.44941408,-1.27854918,0.32225258,-0.33084302,0.06264538,-0.38290031,0.00033668,-0.00244758,0.01641518,-0.12682593,0.08042948,-0.12599460,0.00354197,-0.01400797,0.28759366,-0.69744820
-5.41170585,0.44507603,-1.31069494,0.32555851,-0.34878831,0.05780685,-0.39430817,0.00028907,-0.00211817,0.01708441,-0.12945630,0.08264683,-0.12707813,0.00338995,-0.01332776,0.28627210,-0.71616613
-5.40570285,0.44111987,-1.34660798,0.32846145,-0.36786353,0.05344038,-0.40619810,0.00024991,-0.00183033,0.01775571,-0.13228556,0.08453460,-0.12888744,0.00326842,-0.01278419,0.28499460,-0.73720874
-5.39969985,0.43746659,-1.38484274,0.33092242,-0.38769633,0.04954007,-0.41814468,0.00021852,-0.00158103,0.01842695,-0.13517092,0.08607475,-0.13127279,0.00317665,-0.01235928,0.28370796,-0.75978567
-5.39369685,0.43407785,-1.42391457,0.33293050,-0.40789368,0.04609998,-0.42971956,0.00019443,-0.00136698,0.01909906,-0.13796823,0.08726220,-0.13407354,0.00311488,-0.01203450,0.28238637,-0.78308056
-5.38769385,0.43095664,-1.46234702,0.33450274,-0.42805335,0.04311470,-0.44050537,0.00017732,-0.00118476,0.01977576,-0.14053703,0.08810511,-0.13712333,0.00308433,-0.01179131,0.28103180,-0.80627666
-5.38169085,0.42814634,-1.49871799,0.33568267,-0.44777597,0.04057987,-0.45010908,0.00016706,-0.00103086,0.02046319,-0.14274529,0.08862478,-0.14025539,0.00308723,-0.01161166,0.27967335,-0.82858191
-5.37568784,0.42572815,-1.53170303,0.33653717,-0.46667709,0.03849276,-0.45817417,0.00016372,-0.00090186,0.02116952,-0.14447380,0.08885499,-0.14330766,0.00312679,-0.01147848,0.27836537,-0.84925264
-5.36968484,0.42381693,-1.56011415,0.33715205,-0.48439876,0.03685274,-0.46439136,0.00016752,-0.00079447,0.02190438,-0.14562003,0.08884095,-0.14612767,0.00320720,-0.01137603,0.27718456,-0.86761517
-5.36368184,0.42255559,-1.58293306,0.33762644,-0.50062039,0.03566167,-0.46850728,0.00017888,-0.00070557,0.02267838,-0.14610129,0.08863786,-0.14857700,0.00333360,-0.01129024,0.27622601,-0.88308437
-5.35767884,0.42210828,-1.59933725,0.33806631,-0.51506816,0.03492415,-0.47033090,0.00019841,-0.00063230,0.02350247,-0.14585706,0.08830912,-0.15053520,0.00351203,-0.01120888,0.27559855,-0.89517867
-5.35167584,0.42265266,-1.60871852,0.33857750,-0.52752278,0.03464765,-0.46973751,0.00022694,-0.00057208,0.02438740,-0.14485050,0.08792436,-0.15190294,0.00374935,-0.01112174,0.27541941,-0.90353102
-5.34567284,0.42437174,-1.61069312,0.33925866,-0.53782516,0.03484243,-0.46667007,0.00026548,-0.00052261,0.02534311,-0.14306902,0.08755730,-0.15260446,0.00405316,-0.01102070,0.27580864,-0.90789532
-5.33966983,0.42744554,-1.60510345,0.34019454,-0.54587976,0.03552127,-0.46113809,0.00031527,-0.00048193,0.02637825,-0.14052388,0.08728364,-0.15258914,0.00443168,-0.01089966,0.27688350,-0.90814842
-5.33366683,0.43204317,-1.59201163,0.34144998,-0.55165550,0.03669913,-0.45321411,0.00037779,-0.00044836,0.02749975,-0.13724904,0.08717896,-0.15183217,0.00489354,-0.01075455,0.27875312,-0.90428751
-5.32766383,0.43831566,-1.57168531,0.34306513,-0.55518408,0.03839256,-0.44302806,0.00045473,-0.00042055,0.02871243,-0.13329911,0.08731685,-0.15033435,0.00544765,-0.01058310,0.28151372,-0.89642337
-5.32166083,0.44638982,-1.54457679,0.34505201,-0.55655599,0.04061898,-0.43075986,0.00054805,-0.00039745,0.03001886,-0.12874668,0.08776731,-0.14812103,0.00610295,-0.01038476,0.28524461,-0.88476977
-5.31565783,0.45636352,-1.51129660,0.34739278,-0.55591408,0.04339591,-0.41663067,0.00065994,-0.00037830,0.03141919,-0.12367911,0.08859545,-0.14524027,0.00686817,-0.01016041,0.29000513,-0.86962963
-5.30965483,0.46830256,-1.47258278,0.35003983,-0.55344542,0.04674002,-0.40089325,0.00079289,-0.00036265,0.03291126,-0.11819490,0.08986054,-0.14176038,0.00775150,-0.00991218,0.29583274,-0.85137879
-5.30365183,0.48223913,-1.42926766,0.35291764,-0.54937141,0.05066618,-0.38382191,0.00094963,-0.00035032,0.03449074,-0.11239991,0.09161555,-0.13776683,0.00876039,-0.00964320,0.30274220,-0.83044808
-5.29764882,0.49817196,-1.38224342,0.35592636,-0.54393698,0.05518649,-0.36570253,0.00113316,-0.00034141,0.03615142,-0.10640352,0.09390697,-0.13335890,0.00990112,-0.00935735,0.31072593,-0.80730459
-5.29164582,0.51606800,-1.33242831,0.35894692,-0.53739921,0.06030923,-0.34682309,0.00134680,-0.00033631,0.03788569,-0.10031490,0.09677506,-0.12864608,0.01117858,-0.00905907,0.31975535,-0.78243300
-5.28564282,0.53586542,-1.28073469,0.36184731,-0.53001594,0.06603792,-0.32746508,0.00159410,-0.00033572,0.03968494,-0.09423961,0.10025440,-0.12374447,0.01259591,-0.00875317,0.32978321,-0.75631784
-5.27963982,0.55747769,-1.22804041,0.36448972,-0.52203504,0.07237044,-0.30789605,0.00187893,-0.00034062,0.04154016,-0.08827658,0.10437471,-0.11877336,0.01415419,-0.00844464,0.34074652,-0.72942732
-5.27363682,0.58079836,-1.17516447,0.36673810,-0.51368464,0.07929822,-0.28836358,0.00220541,-0.00035235,0.04344251,-0.08251564,0.10916180,-0.11385208,0.01585223,-0.00813857,0.35257010,-0.70219946
-5.26763382,0.60570624,-1.12284770,0.36846569,-0.50516499,0.08680557,-0.26909079,0.00257791,-0.00037258,0.04538385,-0.07703560,0.11463861,-0.10909742,0.01768633,-0.00784005,0.36517025,-0.67503087
-5.26163082,0.63207062,-1.07173910,0.36956202,-0.49664211,0.09486919,-0.25027338,0.00300103,-0.00040339,0.04735727,-0.07190304,0.12082622,-0.10462155,0.01965009,-0.00755416,0.37845843,-0.64826862
-5.25562781,0.65975609,-1.02238781,0.36993915,-0.48824365,0.10345781,-0.23207819,0.00347952,-0.00044725,0.04935753,-0.06717166,0.12774471,-0.10053062,0.02173435,-0.00728596,0.39234475,-0.62220525
-5.24962481,0.68862672,-0.97524072,0.36953654,-0.48005693,0.11253211,-0.21464311,0.00401827,-0.00050712,0.05138138,-0.06288233,0.13541378,-0.09692398,0.02392716,-0.00704052,0.40674092,-0.59707693
-5.24362181,0.71854936,-0.93064528,0.36832451,-0.47212933,0.12204473,-0.19807821,0.00462221,-0.00058642,0.05342773,-0.05906362,0.14385305,-0.09389415,0.02621383,-0.00682307,0.42156262,-0.57306459
-5.23761881,0.74939570,-0.88885680,0.36630593,-0.46447081,0.13194058,-0.18246789,0.00529618,-0.00068909,0.05549777,-0.05573294,0.15308192,-0.09152731,0.02857708,-0.00663901,0.43673105,-0.55029771
-5.23161581,0.78104323,-0.85004959,0.36351619,-0.45705832,0.14215733,-0.16787369,0.00604484,-0.00081960,0.05759478,-0.05289793,0.16311897,-0.08990427,0.03099725,-0.00649409,0.45217368,-0.52886030
-5.22561281,0.81337471,-0.81433070,0.36002136,-0.44984192,0.15262606,-0.15433758,0.00687248,-0.00098296,0.05972391,-0.05055825,0.17398084,-0.08910182,0.03345262,-0.00639451,0.46782413,-0.50879858
-5.21960980,0.84627648,-0.78175547,0.35591471,-0.44275205,0.16327211,-0.14188551,0.00778286,-0.00118470,0.06189172,-0.04870745,0.18568059,-0.08919421,0.03591974,-0.00634704,0.48362121,-0.49012982
-5.21360680,0.87963560,-0.75234367,0.35131182,-0.43570751,0.17401609,-0.13053092,0.00877896,-0.00143080,0.06410565,-0.04733492,0.19822555,-0.09025466,0.03837388,-0.00635910,0.49950720,-0.47285161
-5.20760380,0.91333601,-0.72609525,0.34634447,-0.42862381,0.18477493,-0.12027805,0.00986280,-0.00172767,0.06637328,-0.04642773,0.21161471,-0.09235653,0.04078945,-0.00643886,0.51542557,-0.45695112
-5.20160080,0.94725394,-0.70300463,0.34115380,-0.42142119,0.19546316,-0.11112484,0.01103512,-0.00208203,0.06870159,-0.04597233,0.22583580,-0.09557420,0.04314051,-0.00659522,0.53131818,-0.44241374
-5.19559780,0.98125306,-0.68307289,0.33588294,-0.41403195,0.20599414,-0.10306538,0.01229518,-0.00250078,0.07109615,-0.04595585,0.24086208,-0.09998326,0.04540123,-0.00683784,0.54712235,-0.42923055
-5.18959480,1.01517944,-0.66631698,0.33066965,-0.40640678,0.21628136,-0.09609180,0.01364047,-0.00299078,0.07356023,-0.04636718,0.25664910,-0.10565995,0.04754639,-0.00717700,0.56276781,-0.41740429
-5.18359180,1.04885708,-0.65277556,0.32563928,-0.39851945,0.22623981,-0.09019545,0.01506645,-0.00355873,0.07609404,-0.04719751,0.27313157,-0.11267977,0.04955179,-0.00762348,0.57817396,-0.40695347
-5.17758879,1.08208404,-0.64251118,0.32089843,-0.39036999,0.23578731,-0.08536755,0.01656638,-0.00421084,0.07869401,-0.04844050,0.29022058,-0.12111515,0.05139469,-0.00818837,0.59324749,-0.39791447
-5.17158579,1.11462988,-0.63560872,0.31652961,-0.38198590,0.24484587,-0.08159923,0.01813109,-0.00495261,0.08135221,-0.05009199,0.30780133,-0.13103224,0.05305420,-0.00888272,0.60788081,-0.39034154
-5.16558279,1.14623451,-0.63217023,0.31258720,-0.37342151,0.25334302,-0.07888105,0.01974892,-0.00578849,0.08405592,-0.05214921,0.32573166,-0.14248681,0.05451155,-0.00971724,0.62195117,-0.38430468
-5.15957979,1.17660893,-0.63230654,0.30909482,-0.36475556,0.26121317,-0.07720202,0.02140564,-0.00672160,0.08678745,-0.05460975,0.34384157,-0.15551950,0.05575037,-0.01070191,0.63532095,-0.37988569
-5.15357679,1.20543799,-0.63612616,0.30604435,-0.35608713,0.26839889,-0.07654840,0.02308456,-0.00775339,0.08952418,-0.05747008,0.36193383,-0.17015061,0.05675695,-0.01184548,0.64783893,-0.37717258
-5.14757379,1.23238527,-0.64372224,0.30339645,-0.34753023,0.27485223,-0.07690213,0.02476660,-0.00888337,0.09223888,-0.06072399,0.37978595,-0.18637456,0.05752034,-0.01315501,0.65934287,-0.37625266
-5.14157079,1.25710014,-0.65515830,0.30108269,-0.33920741,0.28053596,-0.07823927,0.02643064,-0.01010879,0.09490026,-0.06436080,0.39715342,-0.20415456,0.05803249,-0.01463540,0.66966307,-0.37720486
-5.13556778,1.27922682,-0.67045378,0.29900912,-0.33124269,0.28542478,-0.08052837,0.02805380,-0.01142446,0.09747380,-0.06836367,0.41377436,-0.22341764,0.05828836,-0.01628889,0.67862712,-0.38009167
-5.12956478,1.29841520,-0.68957021,0.29706105,-0.32375440,0.28950636,-0.08372904,0.02961196,-0.01282256,0.09992285,-0.07270802,0.42937546,-0.24405049,0.05828593,-0.01811462,0.68606548,-0.38495121
-5.12356178,1.31433301,-0.71239906,0.29510885,-0.31684828,0.29278230,-0.08779068,0.03108031,-0.01429254,0.10220984,-0.07736020,0.44367900,-0.26589646,0.05802622,-0.02010825,0.69181777,-0.39178999
-5.11755878,1.32667885,-0.73875205,0.29301445,-0.31061114,0.29526887,-0.09265164,0.03243398,-0.01582118,0.10429774,-0.08227650,0.45641082,-0.28875395,0.05751330,-0.02226167,0.69573950,-0.40057676
-5.11155578,1.33519556,-0.76835465,0.29063827,-0.30510568,0.29699748,-0.09823872,0.03364870,-0.01739261,0.10615151,-0.08740267,0.46730888,-0.31237665,0.05675421,-0.02456280,0.69770887,-0.41123787
-5.10555278,1.33968316,-0.80084336,0.28784622,-0.30036650,0.29801486,-0.10446718,0.03470157,-0.01898863,0.10773964,-0.09267387,0.47613206,-0.33647556,0.05575889,-0.02699553,0.69763342,-0.42365453
-5.09954977,1.34001076,-0.83576719,0.28451649,-0.29639778,0.29838283,-0.11124126,0.03557175,-0.02058895,0.10903556,-0.09801529,0.48266886,-0.36072309,0.05454010,-0.02953982,0.69545601,-0.43766205
-5.09354677,1.33612682,-0.87259336,0.28054577,-0.29317242,0.29817773,-0.11845523,0.03624113,-0.02217166,0.11001902,-0.10334326,0.48674549,-0.38475921,0.05311322,-0.03217189,0.69116006,-0.45305133
-5.08754377,1.32806716,-0.91071722,0.27585479,-0.29063301,0.29748938,-0.12599493,0.03669497,-0.02371375,0.11067710,-0.10856695,0.48823309,-0.40819936,0.05149609,-0.03486467,0.68477354,-0.46957237
-5.08154077,1.31596016,-0.94947597,0.27039272,-0.28869423,0.29641957,-0.13373972,0.03692245,-0.02519170,0.11100515,-0.11359059,0.48705360,-0.43064414,0.04970873,-0.03758824,0.67637157,-0.48693993
-5.07553777,1.30002900,-0.98816561,0.26414055,-0.28724670,0.29508021,-0.14156490,0.03691701,-0.02658214,0.11100726,-0.11831605,0.48318400,-0.45169026,0.04777306,-0.04031055,0.66607755,-0.50484072
-5.06953477,1.28059046,-1.02606042,0.25711307,-0.28616196,0.29359104,-0.14934430,0.03667671,-0.02786255,0.11069647,-0.12264575,0.47665877,-0.47094238,0.04571255,-0.04299814,0.65406251,-0.52294208
-5.06353177,1.25805057,-1.06243383,0.24935969,-0.28529832,0.29207712,-0.15695316,0.03620425,-0.02901191,0.11009462,-0.12648577,0.46757026,-0.48802527,0.04355181,-0.04561697,0.64054296,-0.54090151
-5.05752876,1.23289701,-1.09657994,0.24096384,-0.28450711,0.29066602,-0.16427088,0.03550701,-0.03001138,0.10923179,-0.12974893,0.45606712,-0.50259596,0.04131618,-0.04813332,0.62577713,-0.55837659
-5.05152576,1.20568872,-1.12783436,0.23204123,-0.28363911,0.28948501,-0.17118384,0.03459679,-0.03084486,0.10814551,-0.13235775,0.44235068,-0.51435498,0.03903121,-0.05051459,0.61005975,-0.57503484
-5.04552276,1.17704309,-1.15559346,0.22273700,-0.28255077,0.28865816,-0.17758787,0.03348947,-0.03149953,0.10687957,-0.13424718,0.42666955,-0.52305647,0.03672225,-0.05273020,0.59371580,-0.59056292
-5.03951976,1.14762129,-1.17933111,0.21322191,-0.28110984,0.28830364,-0.18339045,0.03220453,-0.03196617,0.10548271,-0.13536688,0.40931270,-0.52851648,0.03441387,-0.05475229,0.57709319,-0.60467479
-5.03351676,1.11811237,-1.19861206,0.20368778,-0.27920015,0.28853120,-0.18851242,0.03076442,-0.03223950,0.10400704,-0.13568297,0.39060116,-0.53061913,0.03212949,-0.05655638,0.56055490,-0.61711848
-5.02751376,1.08921673,-1.21310143,0.19434237,-0.27672545,0.28943998,-0.19288922,0.02919388,-0.03231819,0.10250643,-0.13517920,0.37087894,-0.52932032,0.02989086,-0.05812188,0.54447083,-0.62768108
-5.02151076,1.06162950,-1.22256996,0.18540389,-0.27361198,0.29111665,-0.19647154,0.02751923,-0.03220491,0.10103482,-0.13385746,0.35050344,-0.52464881,0.02771772,-0.05943243,0.52920952,-0.63619192
-5.01550775,1.03602456,-1.22689494,0.17709527,-0.26980988,0.29363397,-0.19922542,0.02576754,-0.03190606,0.09964464,-0.13173754,0.32983570,-0.51670469,0.02562747,-0.06047609,0.51513016,-0.64252386
-5.00950475,1.01303948,-1.22605701,0.16963857,-0.26529336,0.29704972,-0.20113187,0.02396592,-0.03143154,0.09838516,-0.12885635,0.30923102,-0.50565516,0.02363492,-0.06124536,0.50257497,-0.64659268
-5.00350175,0.99326185,-1.22013321,0.16324935,-0.26005978,0.30140603,-0.20218591,0.02214081,-0.03079423,0.09730124,-0.12526637,0.28903005,-0.49172817,0.02175214,-0.06173704,0.49186223,-0.64835502
-4.99749875,0.97721721,-1.20928695,0.15813147,-0.25412775,0.30672903,-0.20239536,0.02031730,-0.03000953,0.09643199,-0.12103375,0.26955097,-0.47520390,0.01998836,-0.06195202,0.48328001,-0.64780486
-4.99149575,0.96535885,-1.19375560,0.15447218,-0.24753450,0.31302871,-0.20177919,0.01851857,-0.02909475,0.09580988,-0.11623581,0.25108258,-0.45640481,0.01835002,-0.06189482,0.47708060,-0.64496911
-4.98549275,0.95805935,-1.17383665,0.15243773,-0.24033264,0.32029905,-0.20036586,0.01676547,-0.02806848,0.09545993,-0.11095837,0.23387880,-0.43568456,0.01684087,-0.06157321,0.47347590,-0.63990265
-4.97948974,0.95560414,-1.14987321,0.15216944,-0.23258675,0.32851825,-0.19819149,0.01507613,-0.02694999,0.09539919,-0.10529285,0.21815441,-0.41341646,0.01546212,-0.06099769,0.47263345,-0.63268317
-4.97348674,0.95818683,-1.12223984,0.15378047,-0.22436976,0.33764910,-0.19529816,0.01346576,-0.02575862,0.09563652,-0.09933339,0.20408225,-0.38998190,0.01421273,-0.06018100,0.47467348,-0.62340629
-4.96748374,0.96590637,-1.09132938,0.15735307,-0.21575964,0.34763934,-0.19173234,0.01194655,-0.02451325,0.09617251,-0.09317402,0.19179160,-0.36575933,0.01308967,-0.05913760,0.47966659,-0.61218113
-4.96148074,0.97876596,-1.05754148,0.16293659,-0.20683630,0.35842220,-0.18754364,0.01052763,-0.02323181,0.09699968,-0.08690608,0.18136795,-0.34111408,0.01208830,-0.05788326,0.48763235,-0.59912679
-4.95547774,0.99667384,-1.02127317,0.17054614,-0.19767904,0.36991696,-0.18278373,0.00921521,-0.02193091,0.09810292,-0.08061597,0.17285375,-0.31638963,0.01120269,-0.05643465,0.49853877,-0.58436967
-4.94947474,1.01944565,-0.98291200,0.18016204,-0.18836460,0.38202972,-0.17750571,0.00801275,-0.02062554,0.09946005,-0.07438322,0.16625021,-0.29190040,0.01042606,-0.05480905,0.51230256,-0.56804188
-4.94347174,1.04680884,-0.94283146,0.19172994,-0.17896573,0.39465437,-0.17176375,0.00692120,-0.01932890,0.10104264,-0.06827912,0.16151999,-0.26792628,0.00975112,-0.05302411,0.52879047,-0.55028063
-4.93746873,1.07840872,-0.90138893,0.20516179,-0.16955051,0.40767391,-0.16561300,0.00593928,-0.01805228,0.10281699,-0.06236566,0.15859050,-0.24470899,0.00917044,-0.05109770,0.54782154,-0.53122846
-4.93146573,1.11381651,-0.85892570,0.22033759,-0.16018210,0.42096209,-0.15910985,0.00506385,-0.01680509,0.10474520,-0.05669506,0.15735782,-0.22245028,0.00867681,-0.04904777,0.56917049,-0.51103425
-4.92546273,1.15253931,-0.81576870,0.23710796,-0.15091919,0.43438556,-0.15231224,0.00429023,-0.01559490,0.10678642,-0.05130966,0.15769108,-0.20131177,0.00826355,-0.04689238,0.59257222,-0.48985464
-4.91945973,1.19403172,-0.77223358,0.25529739,-0.14181664,0.44780642,-0.14528024,0.00361254,-0.01442758,0.10889820,-0.04624221,0.15943716,-0.18141626,0.00792475,-0.04464959,0.61772737,-0.46785575
-4.91345673,1.23770927,-0.72862860,0.27470828,-0.13292657,0.46108532,-0.13807657,0.00302404,-0.01330747,0.11103785,-0.04151654,0.16242555,-0.16285034,0.00765559,-0.04233751,0.64430899,-0.44521481
-4.90745373,1.28296304,-0.68525878,0.29512549,-0.12429961,0.47408486,-0.13076715,0.00251744,-0.01223761,0.11316391,-0.03714840,0.16647347,-0.14566801,0.00745240,-0.03997429,0.67197006,-0.42212167
-4.90145073,1.32917534,-0.64243005,0.31632138,-0.11598614,0.48667336,-0.12342157,0.00208515,-0.01121992,0.11523753,-0.03314664,0.17139085,-0.12989492,0.00731289,-0.03757804,0.70035176,-0.39877976
-4.89544772,1.37573569,-0.60045280,0.33806110,-0.10803760,0.49872870,-0.11611339,0.00171955,-0.01025540,0.11722379,-0.02951437,0.17698536,-0.11553313,0.00723619,-0.03516678,0.72909217,-0.37540660
-4.88944472,1.42205658,-0.55964478,0.36010799,-0.10050758,0.51014212,-0.10892037,0.00141317,-0.00934439,0.11909291,-0.02625027,0.18306716,-0.10256596,0.00722283,-0.03275835,0.75783503,-0.35223360
-4.88344172,1.46758834,-0.52033298,0.38222875,-0.09345287,0.52082173,-0.10192445,0.00115886,-0.00848666,0.12082125,-0.02334991,0.18945341,-0.09096285,0.00727477,-0.03037025,0.78623825,-0.32950521
-4.87743872,1.51183223,-0.48285455,0.40419828,-0.08693410,0.53069544,-0.09521157,0.00094989,-0.00768162,0.12239211,-0.02080691,0.19597231,-0.08068386,0.00739524,-0.02801942,0.81398164,-0.30747740
-4.87143572,1.55435116,-0.44755653,0.42580387,-0.08101627,0.53971313,-0.08887137,0.00078005,-0.00692841,0.12379616,-0.01861414,0.20246667,-0.07168378,0.00758860,-0.02572209,0.84077358,-0.28641563
-4.86543272,1.59477731,-0.41479470,0.44684856,-0.07576887,0.54784787,-0.08299664,0.00064372,-0.00622599,0.12503165,-0.01676466,0.20879674,-0.06391575,0.00786010,-0.02349349,0.86635622,-0.26659223
-4.85942971,1.63281632,-0.38493143,0.46715359,-0.07126577,0.55509598,-0.07768272,0.00053585,-0.00557316,0.12610416,-0.01525260,0.21484242,-0.05733418,0.00821564,-0.02134767,0.89050883,-0.24828340
-4.85342671,1.66824758,-0.35833270,0.48655972,-0.06758479,0.56147585,-0.07302674,0.00045199,-0.00496868,0.12702607,-0.01407378,0.22050460,-0.05189700,0.00866140,-0.01929721,0.91304925,-0.23176598
-4.84742371,1.70092063,-0.33536436,0.50492750,-0.06480698,0.56702561,-0.06912668,0.00038827,-0.00441118,0.12781568,-0.01322620,0.22570563,-0.04756730,0.00920351,-0.01735307,0.93383334,-0.21731389
-4.84142071,1.73074796,-0.31638785,0.52213650,-0.06301553,0.57179957,-0.06608040,0.00034136,-0.00389924,0.12849596,-0.01271032,0.23038897,-0.04431423,0.00984761,-0.01552445,0.95275237,-0.20519452
-4.83541771,1.75769455,-0.30175522,0.53808365,-0.06229452,0.57586374,-0.06398450,0.00030842,-0.00343133,0.12909315,-0.01252914,0.23451801,-0.04211326,0.01059845,-0.01381860,0.96972879,-0.19566490
-4.82941471,1.78176497,-0.29180367,0.55268080,-0.06272726,0.57929070,-0.06293305,0.00028708,-0.00300584,0.12963513,-0.01268811,0.23807413,-0.04094592,0.01145945,-0.01224081,0.98471057,-0.18896791
-4.82341171,1.80298889,-0.28684960,0.56585196,-0.06439443,0.58215392,-0.06301619,0.00027536,-0.00262104,0.13014968,-0.01319484,0.24105412,-0.04079888,0.01243231,-0.01079443,0.99766458,-0.18532821
-4.81740870,1.82140617,-0.28718211,0.57753026,-0.06737199,0.58452223,-0.06431855,0.00027161,-0.00227508,0.13066285,-0.01405864,0.24346716,-0.04166264,0.01351660,-0.00948085,1.00856970,-0.18494824
-4.81140570,1.83705255,-0.29305606,0.58765519,-0.07172876,0.58645458,-0.06691754,0.00027450,-0.00196601,0.13119734,-0.01528998,0.24533149,-0.04352985,0.01470947,-0.00829965,1.01741001,-0.18800397
-4.80540270,1.84994712,-0.30468477,0.59617019,-0.07752404,0.58799551,-0.07088144,0.00028294,-0.00169173,0.13177119,-0.01689973,0.24667096,-0.04639322,0.01600534,-0.00724875,1.02416892,-0.19464062
-4.79939970,1.86008272,-0.32223236,0.60302110,-0.08480492,0.58917184,-0.07626736,0.00029605,-0.00145009,0.13239670,-0.01889833,0.24751170,-0.05024328,0.01739581,-0.00632455,1.02882448,-0.20496828
-4.79339670,1.86741985,-0.34580607,0.60815544,-0.09360374,0.58999057,-0.08311912,0.00031311,-0.00123882,0.13307979,-0.02129493,0.24787916,-0.05506601,0.01886958,-0.00552219,1.03134655,-0.21905759
-4.78739370,1.87188491,-0.37544864,0.61152287,-0.10393556,0.59043851,-0.09146511,0.00033355,-0.00105560,0.13381974,-0.02409642,0.24779555,-0.06084047,0.02041250,-0.00483575,1.03169603,-0.23693557
-4.78139070,1.87337295,-0.41113118,0.61307669,-0.11579590,0.59048342,-0.10131608,0.00035691,-0.00089811,0.13460938,-0.02730652,0.24727795,-0.06753647,0.02200779,-0.00425849,1.02982618,-0.25858175
-4.77538769,1.87175480,-0.45274690,0.61277644,-0.12915880,0.59007689,-0.11266325,0.00038282,-0.00076398,0.13543573,-0.03092487,0.24633715,-0.07511254,0.02363639,-0.00378307,1.02568626,-0.28392488
-4.76938469,1.86688829,-0.50010613,0.61059136,-0.14397538,0.58915853,-0.12547658,0.00041098,-0.00065091,0.13628103,-0.03494625,0.24497723,-0.08351420,0.02527734,-0.00340182,1.01922703,-0.31284045
-4.76338169,1.85863276,-0.55293308,0.60650452,-0.16017303,0.58766153,-0.13970345,0.00044117,-0.00055664,0.13712406,-0.03935990,0.24319593,-0.09267265,0.02690841,-0.00310690,1.01040780,-0.34514923
-4.75737869,1.84686584,-0.61086474,0.60051728,-0.17765531,0.58551898,-0.15526789,0.00047319,-0.00047898,0.13794174,-0.04414906,0.24098572,-0.10250409,0.02850671,-0.00289054,0.99920468,-0.38061724
-4.75137569,1.83150135,-0.67345249,0.59265373,-0.19630272,0.58267061,-0.17207049,0.00050693,-0.00041586,0.13871083,-0.04929070,0.23833548,-0.11290960,0.03004936,-0.00274521,0.98561917,-0.41895712
-4.74537269,1.81250701,-0.74016644,0.58296472,-0.21597426,0.57906961,-0.18998906,0.00054230,-0.00036532,0.13940965,-0.05475552,0.23523261,-0.12377580,0.03151430,-0.00266378,0.96968663,-0.45983135
-4.73936968,1.78992056,-0.81040293,0.57153115,-0.23650992,0.57468882,-0.20888000,0.00057925,-0.00032553,0.14001962,-0.06050824,0.23166544,-0.13497620,0.03288096,-0.00263966,0.95148386,-0.50285723
-4.73336668,1.76386322,-0.88349504,0.55846615,-0.25773399,0.56952613,-0.22858072,0.00061777,-0.00029482,0.14052667,-0.06650816,0.22762574,-0.14637329,0.03413094,-0.00266696,0.93113531,-0.54761360
-4.72736368,1.73454928,-0.95872598,0.54391600,-0.27945900,0.56360853,-0.24891269,0.00065787,-0.00027165,0.14092224,-0.07270998,0.22311106,-0.15782141,0.03524866,-0.00274058,0.90881727,-0.59364932
-4.72136068,1.70229116,-1.03534490,0.52805953,-0.30149028,0.55699453,-0.26968541,0.00069959,-0.00025464,0.14120385,-0.07906495,0.21812694,-0.16917011,0.03622182,-0.00285634,0.88475980,-0.64049307
-4.71535768,1.66749939,-1.11258473,0.51110592,-0.32363082,0.54977492,-0.29070082,0.00074299,-0.00024255,0.14137532,-0.08552213,0.21268852,-0.18026810,0.03704177,-0.00301107,0.85924609,-0.68766424
-4.70935468,1.63067746,-1.18968102,0.49329117,-0.34568620,0.54207161,-0.31175837,0.00078811,-0.00023431,0.14144636,-0.09202990,0.20682169,-0.19096755,0.03770369,-0.00320271,0.83260930,-0.73468442
-4.70335168,1.59241177,-1.26589117,0.47487306,-0.36746931,0.53403480,-0.33266009,0.00083502,-0.00022896,0.14143187,-0.09853755,0.20056366,-0.20112850,0.03820667,-0.00343034,0.80522703,-0.78108893
-4.69734867,1.55335726,-1.34051294,0.45612515,-0.38880468,0.52583855,-0.35321578,0.00088372,-0.00022569,0.14135071,-0.10499681,0.19396274,-0.21062326,0.03855351,-0.00369432,0.77751368,-0.82643775
-4.69134567,1.51421954,-1.41290125,0.43732998,-0.40953199,0.51767508,-0.37324787,0.00093422,-0.00022382,0.14122425,-0.11136336,0.18707763,-0.21934053,0.03875049,-0.00399623,0.74991110,-0.87032551
-4.68534267,1.47573474,-1.48248240,0.41877180,-0.42950873,0.50974820,-0.39259566,0.00098645,-0.00022278,0.14107466,-0.11759822,0.17997601,-0.22718908,0.03880685,-0.00433898,0.72287824,-0.91238960
-4.67933967,1.43864816,-1.54876493,0.40072941,-0.44861174,0.50226622,-0.41111883,0.00104030,-0.00022210,0.14092313,-0.12366877,0.17273271,-0.23410071,0.03873433,-0.00472673,0.69688017,-0.95231634
-4.67333667,1.40369301,-1.61134636,0.38346924,-0.46673755,0.49543488,-0.42869988,0.00109558,-0.00022143,0.14078820,-0.12954960,0.16542749,-0.24003245,0.03854644,-0.00516485,0.67237723,-0.98984465
-4.66733367,1.37157053,-1.66991562,0.36723919,-0.48380161,0.48945069,-0.44524549,0.00115201,-0.00022048,0.14068421,-0.13522288,0.15814260,-0.24496768,0.03825785,-0.00565979,0.64981472,-1.02476703
-4.66133067,1.34293236,-1.72425080,0.35226347,-0.49973634,0.48449497,-0.46068659,0.00120926,-0.00021907,0.14062011,-0.14067840,0.15096024,-0.24891630,0.03788367,-0.00621900,0.62961369,-1.05692794
-4.65532766,1.31836606,-1.77421277,0.33873856,-0.51448833,0.48072907,-0.47497726,0.00126688,-0.00021706,0.14059862,-0.14591316,0.14396012,-0.25191377,0.03743881,-0.00685061,0.61216310,-1.08621967
-4.64932466,1.29838430,-1.81973476,0.32683051,-0.52801483,0.47829080,-0.48809240,0.00132437,-0.00021438,0.14061594,-0.15093062,0.13721711,-0.25401911,0.03693740,-0.00756323,0.59781364,-1.11257611
-4.64332166,1.28341794,-1.86080893,0.31667352,-0.54027993,0.47729227,-0.50002454,0.00138116,-0.00021103,0.14066190,-0.15573953,0.13079933,-0.25531189,0.03639229,-0.00836560,0.58687309,-1.13596475
-4.63731866,1.27381274,-1.89747074,0.30836977,-0.55125060,0.47781908,-0.51077980,0.00143664,-0.00020701,0.14072064,-0.16035251,0.12476643,-0.25588847,0.03581472,-0.00926619,0.57960331,-1.15637771
-4.63131566,1.26982944,-1.92978230,0.30199022,-0.56089313,0.47993066,-0.52037337,0.00149015,-0.00020240,0.14077171,-0.16478447,0.11916844,-0.25585747,0.03521404,-0.01027273,0.57621848,-1.17382243
-4.62531266,1.27164644,-1.95781579,0.29757633,-0.56917019,0.48366167,-0.52882489,0.00154103,-0.00019726,0.14079162,-0.16905084,0.11404492,-0.25533490,0.03459765,-0.01139182,0.57688439,-1.18831257
-4.61930965,1.27936424,-1.98163825,0.29514230,-0.57603878,0.48902397,-0.53615392,0.00158864,-0.00019170,0.14075557,-0.17316591,0.10942461,-0.25443897,0.03397103,-0.01262831,0.58171822,-1.19986005
-4.61330665,1.29301056,-2.00129855,0.29467751,-0.58144936,0.49600894,-0.54237588,0.00163238,-0.00018582,0.14063937,-0.17714115,0.10532537,-0.25328500,0.03333784,-0.01398491,0.59078856,-1.20846864
-4.60730365,1.31254540,-2.01681776,0.29614901,-0.58534621,0.50458967,-0.54749877,0.00167170,-0.00017972,0.14042132,-0.18098386,0.10175458,-0.25198059,0.03270020,-0.01546163,0.60411516,-1.21412964
-4.60130065,1.33786488,-2.02818323,0.29950363,-0.58766903,0.51472283,-0.55152083,0.00170616,-0.00017351,0.14008397,-0.18469606,0.09870959,-0.25062119,0.03205895,-0.01705535,0.62166809,-1.21681993
-4.59529765,1.36880332,-2.03534694,0.30466969,-0.58835585,0.52634972,-0.55442936,0.00173540,-0.00016728,0.13961557,-0.18827373,0.09617854,-0.24928647,0.03141401,-0.01875946,0.64336624,-1.21650260
-4.58929465,1.40513311,-2.03822810,0.31155798,-0.58734682,0.53939654,-0.55620065,0.00175919,-0.00016113,0.13901106,-0.19170644,0.09414117,-0.24803737,0.03076471,-0.02056361,0.66907480,-1.21312994
-4.58329165,1.44656205,-2.03671977,0.32006215,-0.58458887,0.55377360,-0.55680124,0.00177740,-0.00015513,0.13827271,-0.19497745,0.09256971,-0.24691421,0.03011011,-0.02245349,0.69860213,-1.20664873
-4.57728864,1.49272856,-2.03069890,0.33005839,-0.58004073,0.56937358,-0.55619018,0.00179006,-0.00014933,0.13741004,-0.19806419,0.09142981,-0.24593569,0.02944926,-0.02441084,0.73169593,-1.19700725
-4.57128564,1.54319508,-2.02003921,0.34140469,-0.57367807,0.58606904,-0.55432230,0.00179728,-0.00014379,0.13643931,-0.20093907,0.09068138,-0.24509899,0.02878146,-0.02641363,0.76803938,-1.18416361
-4.56528264,1.59744060,-2.00462572,0.35393965,-0.56549831,0.60370932,-0.55115218,0.00179930,-0.00013854,0.13538245,-0.20357065,0.09027941,-0.24438073,0.02810634,-0.02843630,0.80724753,-1.16809472
-4.55927964,1.65485323,-1.98437016,0.36748137,-0.55552473,0.62211736,-0.54663860,0.00179647,-0.00013359,0.13426548,-0.20592505,0.09017480,-0.24373895,0.02742400,-0.03045027,0.84886475,-1.14880526
-4.55327664,1.71472421,-1.95922615,0.38182648,-0.54380964,0.64108672,-0.54074919,0.00178918,-0.00012897,0.13311670,-0.20796744,0.09031503,-0.24311575,0.02673496,-0.03242459,0.89236360,-1.12633603
-4.54727364,1.77624438,-1.92920308,0.39674977,-0.53043636,0.66037938,-0.53346492,0.00177793,-0.00012467,0.13196451,-0.20966366,0.09064501,-0.24244065,0.02604012,-0.03432671,0.93714611,-1.10077114
-4.54127064,1.83850453,-1.89437798,0.41200461,-0.51551979,0.67972470,-0.52478434,0.00176322,-0.00012072,0.13083533,-0.21098174,0.09110778,-0.24163435,0.02534067,-0.03612339,0.98254769,-1.07224349
-4.53526763,1.90050058,-1.85490465,0.42732456,-0.49920552,0.69882003,-0.51472711,0.00174562,-0.00011710,0.12975148,-0.21189335,0.09164539,-0.24061287,0.02463791,-0.03778173,1.02784430,-1.04093833
-4.52926463,1.96114441,-1.81101970,0.44242614,-0.48166766,0.71733316,-0.50333675,0.00172569,-0.00011385,0.12872942,-0.21237501,0.09219982,-0.23929165,0.02393313,-0.03927022,1.07226307,-1.00709467
-4.52326163,2.01928087,-1.76304507,0.45701310,-0.46310537,0.73490703,-0.49068262,0.00170404,-0.00011099,0.12777829,-0.21240909,0.09271401,-0.23758972,0.02322745,-0.04055982,1.11499649,-0.97100445
-4.51725863,2.07371083,-1.71138734,0.47078210,-0.44373832,0.75116656,-0.47686075,0.00168129,-0.00010856,0.12689908,-0.21198451,0.09313297,-0.23543357,0.02252172,-0.04162504,1.15521988,-0.93300970
-4.51125563,2.12322021,-1.65653392,0.48342962,-0.42380150,0.76572760,-0.46199380,0.00165811,-0.00010665,0.12608431,-0.21109717,0.09340504,-0.23276058,0.02181642,-0.04244485,1.19211191,-0.89349792
-4.50525263,2.16661386,-1.59904650,0.49466018,-0.40353953,0.77820781,-0.44623015,0.00163524,-0.00010535,0.12531846,-0.20975008,0.09348320,-0.22952203,0.02111162,-0.04300359,1.22487733,-0.85289597
-4.49924962,2.20275336,-1.53955246,0.50419522,-0.38320096,0.78823894,-0.42974205,0.00161352,-0.00010481,0.12457894,-0.20795332,0.09332641,-0.22568544,0.02040704,-0.04329163,1.25277130,-0.81166296
-4.49324662,2.23059703,-1.47873478,0.51178270,-0.36303269,0.79548021,-0.41272323,0.00159396,-0.00010521,0.12383787,-0.20572366,0.09290102,-0.22123622,0.01970203,-0.04330587,1.27512417,-0.77028261
-4.48724362,2.24924055,-1.41732111,0.51720663,-0.34327507,0.79963186,-0.39538593,0.00157779,-0.00010680,0.12306428,-0.20308419,0.09218201,-0.21617868,0.01899577,-0.04304999,1.29136573,-0.72925538
-4.48124062,2.25795608,-1.35607266,0.52029635,-0.32415765,0.80044859,-0.37795758,0.00156653,-0.00010988,0.12222680,-0.20006375,0.09115428,-0.21053630,0.01828736,-0.04253454,1.30104783,-0.68909102
-4.47523762,2.25622822,-1.29577339,0.52093503,-0.30589597,0.79775183,-0.36067734,0.00156206,-0.00011484,0.12129675,-0.19669638,0.08981365,-0.20435127,0.01757602,-0.04177670,1.30386419,-0.65030158
-4.46923462,2.24378470,-1.23722005,0.51906689,-0.28868931,0.79144051,-0.34379251,0.00156673,-0.00012214,0.12025131,-0.19302079,0.08816771,-0.19768348,0.01686129,-0.04079987,1.29966662,-0.61339532
-4.46323162,2.22062046,-1.18121315,0.51470294,-0.27271960,0.78149952,-0.32755507,0.00158342,-0.00013237,0.11907670,-0.18907987,0.08623643,-0.19060890,0.01614316,-0.03963301,1.28847660,-0.57887155
-4.45722861,2.18701367,-1.12854904,0.50792477,-0.25815118,0.76800546,-0.31221828,0.00161565,-0.00014622,0.11777124,-0.18492028,0.08405248,-0.18321753,0.01542229,-0.03830982,1.27049174,-0.54721642
-4.45122561,2.14353270,-1.08001313,0.49888625,-0.24513156,0.75112941,-0.29803346,0.00166765,-0.00016453,0.11634805,-0.18059221,0.08166119,-0.17561101,0.01470016,-0.03686777,1.24608680,-0.51889953
-4.44522261,2.09103368,-1.03637387,0.48781299,-0.23379277,0.73113633,-0.28524688,0.00174445,-0.00018832,0.11483723,-0.17614910,0.07912034,-0.16789994,0.01397911,-0.03534697,1.21580889,-0.49437131
-4.43921961,2.03064843,-0.99837728,0.47499957,-0.22425316,0.70838134,-0.27409683,0.00185191,-0.00021880,0.11328748,-0.17164756,0.07649944,-0.16020105,0.01326245,-0.03378899,1.18036720,-0.47406064
-4.43321661,1.96376315,-0.96674156,0.46080446,-0.21661935,0.68330260,-0.26481060,0.00199680,-0.00025741,0.11176698,-0.16714717,0.07387891,-0.15263444,0.01255444,-0.03223565,1.14061759,-0.45837269
-4.42721361,1.89198847,-0.94215133,0.44564295,-0.21098816,0.65641146,-0.25760157,0.00218679,-0.00030587,0.11036342,-0.16271038,0.07134877,-0.14532073,0.01186027,-0.03072786,1.09754234,-0.44768643
-4.42121061,1.81712202,-0.92525102,0.42997818,-0.20744810,0.62827994,-0.25266603,0.00243045,-0.00036623,0.10918325,-0.15840224,0.06900728,-0.13837844,0.01118591,-0.02930441,1.05222619,-0.44235166
-4.41520760,1.74110462,-0.91663715,0.41431049,-0.20608043,0.59952612,-0.25017993,0.00273717,-0.00044087,0.10835002,-0.15429004,0.06695912,-0.13192162,0.01053805,-0.02800094,1.00582906,-0.44268515
-4.40920460,1.66597162,-0.91684903,0.39916556,-0.20695941,0.57079794,-0.25029532,0.00311707,-0.00053263,0.10800185,-0.15044274,0.06531348,-0.12605758,0.00992383,-0.02684898,0.95955670,-0.44896584
-4.40320160,1.59380079,-0.92635789,0.38508144,-0.21015174,0.54275604,-0.25313658,0.00358086,-0.00064478,0.10828810,-0.14693023,0.06418190,-0.12088510,0.00935068,-0.02587514,0.91462991,-0.46142891
-4.39719860,1.52665832,-0.94555440,0.37259499,-0.21571520,0.51605602,-0.25879640,0.00413959,-0.00078116,0.10936522,-0.14382227,0.06367587,-0.11649283,0.00882608,-0.02510046,0.87225343,-0.48025881
-4.39119560,1.46654432,-0.97473481,0.36222783,-0.22369637,0.49133083,-0.26733167,0.00480442,-0.00094616,0.11139201,-0.14118726,0.06390437,-0.11295810,0.00835730,-0.02453991,0.83358518,-0.50558124
-4.38519260,1.41533939,-1.01408612,0.35447239,-0.23412759,0.46917375,-0.27875930,0.00558626,-0.00114480,0.11452426,-0.13909076,0.06497112,-0.11034594,0.00795113,-0.02420212,0.79970661,-0.53745464
-4.37918959,1.37475319,-1.06367091,0.34977809,-0.24702345,0.45012224,-0.29305226,0.00649540,-0.00138277,0.11890898,-0.13759383,0.06697178,-0.10870858,0.00761367,-0.02408922,0.77159493,-0.57586117
-4.37318659,1.34627649,-1.12341250,0.34853812,-0.26237670,0.43464337,-0.31013599,0.00754108,-0.00166643,0.12467838,-0.13675121,0.06999104,-0.10808507,0.00735006,-0.02419693,0.75009769,-0.62069795
-4.36718359,1.33113757,-1.19308130,0.35107701,-0.28015422,0.42312080,-0.32988539,0.00873099,-0.00200282,0.13194375,-0.13660949,0.07409962,-0.10850124,0.00716428,-0.02451475,0.73591017,-0.67176897
-4.36118059,1.33026398,-1.27228329,0.35763937,-0.30029291,0.41584389,-0.35212269,0.01007078,-0.00239962,0.14078946,-0.13720530,0.07935134,-0.10996989,0.00705896,-0.02502635,0.72955614,-0.72877818
-4.35517759,1.34425048,-1.36045151,0.36837995,-0.32269613,0.41299898,-0.37661652,0.01156353,-0.00286511,0.15126734,-0.13856357,0.08578019,-0.11249113,0.00703520,-0.02571013,0.73137224,-0.79132444
-4.34917459,1.37333417,-1.45684142,0.38335550,-0.34723074,0.41466314,-0.40308220,0.01320927,-0.00340799,0.16339154,-0.14069608,0.09339769,-0.11605287,0.00709249,-0.02653987,0.74149633,-0.85889877
-4.34317159,1.41737735,-1.56053088,0.40251857,-0.37372500,0.42080045,-0.43118367,0.01500450,-0.00403732,0.17713431,-0.14360018,0.10219042,-0.12063145,0.00722862,-0.02748551,0.75986019,-0.93088435
-4.33716858,1.47585912,-1.67042516,0.42571364,-0.40196761,0.43126108,-0.46053705,0.01694180,-0.00476224,0.19242264,-0.14725803,0.11211812,-0.12619224,0.00743961,-0.02851404,0.78618681,-1.00655975
-4.33116558,1.54787611,-1.78526763,0.45267585,-0.43170795,0.44578309,-0.49071589,0.01900949,-0.00559174,0.20913634,-0.15163606,0.12311223,-0.13269033,0.00771981,-0.02959040,0.81999248,-1.08510539
-4.32516258,1.63215319,-1.90365580,0.48303262,-0.46265764,0.46399717,-0.52125821,0.02119148,-0.00653432,0.22710743,-0.15668508,0.13507521,-0.14007110,0.00806189,-0.03067855,0.86059399,-1.16561348
-4.31915958,1.72706423,-2.02406293,0.51630825,-0.49449346,0.48543419,-0.55167507,0.02346720,-0.00759766,0.24612119,-0.16234072,0.14788068,-0.14827084,0.00845702,-0.03174236,0.90712100,-1.24710130
-4.31315658,1.83066336,-2.14486448,0.55193182,-0.52686149,0.50953559,-0.58146061,0.02581170,-0.00878818,0.26591894,-0.16852439,0.16137455,-0.15721713,0.00889500,-0.03274673,0.95853362,-1.32852747
-4.30715358,1.94072635,-2.26436886,0.58924828,-0.55938251,0.53566647,-0.61010315,0.02819597,-0.01011061,0.28620246,-0.17514465,0.17537710,-0.16682922,0.00936452,-0.03365843,1.01364518,-1.40881093
-4.30115058,2.05480180,-2.38085149,0.62753268,-0.59165836,0.56313109,-0.63709721,0.03058740,-0.01156752,0.30664032,-0.18209902,0.18968624,-0.17701823,0.00985339,-0.03444704,1.07114974,-1.48685200
-4.29514757,2.17027106,-2.49259120,0.66600737,-0.62327923,0.59119063,-0.66195580,0.03295042,-0.01315887,0.32687562,-0.18927612,0.20408182,-0.18768729,0.01034888,-0.03508571,1.12965405,-1.56155492
-4.28914457,2.28441572,-2.59790772,0.70386172,-0.65383141,0.61908255,-0.68422281,0.03524735,-0.01488157,0.34653531,-0.19655802,0.21833091,-0.19873161,0.01083801,-0.03555181,1.18771317,-1.63185111
-4.28314157,2.39449067,-2.69519904,0.74027386,-0.68290555,0.64604129,-0.70348485,0.03743933,-0.01672908,0.36524054,-0.20382290,0.23219407,-0.21003854,0.01130796,-0.03582749,1.24386883,-1.69672248
-4.27713857,2.49780069,-2.78297751,0.77443385,-0.71010498,0.67131947,-0.71938225,0.03948745,-0.01869114,0.38261783,-0.21094779,0.24543226,-0.22148765,0.01174639,-0.03590000,1.29668947,-1.75522393
-4.27113557,2.59177799,-2.85990353,0.80556734,-0.73505390,0.69420906,-0.73161871,0.04135386,-0.02075350,0.39831061,-0.21781140,0.25781426,-0.23295108,0.01214183,-0.03576189,1.34481064,-1.80650442
-4.26513257,2.67405791,-2.92481578,0.83295901,-0.75740531,0.71406174,-0.73996939,0.04300300,-0.02289785,0.41199067,-0.22429692,0.26912427,-0.24429396,0.01248399,-0.03541106,1.38697431,-1.84982599
-4.25912956,2.74254974,-2.97675732,0.85597472,-0.77684839,0.73030754,-0.74428702,0.04440272,-0.02510190,0.42336903,-0.23029491,0.27916945,-0.25537525,0.01276412,-0.03485060,1.42206572,-1.88458013
-4.25312656,2.79550007,-3.01499675,0.87408154,-0.79311526,0.74247138,-0.74450589,0.04552540,-0.02733956,0.43220572,-0.23570595,0.28778690,-0.26604901,0.01297524,-0.03408850,1.44914618,-1.91030115
-4.24712356,2.83154566,-3.03904427,0.88686472,-0.80598690,0.75018642,-0.74064367,0.04634892,-0.02958134,0.43831811,-0.24044328,0.29484986,-0.27616605,0.01311236,-0.03313722,1.46748049,-1.92667622
-4.24112056,2.84975369,-3.04866213,0.89404084,-0.81529823,0.75320395,-0.73280096,0.04685742,-0.03179493,0.44158728,-0.24443523,0.30027287,-0.28557613,0.01317264,-0.03201316,1.47655784,-1.93355194
-4.23511756,2.84964743,-3.04386978,0.89546653,-0.82094225,0.75139931,-0.72115872,0.04704190,-0.03394587,0.44196222,-0.24762754,0.30401537,-0.29413075,0.01315542,-0.03073597,1.47610519,-1.93093743
-4.22911456,2.83121612,-3.02494355,0.89114228,-0.82287315,0.74477346,-0.70597360,0.04690056,-0.03599844,0.43946157,-0.24998541,0.30608377,-0.30168631,0.01306228,-0.02932789,1.46609249,-1.91900394
-4.22311156,2.79490852,-2.99241139,0.88121112,-0.82110841,0.73345035,-0.68757158,0.04643887,-0.03791667,0.43417280,-0.25149528,0.30653165,-0.30810776,0.01289687,-0.02781301,1.44672949,-1.89808117
-4.21710855,2.74161039,-2.94704287,0.86595222,-0.81572981,0.71766995,-0.66634004,0.04566940,-0.03966534,0.42624891,-0.25216642,0.30545815,-0.31327256,0.01266484,-0.02621648,1.41845428,-1.86865055
-4.21110555,2.67260666,-2.88983483,0.84576964,-0.80688341,0.69777745,-0.64271863,0.04461136,-0.04121112,0.41590273,-0.25203205,0.30300438,-0.31707479,0.01237350,-0.02456386,1.38191398,-1.83133565
-4.20510255,2.58953030,-2.82199322,0.82117671,-0.79477830,0.67420906,-0.61718917,0.04328992,-0.04252369,0.40339908,-0.25115019,0.29934820,-0.31942920,0.01203164,-0.02288037,1.33793854,-1.78689010
-4.19909955,2.49429985,-2.74491146,0.79277679,-0.77968431,0.64747498,-0.59026507,0.04173536,-0.04357673,0.38904517,-0.24960388,0.29469740,-0.32027514,0.01164908,-0.02119033,1.28750868,-1.73618328
-4.19309655,2.38904859,-2.66014561,0.76124114,-0.76192848,0.61814041,-0.56248041,0.03998196,-0.04434890,0.37317966,-0.24750102,0.28928152,-0.31957998,0.01123637,-0.01951664,1.23171966,-1.68018405
-4.18709355,2.27604844,-2.56938684,0.72728503,-0.74189034,0.58680538,-0.53437892,0.03806687,-0.04482463,0.35616086,-0.24497341,0.28334289,-0.31734189,0.01080436,-0.01788031,1.17174211,-1.61994282
-4.18109055,2.15763180,-2.47443143,0.69164301,-0.71999599,0.55408423,-0.50650331,0.03602892,-0.04499468,0.33835461,-0.24217523,0.27712699,-0.31359184,0.01036383,-0.01630015,1.10878199,-1.55657221
-4.17508754,2.03611480,-2.37714854,0.65504450,-0.69671092,0.52058571,-0.47938486,0.03390729,-0.04485657,0.32012229,-0.23928071,0.27087278,-0.30839461,0.00992508,-0.01479254,1.04404111,-1.49122654
-4.16908454,1.91372488,-2.27944611,0.61819056,-0.67253170,0.48689430,-0.45353359,0.03174044,-0.04441473,0.30180965,-0.23648095,0.26480331,-0.30184862,0.00949759,-0.01337127,0.97867986,-1.42508048
-4.16308154,1.79253560,-2.18323513,0.58173292,-0.64797651,0.45355366,-0.42942904,0.02956489,-0.04368032,0.28373657,-0.23397996,0.25911712,-0.29408470,0.00908974,-0.01204752,0.91378370,-1.35930693
-4.15707854,1.67441104,-2.09039268,0.54625593,-0.62357470,0.42105260,-0.40751176,0.02741437,-0.04267098,0.26618851,-0.23198994,0.25398068,-0.28526357,0.00870853,-0.01082986,0.85033435,-1.29505466
-4.15107554,1.56096142,-2.00272415,0.51226208,-0.59985543,0.38981410,-0.38817546,0.02531893,-0.04141018,0.24940959,-0.23072568,0.24952238,-0.27557226,0.00835939,-0.00972436,0.78918682,-1.23342579
-4.14507254,1.45351131,-1.92192522,0.48016147,-0.57733572,0.36018757,-0.37176006,0.02330438,-0.03992647,0.23359777,-0.23039841,0.24582814,-0.26521940,0.00804611,-0.00873470,0.73105274,-1.17545358
-4.13906953,1.35308080,-1.84954417,0.45026553,-0.55650810,0.33244449,-0.35854533,0.02139188,-0.03825251,0.21890199,-0.23120908,0.24293904,-0.25442970,0.00777074,-0.00786241,0.67649027,-1.12208086
-4.13306653,1.26037966,-1.78694543,0.42278486,-0.53782810,0.30677735,-0.34874560,0.01959769,-0.03642402,0.20542145,-0.23334130,0.24085075,-0.24343775,0.00753365,-0.00710702,0.62590057,-1.07413965
-4.12706353,1.17581383,-1.73527516,0.39783119,-0.52170211,0.28330168,-0.34250512,0.01793323,-0.03447864,0.19320681,-0.23695417,0.23951510,-0.23248125,0.00733359,-0.00646630,0.57953049,-1.03233220
-4.12106053,1.09950303,-1.69542990,0.37542295,-0.50847573,0.26206087,-0.33989458,0.01640517,-0.03245470,0.18226319,-0.24217521,0.23884341,-0.22179416,0.00716789,-0.00593651,0.53748090,-0.99721431
-4.11505753,1.03130807,-1.66802935,0.35549408,-0.49842327,0.24303340,-0.34090859,0.01501581,-0.03039015,0.17255471,-0.24909380,0.23871156,-0.21159982,0.00703260,-0.00551257,0.49971989,-0.96918118
-4.10905453,0.97086597,-1.65339442,0.33790547,-0.49173855,0.22614192,-0.34546441,0.01376352,-0.02832140,0.16401025,-0.25775520,0.23896644,-0.20210443,0.00692280,-0.00518829,0.46609987,-0.94845645
-4.10305153,0.91763081,-1.65153155,0.32245838,-0.48852761,0.21126377,-0.35340201,0.01264325,-0.02628242,0.15653014,-0.26815567,0.23943354,-0.19349098,0.00683280,-0.00495659,0.43637764,-0.93508488
-4.09704852,0.87091837,-1.66212431,0.30890916,-0.48880348,0.19824233,-0.36448568,0.01164722,-0.02430383,0.14999345,-0.28023890,0.23992525,-0.18591403,0.00675648,-0.00480962,0.41023634,-0.92892928
-4.09104552,0.82995238,-1.68453321,0.29698450,-0.49248344,0.18689882,-0.37840718,0.01076549,-0.02241231,0.14426546,-0.29389387,0.24024953,-0.17949541,0.00668756,-0.00473901,0.38730825,-0.92967172
-4.08504252,0.79391047,-1.71780420,0.28639672,-0.49938898,0.17704398,-0.39479074,0.00998668,-0.02063004,0.13920505,-0.30895455,0.24021849,-0.17432094,0.00661987,-0.00473592,0.36719754,-0.93681968
-4.07903952,0.76196814,-1.76068637,0.27685837,-0.50924851,0.16848923,-0.41319976,0.00929853,-0.01897445,0.13467174,-0.32520146,0.23965659,-0.17043836,0.00654759,-0.00479128,0.34950207,-0.94971690
-4.07303652,0.73333920,-1.81165874,0.26809566,-0.52170308,0.16105709,-0.43314542,0.00868855,-0.01745806,0.13053203,-0.34236519,0.23840800,-0.16785658,0.00646555,-0.00489583,0.33383359,-0.96755910
-4.06703352,0.70731153,-1.86896600,0.25986033,-0.53631479,0.15459046,-0.45409701,0.00814446,-0.01608856,0.12666493,-0.36013185,0.23634289,-0.16654600,0.00636934,-0.00504031,0.31983563,-0.98941417
-4.06103052,0.68327728,-1.93066232,0.25193963,-0.55257797,0.14896063,-0.47549378,0.00765472,-0.01486902,0.12296650,-0.37815041,0.23336241,-0.16644022,0.00625550,-0.00521558,0.30719891,-1.01424654
-4.05502751,0.66075695,-1.99466226,0.24416422,-0.56993266,0.14407391,-0.49675822,0.00720880,-0.01379820,0.11935319,-0.39604167,0.22940217,-0.16743885,0.00612161,-0.00541269,0.29567369,-1.04094502
-4.04902451,0.63941713,-2.05879732,0.23641383,-0.58778008,0.13987683,-0.51731030,0.00679747,-0.01287106,0.11576416,-0.41340864,0.22443411,-0.16941128,0.00596637,-0.00562308,0.28507927,-1.06835329
-4.04302151,0.61908191,-2.12087626,0.22862081,-0.60549970,0.13635987,-0.53658230,0.00641302,-0.01207922,0.11216240,-0.42984792,0.21846678,-0.17220153,0.00578957,-0.00583864,0.27531040,-1.09530227
-4.03701851,0.59973824,-2.17874733,0.22077157,-0.62246710,0.13355982,-0.55403377,0.00604929,-0.01141164,0.10853468,-0.44496176,0.21154414,-0.17563368,0.00559207,-0.00605185,0.26634083,-1.12064303
-4.03101551,0.58153563,-2.23036007,0.21290603,-0.63807227,0.13156086,-0.56916604,0.00570172,-0.01085518,0.10489064,-0.45837026,0.20374285,-0.17951800,0.00537575,-0.00625591,0.25822429,-1.14327937
-4.02501251,0.56478090,-2.27382450,0.20511548,-0.65173752,0.13049443,-0.58153580,0.00536732,-0.01039526,0.10126091,-0.46972322,0.19516849,-0.18365733,0.00514337,-0.00644486,0.25109291,-1.16219881
-4.01900950,0.54992853,-2.30746544,0.19753885,-0.66293438,0.13053797,-0.59076719,0.00504454,-0.01001648,0.09769450,-0.47871121,0.18595065,-0.18785364,0.00489845,-0.00661365,0.24515369,-1.17650072
-4.01300650,0.53756745,-2.32986978,0.19035791,-0.67119893,0.13191272,-0.59656184,0.00473316,-0.00970316,0.09425565,-0.48507540,0.17623751,-0.19191451,0.00464513,-0.00675824,0.24068301,-1.18542088
-4.00700350,0.52840474,-2.33992511,0.18379143,-0.67614484,0.13488062,-0.59870659,0.00443410,-0.00943992,0.09102029,-0.48861570,0.16618979,-0.19565929,0.00438801,-0.00687567,0.23801973,-1.18835114
-4.00100050,0.52324712,-2.33684792,0.17808876,-0.67747386,0.13974029,-0.59707840,0.00414926,-0.00921211,0.08807223,-0.48919683,0.15597473,-0.19892469,0.00413196,-0.00696409,0.23755688,-1.18485392
-3.99499750,0.52298060,-2.32020058,0.17352290,-0.67498313,0.14682228,-0.59164633,0.00388130,-0.00900619,0.08549929,-0.48675225,0.14576013,-0.20156969,0.00388201,-0.00702280,0.23973239,-1.17467066
-3.98899450,0.52854876,-2.28989651,0.17038323,-0.66856922,0.15648348,-0.58247047,0.00363347,-0.00881007,0.08338960,-0.48128556,0.13570874,-0.20347950,0.00364315,-0.00705217,0.24501883,-1.15772426
-3.98299150,0.54093000,-2.24619330,0.16896825,-0.65822886,0.16910075,-0.56969795,0.00340944,-0.00861335,0.08182794,-0.47286953,0.12597329,-0.20456852,0.00342022,-0.00705367,0.25391229,-1.13411539
-3.97698849,0.56111407,-2.18967467,0.16957804,-0.64405615,0.18506364,-0.55355610,0.00321309,-0.00840742,0.08089261,-0.46164273,0.11669220,-0.20478212,0.00321777,-0.00702971,0.26692054,-1.10411304
-3.97098549,0.59007779,-2.12122185,0.17250696,-0.62623682,0.20476629,-0.53434317,0.00304843,-0.00818561,0.08065255,-0.44780398,0.10798621,-0.20409719,0.00304000,-0.00698357,0.28455053,-1.06813987
-3.96498249,0.62876039,-2.04197617,0.17803619,-0.60503943,0.22859836,-0.51241705,0.00291939,-0.00794311,0.08116503,-0.43160489,0.09995580,-0.20252154,0.00289063,-0.00691924,0.30729506,-1.02675293
-3.95897949,0.67803821,-1.95329437,0.18642644,-0.58080439,0.25693514,-0.48818237,0.00282977,-0.00767699,0.08247387,-0.41334085,0.09267970,-0.20009205,0.00277285,-0.00684123,0.33561886,-0.98062105
-3.95297649,0.73869912,-1.85669893,0.19791067,-0.55393098,0.29012666,-0.46207675,0.00278311,-0.00738602,0.08460815,-0.39334091,0.08621421,-0.19687181,0.00268932,-0.00675440,0.36994413,-0.93049948
-3.94697349,0.81141662,-1.75382538,0.21268691,-0.52486318,0.32848605,-0.43455655,0.00278262,-0.00707057,0.08758152,-0.37195697,0.08059340,-0.19294630,0.00264206,-0.00666374,0.41063549,-0.87720339
-3.94097049,0.89672407,-1.64636903,0.23091121,-0.49407481,0.37227731,-0.40608295,0.00283113,-0.00673235,0.09139204,-0.34955275,0.07583009,-0.18841880,0.00263251,-0.00657418,0.45798477,-0.82158091
-3.93496748,0.99498927,-1.53603316,0.25269081,-0.46205475,0.42170252,-0.37710864,0.00293099,-0.00637424,0.09602249,-0.32649305,0.07191753,-0.18340532,0.00266152,-0.00649035,0.51219572,-0.76448716
-3.92896448,1.10639002,-1.42448066,0.27807761,-0.42929261,0.47688910,-0.34806588,0.00308407,-0.00600003,0.10144120,-0.30313367,0.06883154,-0.17802918,0.00272932,-0.00641641,0.57336912,-0.70675997
-3.92296148,1.23089136,-1.31329083,0.30706227,-0.39626561,0.53787719,-0.31935602,0.00329168,-0.00561420,0.10760318,-0.27981226,0.06653314,-0.17241559,0.00283560,-0.00635585,0.64148878,-0.64919827
-3.91695848,1.36822522,-1.20392260,0.33956887,-0.36342699,0.60460787,-0.29134108,0.00355455,-0.00522167,0.11445169,-0.25684068,0.06497149,-0.16668645,0.00297948,-0.00631137,0.71640880,-0.59254383
-3.91095548,1.51787354,-1.09768539,0.37545064,-0.33119623,0.67691258,-0.26433733,0.00387277,-0.00482763,0.12191999,-0.23449872,0.06408696,-0.16095552,0.00315961,-0.00628472,0.79784294,-0.53746664
-3.90495248,1.67905583,-0.99571781,0.41448695,-0.29995157,0.75450443,-0.23861112,0.00424575,-0.00443729,0.12993335,-0.21302963,0.06381431,-0.15532430,0.00337418,-0.00627667,0.88535651,-0.48455441
-3.89894947,1.85072213,-0.89897469,0.45638176,-0.27002458,0.83697183,-0.21437685,0.00467221,-0.00405577,0.13841107,-0.19263727,0.06408579,-0.14987874,0.00362098,-0.00628695,0.97836156,-0.43430604
-3.89294647,2.03155250,-0.80822202,0.50076391,-0.24169718,0.92377517,-0.19179692,0.00515011,-0.00368793,0.14726865,-0.17348500,0.06483419,-0.14468682,0.00389747,-0.00631426,1.07611596,-0.38712908
-3.88694347,2.21996382,-0.72403931,0.54718938,-0.21520064,1.01424697,-0.17098365,0.00567664,-0.00333829,0.15641979,-0.15569614,0.06599564,-0.13979717,0.00420084,-0.00635634,1.17772676,-0.34334077
-3.88094047,2.41412456,-0.64682857,0.59514586,-0.19071670,1.10759592,-0.15200267,0.00624821,-0.00301096,0.16577841,-0.13935579,0.06751213,-0.13523880,0.00452813,-0.00641005,1.28215839,-0.30317233
-3.87493747,2.61197806,-0.57682876,0.64405949,-0.16838029,1.20291519,-0.13487764,0.00686042,-0.00270958,0.17526043,-0.12451393,0.06933374,-0.13102167,0.00487626,-0.00647153,1.38824583,-0.26677582
-3.86893447,2.81127426,-0.51413460,0.69330402,-0.14828373,1.29919513,-0.11959591,0.00750807,-0.00243734,0.18478536,-0.11118936,0.07142048,-0.12713832,0.00524216,-0.00653635,1.49471275,-0.23423314
-3.86293147,3.00960969,-0.45871847,0.74221215,-0.13048185,1.39534030,-0.10611482,0.00818516,-0.00219700,0.19427762,-0.09937442,0.07374368,-0.12356621,0.00562288,-0.00659970,1.60019456,-0.20556639
-3.85692846,3.20447511,-0.41045395,0.79008888,-0.11499792,1.49019062,-0.09436829,0.00888496,-0.00199086,0.20366771,-0.08904002,0.07628696,-0.12027063,0.00601566,-0.00665663,1.70326578,-0.18074899
-3.85092546,3.39330955,-0.36914004,0.83622656,-0.10182981,1.58254628,-0.08427333,0.00960005,-0.00182088,0.21289298,-0.08014088,0.07904670,-0.11720818,0.00641808,-0.00670222,1.80247118,-0.15971705
-3.84492246,3.57355952,-0.33452463,0.87992123,-0.09095606,1.67119562,-0.07573640,0.01032238,-0.00168868,0.22189823,-0.07262063,0.08203195,-0.11433032,0.00682813,-0.00673183,1.89635983,-0.14238029
-3.83891946,3.74274136,-0.30632643,0.92048971,-0.08234176,1.75494523,-0.06865918,0.01104339,-0.00159564,0.23063605,-0.06641662,0.08526387,-0.11158704,0.00724428,-0.00674130,1.98352093,-0.12863209
-3.83291646,3.89850481,-0.28425438,0.95728687,-0.07594362,1.83265130,-0.06294365,0.01175413,-0.00154286,0.23906701,-0.06146418,0.08877466,-0.10893030,0.00766562,-0.00672710,2.06262020,-0.11835841
-3.82691346,4.03869551,-0.26802396,0.98972247,-0.07171436,1.90325096,-0.05849645,0.01244540,-0.00153130,0.24715960,-0.05770028,0.09260583,-0.10631713,0.00809184,-0.00668650,2.13243568,-0.11144495
-3.82091046,4.16141396,-0.25736998,1.01727698,-0.06960600,1.96579255,-0.05523222,0.01310791,-0.00156174,0.25489011,-0.05506638,0.09680619,-0.10371226,0.00852333,-0.00661769,2.19189143,-0.10778275
-3.81490745,4.26506878,-0.25205543,1.03951565,-0.06957216,2.01946348,-0.05307613,0.01373244,-0.00163478,0.26224243,-0.05351050,0.10142914,-0.10109006,0.00896111,-0.00651983,2.24008791,-0.10727180
-3.80890445,4.34842194,-0.25187654,1.05610042,-0.07156913,2.06361453,-0.05196533,0.01431008,-0.00175087,0.26920772,-0.05298843,0.10652981,-0.09843585,0.00940687,-0.00639311,2.27632785,-0.10982284
-3.80290145,4.41062414,-0.25666400,1.06679910,-0.07555591,2.09777961,-0.05184968,0.01483237,-0.00191025,0.27578413,-0.05346403,0.11216168,-0.09574646,0.00986287,-0.00623871,2.30013656,-0.11535734
-3.79689845,4.45123878,-0.26628068,1.07149148,-0.08149322,2.12168992,-0.05269149,0.01529153,-0.00211291,0.28197644,-0.05490885,0.11837312,-0.09303005,0.01033186,-0.00605877,2.31127576,-0.12380587
-3.79089545,4.47025330,-0.28061625,1.07017213,-0.08934158,2.13528188,-0.05446470,0.01568065,-0.00235852,0.28779571,-0.05730088,0.12520386,-0.09030530,0.01081692,-0.00585627,2.30975055,-0.13510508
-3.78489245,4.46807752,-0.29957927,1.06294973,-0.09905869,2.13869852,-0.05715334,0.01599388,-0.00264639,0.29325889,-0.06062282,0.13268141,-0.08759995,0.01132138,-0.00563495,2.29580900,-0.14919359
-3.77888944,4.44552879,-0.32308746,1.05004314,-0.11059631,2.13228404,-0.06074958,0.01622656,-0.00297533,0.29838837,-0.06485969,0.14081779,-0.08494891,0.01184860,-0.00539911,2.26993454,-0.16600710
-3.77288644,4.40380459,-0.35105664,1.03177412,-0.12389684,2.11657181,-0.06525154,0.01637541,-0.00334364,0.30321143,-0.06999623,0.14960663,-0.08239198,0.01240177,-0.00515349,2.23283144,-0.18547319
-3.76688344,4.34444366,-0.38338945,1.00855730,-0.13888992,2.09226629,-0.07066084,0.01643860,-0.00374897,0.30775962,-0.07601393,0.15902077,-0.07997132,0.01298378,-0.00490305,2.18540386,-0.20750609
-3.76088044,4.26927725,-0.41996434,0.98088760,-0.15548926,2.06021963,-0.07698026,0.01641584,-0.00418829,0.31206798,-0.08288815,0.16901055,-0.07772891,0.01359699,-0.00465282,2.12872952,-0.23200201
-3.75487744,4.18037246,-0.46062570,0.94932576,-0.17358992,2.02140392,-0.08421150,0.01630841,-0.00465785,0.31617408,-0.09058528,0.17950299,-0.07570402,0.01424311,-0.00440773,2.06402890,-0.25883517
-3.74887444,4.07997002,-0.50517589,0.91448251,-0.19306650,1.97688030,-0.09235333,0.01611917,-0.00515312,0.32011693,-0.09906013,0.19040178,-0.07393086,0.01492298,-0.00417239,1.99263115,-0.28785515
-3.74287144,3.97041904,-0.55336977,0.87700196,-0.21377204,1.92776629,-0.10140013,0.01585247,-0.00566882,0.32393566,-0.10825391,0.20158838,-0.07243661,0.01563654,-0.00395104,1.91593823,-0.31888567
-3.73686843,3.85411120,-0.60491217,0.83754494,-0.23553829,1.87520266,-0.11134098,0.01551404,-0.00619896,0.32766816,-0.11809255,0.21292407,-0.07123978,0.01638268,-0.00374733,1.83538830,-0.35172517
-3.73086543,3.73341697,-0.65945875,0.79677274,-0.25817698,1.82032123,-0.12215940,0.01511091,-0.00673688,0.33134952,-0.12848591,0.22425303,-0.07034904,0.01715926,-0.00356433,1.75241990,-0.38614924
-3.72486243,3.61062616,-0.71662049,0.75533194,-0.28148253,1.76421483,-0.13383377,0.01465115,-0.00727539,0.33501045,-0.13932768,0.23540634,-0.06976257,0.01796306,-0.00340437,1.66843806,-0.42191502
-3.71885943,3.48789479,-0.77597161,0.71384067,-0.30523589,1.70791059,-0.14633840,0.01414373,-0.00780689,0.33867577,-0.15049605,0.24620678,-0.06946798,0.01878986,-0.00326908,1.58478326,-0.45876740
-3.71285643,3.36720003,-0.83706094,0.67287683,-0.32920953,1.65234747,-0.15964524,0.01359818,-0.00832353,0.34236295,-0.16185542,0.25647422,-0.06944262,0.01963451,-0.00315935,1.50270433,-0.49644698
-3.70685343,3.25030428,-0.89942613,0.63296837,-0.35317343,1.59835865,-0.17372614,0.01302444,-0.00881741,0.34608086,-0.17325874,0.26603145,-0.06965445,0.02049102,-0.00307537,1.42333578,-0.53469926
-3.70085043,3.13872923,-0.96261021,0.59458592,-0.37690167,1.54665930,-0.18855553,0.01243250,-0.00928082,0.34982883,-0.18455083,0.27471011,-0.07006335,0.02135273,-0.00301667,1.34768008,-0.57328480
-3.69484742,3.03374014,-1.02617948,0.55813779,-0.40017947,1.49783974,-0.20411333,0.01183217,-0.00970641,0.35359599,-0.19557225,0.28235661,-0.07062263,0.02221245,-0.00298221,1.27659505,-0.61198971
-3.68884442,2.93634007,-1.08974198,0.52396728,-0.42281021,1.45236402,-0.22038791,0.01123284,-0.01008748,0.35736111,-0.20616378,0.28883750,-0.07128097,0.02306260,-0.00297043,1.21078637,-0.65063592
-3.68284142,2.84727351,-1.15296527,0.49235215,-0.44462203,1.41057343,-0.23737878,0.01064320,-0.01041815,0.36109283,-0.21617131,0.29404433,-0.07198440,0.02389540,-0.00297938,1.15080499,-0.68909047
-3.67683842,2.76703832,-1.21559243,0.46350607,-0.46547371,1.37269446,-0.25509891,0.01007106,-0.01069356,0.36475046,-0.22545080,0.29789754,-0.07267835,0.02470304,-0.00300682,1.09704899,-0.72727324
-3.67083542,2.69590487,-1.27745506,0.43758165,-0.48525929,1.33885052,-0.27357624,0.00952317,-0.01091011,0.36828516,-0.23387329,0.30034927,-0.07330971,0.02547776,-0.00305032,1.04976947,-0.76516240
-3.66483242,2.63394073,-1.33848241,0.41467490,-0.50391122,1.30907654,-0.29285428,0.00900507,-0.01106549,0.37164172,-0.24132960,0.30138495,-0.07382876,0.02621206,-0.00310734,1.00907975,-0.80279700
-3.65882941,2.58103958,-1.39870547,0.39483060,-0.52140174,1.28333554,-0.31299149,0.00852103,-0.01115887,0.37476069,-0.24773450,0.30102358,-0.07419080,0.02689873,-0.00317536,0.97496718,-0.84027627
-3.65282641,2.53695256,-1.45825541,0.37804827,-0.53774213,1.26153638,-0.33405938,0.00807400,-0.01119090,0.37758092,-0.25303016,0.29931664,-0.07435766,0.02753100,-0.00325193,0.94730699,-0.87775530
-3.64682341,2.50132071,-1.51735609,0.36428849,-0.55298008,1.24355174,-0.35613921,0.00766559,-0.01116369,0.38004234,-0.25718868,0.29634573,-0.07429873,0.02810256,-0.00333476,0.92587730,-0.91543688
-3.64082041,2.47370710,-1.57631033,0.35347911,-0.56719487,1.22923553,-0.37931724,0.00729616,-0.01108080,0.38208907,-0.26021359,0.29221908,-0.07399173,0.02860766,-0.00342175,0.91037478,-0.95355980
-3.63481741,2.45362728,-1.63548034,0.34552119,-0.58049076,1.21843908,-0.40367870,0.00696488,-0.01094705,0.38367248,-0.26214008,0.28706701,-0.07342305,0.02904110,-0.00351103,0.90043036,-0.99238372
-3.62881441,2.44057727,-1.69526297,0.34029446,-0.59298874,1.21102538,-0.42930062,0.00666987,-0.01076843,0.38475438,-0.26303410,0.28103664,-0.07258776,0.02939831,-0.00360097,0.89562444,-1.03217128
-3.62281141,2.43405815,-1.75606079,0.33766200,-0.60481717,1.20688106,-0.45624385,0.00640834,-0.01055184,0.38531006,-0.26299018,0.27428614,-0.07148925,0.02967535,-0.00369019,0.89550126,-1.07316816
-3.61680840,2.43359664,-1.81825030,0.33747429,-0.61610166,1.20592554,-0.48454462,0.00617680,-0.01030488,0.38533111,-0.26212806,0.26697868,-0.07013853,0.02986895,-0.00377753,0.89958211,-1.11558205
-3.61080540,2.43876144,-1.88214897,0.33957233,-0.62695484,1.20811725,-0.51420614,0.00597121,-0.01003556,0.38482798,-0.26058839,0.25927647,-0.06855333,0.02997652,-0.00386202,0.90737719,-1.15956177
-3.60480240,2.44917497,-1.94798295,0.34379005,-0.63746659,1.21345666,-0.54519070,0.00578721,-0.00975205,0.38383200,-0.25852745,0.25133511,-0.06675696,0.02999621,-0.00394284,0.91839598,-1.20517741
-3.59879940,2.46452057,-2.01585726,0.34995593,-0.64769538,1.22198622,-0.57741280,0.00562028,-0.00946235,0.38239704,-0.25611135,0.24329853,-0.06477704,0.02992689,-0.00401931,0.93215609,-1.25240308
-3.59279640,2.48454515,-2.08573047,0.35789405,-0.65766120,1.23378701,-0.61073400,0.00546596,-0.00917406,0.38060037,-0.25350979,0.23529466,-0.06264418,0.02976825,-0.00409081,0.94819059,-1.30110319
-3.58679340,2.50905762,-2.15739567,0.36742454,-0.66734060,1.24897252,-0.64495970,0.00531998,-0.00889407,0.37854290,-0.25088977,0.22743210,-0.06039070,0.02952078,-0.00415678,0.96605392,-1.35102334
-3.58079040,2.53792324,-2.23046909,0.37836378,-0.67666427,1.26767954,-0.67983855,0.00517846,-0.00862840,0.37634857,-0.24840952,0.21979778,-0.05804939,0.02918579,-0.00421665,0.98532635,-1.40178682
-3.57478739,2.57105420,-2.30438780,0.39052424,-0.68551737,1.29005659,-0.71506463,0.00503795,-0.00838197,0.37416282,-0.24621280,0.21245572,-0.05565237,0.02876545,-0.00426986,1.00561727,-1.45289715
-3.56878439,2.60839703,-2.37841696,0.40371437,-0.69374266,1.31625016,-0.75028269,0.00489558,-0.00815847,0.37215015,-0.24442412,0.20544687,-0.05323027,0.02826280,-0.00431585,1.02656725,-1.50374706
-3.56278139,2.64991701,-2.45166712,0.41773842,-0.70114645,1.34638931,-0.78509631,0.00474913,-0.00796027,0.37049067,-0.24314477,0.19879002,-0.05081146,0.02768171,-0.00435406,1.04784898,-1.55363388
-3.55677839,2.69558036,-2.52312102,0.43239648,-0.70750707,1.38056910,-0.81907906,0.00459699,-0.00778840,0.36937560,-0.24245005,0.19248352,-0.04842165,0.02702683,-0.00438398,1.06916733,-1.60178089
-3.55077539,2.74533457,-2.59166923,0.44748472,-0.71258549,1.41883342,-0.85178811,0.00443823,-0.00764257,0.36900193,-0.24238778,0.18650785,-0.04608365,0.02630361,-0.00440517,1.09025840,-1.64736400
-3.54477239,2.79908773,-2.65615307,0.46279591,-0.71613756,1.46115799,-0.88278000,0.00427251,-0.00752125,0.36956602,-0.24297804,0.18082881,-0.04381742,0.02551816,-0.00441735,1.11088778,-1.68954258
-3.53876938,2.85668741,-2.71541315,0.47812029,-0.71792723,1.50743415,-0.91162773,0.00410009,-0.00742180,0.37125662,-0.24421434,0.17540103,-0.04164032,0.02467719,-0.00442047,1.13084807,-1.72749326
-3.53276638,2.91790010,-2.76834110,0.49324676,-0.71774012,1.55745434,-0.93793861,0.00392172,-0.00734061,0.37424718,-0.24606594,0.17017175,-0.03956759,0.02378791,-0.00441478,1.14995563,-1.76044505
-3.52676338,2.98239196,-2.81393224,0.50796440,-0.71539664,1.61089991,-0.96137191,0.00373855,-0.00727336,0.37868793,-0.24848124,0.16508466,-0.03761289,0.02285789,-0.00440095,1.16804692,-1.78771419
-3.52076038,3.04971188,-2.85133633,0.52206423,-0.71076396,1.66733208,-0.98165542,0.00355205,-0.00721523,0.38469781,-0.25139219,0.16008350,-0.03578908,0.02189497,-0.00438016,1.18497427,-1.80873698
-3.51475738,3.11927790,-2.87990402,0.53534132,-0.70376630,1.72618682,-0.99860013,0.00336392,-0.00716112,0.39235680,-0.25471926,0.15511546,-0.03410897,0.02090709,-0.00435418,1.20060146,-1.82309902
-3.50875438,3.19036784,-2.89922647,0.54759700,-0.69439278,1.78677415,-1.01211215,0.00317597,-0.00710594,0.40169887,-0.25837690,0.15013406,-0.03258612,0.01990217,-0.00432552,1.21479920,-1.83055918
-3.50275138,3.26211515,-2.90916590,0.55864139,-0.68270258,1.84828243,-1.02220114,0.00299003,-0.00704484,0.41270593,-0.26227911,0.14510158,-0.03123558,0.01888800,-0.00429745,1.22744085,-1.83106730
-3.49674837,3.33351073,-2.90987547,0.56829588,-0.66882710,1.90978784,-1.02898474,0.00280787,-0.00697344,0.42530326,-0.26634483,0.13999091,-0.03007465,0.01787209,-0.00427413,1.23839852,-1.82477432
-3.49074537,3.40341138,-2.90180714,0.57639583,-0.65296882,1.97026922,-1.03268854,0.00263112,-0.00688801,0.43935669,-0.27050288,0.13478672,-0.02912338,0.01686159,-0.00426067,1.24754002,-1.81203444
-3.48474237,3.47055524,-2.88570694,0.58279328,-0.63539720,2.02862815,-1.03364152,0.00246121,-0.00678570,0.45467188,-0.27469626,0.12948614,-0.02840507,0.01586318,-0.00426316,1.25472672,-1.79339890
-3.47873937,3.53358434,-2.86259742,0.58735959,-0.61644152,2.08371369,-1.03226686,0.00229933,-0.00666458,0.47099584,-0.27888542,0.12409883,-0.02794646,0.01488298,-0.00428868,1.25981279,-1.76960166
-3.47273637,3.59107405,-2.83374807,0.58998822,-0.59648119,2.13435137,-1.02906852,0.00214639,-0.00652380,0.48802097,-0.28305056,0.11864653,-0.02777783,0.01392651,-0.00434533,1.26264597,-1.74153737
-3.46673337,3.64156887,-2.80063456,0.59059724,-0.57593387,2.17937538,-1.02461394,0.00200301,-0.00636361,0.50539148,-0.28719261,0.11316226,-0.02793284,0.01299865,-0.00444218,1.26307003,-1.71023264
-3.46073037,3.68362352,-2.76488877,0.58913194,-0.55524201,2.21766288,-1.01951368,0.00186952,-0.00618532,0.52271226,-0.29133300,0.10768906,-0.02844814,0.01210358,-0.00458923,1.26092895,-1.67681175
-3.45472736,3.71584812,-2.72824141,0.58556710,-0.53485833,2.24816914,-1.01439874,0.00174599,-0.00599130,0.53955977,-0.29551216,0.10227865,-0.02936277,0.01124481,-0.00479726,1.25607288,-1.64245823
-3.44872436,3.73695575,-2.69245981,0.57990917,-0.51523099,2.26996224,-1.00989653,0.00163220,-0.00578482,0.55549479,-0.29978677,0.09698974,-0.03071735,0.01042517,-0.00507774,1.24836567,-1.60837397
-3.44272136,3.74581057,-2.65928350,0.57219802,-0.49678880,2.28225561,-1.00660654,0.00152774,-0.00557002,0.57007642,-0.30422604,0.09188642,-0.03255306,0.00964685,-0.00544265,1.23769364,-1.57573751
-3.43671836,3.74147433,-2.63036014,0.56250846,-0.47992745,2.28443728,-1.00507675,0.00143202,-0.00535165,0.58287684,-0.30890705,0.08703642,-0.03491045,0.00891140,-0.00590419,1.22397536,-1.54566321
-3.43071536,3.72324912,-2.60718466,0.55095111,-0.46499681,2.27609427,-1.00578181,0.00134430,-0.00513497,0.59349617,-0.31390954,0.08250942,-0.03782806,0.00821983,-0.00647461,1.20717175,-1.51916304
-3.42471236,3.69071438,-2.59104389,0.53767281,-0.45229016,2.25703108,-1.00910391,0.00126374,-0.00492551,0.60157677,-0.31931023,0.07837550,-0.04134093,0.00757260,-0.00716579,1.18729598,-1.49711224
-3.41870935,3.64375592,-2.58296905,0.52285628,-0.44203537,2.22728125,-1.01531717,0.00118947,-0.00472889,0.60681631,-0.32517723,0.07470353,-0.04547908,0.00696975,-0.00798894,1.16442268,-1.48022041
-3.41270635,3.58258548,-2.58369781,0.50671907,-0.43438847,2.18711141,-1.02457625,0.00112059,-0.00455060,0.60897901,-0.33156454,0.07155976,-0.05026590,0.00641090,-0.00895418,1.13869556,-1.46900884
-3.40670335,3.50774933,-2.59364747,0.48951154,-0.42942970,2.13701738,-1.03690957,0.00105625,-0.00439584,0.60790451,-0.33850728,0.06900640,-0.05571660,0.00589535,-0.01007010,1.11033306,-1.46379485
-3.40070035,3.42012512,-2.61290009,0.47151399,-0.42716207,2.07771245,-1.05221743,0.00099563,-0.00426930,0.60351381,-0.34601760,0.06710027,-0.06183675,0.00542214,-0.01134331,1.07963131,-1.46468371
-3.39469735,3.32090649,-2.64120008,0.45303285,-0.42751238,2.01010813,-1.07027513,0.00093803,-0.00417499,0.59581227,-0.35408176,0.06589148,-0.06862102,0.00499006,-0.01277797,1.04696405,-1.47156810
-3.38869435,3.21157583,-2.67796423,0.43439581,-0.43033470,1.93528809,-1.09074087,0.00088282,-0.00411614,0.58488913,-0.36265856,0.06542209,-0.07605210,0.00459775,-0.01437533,1.01277919,-1.48413498
-3.38269135,3.09386574,-2.72230367,0.41594604,-0.43541588,1.85447628,-1.11316810,0.00082949,-0.00409504,0.57091396,-0.37167910,0.06572481,-0.08409997,0.00424374,-0.01613328,0.97759185,-1.50187960
-3.37668834,2.96971068,-2.77305671,0.39803557,-0.44248312,1.76900053,-1.13702173,0.00077768,-0.00411294,0.55412995,-0.38104816,0.06682165,-0.09272154,0.00392641,-0.01804601,0.94197387,-1.52412572
-3.37068534,2.84119045,-2.82883140,0.38101780,-0.45121313,1.68025306,-1.16169762,0.00072709,-0.00417005,0.53484452,-0.39064710,0.06872261,-0.10186069,0.00364410,-0.02010367,0.90654013,-1.55005137
-3.36468234,2.71046771,-2.88805609,0.36523945,-0.46124259,1.58964937,-1.18654452,0.00067758,-0.00426544,0.51341765,-0.40033828,0.07142443,-0.11144879,0.00339507,-0.02229214,0.87193198,-1.57871910
-3.35867934,2.57972205,-2.94903612,0.35103200,-0.47217963,1.49858731,-1.21088752,0.00062909,-0.00439711,0.49024854,-0.40997073,0.07490941,-0.12140575,0.00317751,-0.02459296,0.83879830,-1.60910943
-3.35267634,2.45108315,-3.01001449,0.33870288,-0.48361585,1.40840764,-1.23405221,0.00058163,-0.00456197,0.46576120,-0.41938705,0.07914445,-0.13164152,0.00298956,-0.02698336,0.80777509,-1.64015656
-3.34667334,2.32656564,-3.06923449,0.32852670,-0.49513866,1.32035776,-1.25538865,0.00053530,-0.00475595,0.44038976,-0.42843113,0.08408028,-0.14205809,0.00282928,-0.02943648,0.77946407,-1.67078484
-3.34067034,2.20800833,-3.12500192,0.32073673,-0.50634345,1.23555974,-1.27429416,0.00049026,-0.00497409,0.41456390,-0.43695634,0.08965111,-0.15255188,0.00269463,-0.03192167,0.75441149,-1.69994492
-3.33466733,2.09702011,-3.17574478,0.31551685,-0.51684529,1.15498376,-1.29023427,0.00044666,-0.00521067,0.38869538,-0.44483394,0.09577457,-0.16301656,0.00258350,-0.03440506,0.73308775,-1.72664840
-3.32866433,1.99493439,-3.22006832,0.31299447,-0.52628984,1.07942774,-1.30276103,0.00040472,-0.00545936,0.36316585,-0.45196107,0.10235230,-0.17334598,0.00249369,-0.03685024,0.71586894,-1.74999973
-3.32266133,1.90277399,-3.25680345,0.31323449,-0.53436309,1.00950367,-1.31152804,0.00036462,-0.00571339,0.33831673,-0.45826817,0.10927095,-0.18343736,0.00242288,-0.03921907,0.70302094,-1.76922456
-3.31665833,1.82122737,-3.28504684,0.31623467,-0.54079974,0.94563081,-1.31630178,0.00032656,-0.00596576,0.31444115,-0.46372518,0.11640391,-0.19319434,0.00236867,-0.04147264,0.69468691,-1.78369340
-3.31065533,1.75063705,-3.30419116,0.32192272,-0.54538988,0.88803570,-1.31696886,0.00029068,-0.00620943,0.29177849,-0.46834620,0.12361353,-0.20252991,0.00232858,-0.04357233,0.69087872,-1.79294002
-3.30465233,1.69100028,-3.31394433,0.33015523,-0.54798382,0.83675866,-1.31353888,0.00025714,-0.00643754,0.27051125,-0.47219233,0.13075396,-0.21136899,0.00230008,-0.04548090,0.69147284,-1.79667400
-3.29864932,1.64198170,-3.31433694,0.34071865,-0.54849492,0.79166614,-1.30614296,0.00022602,-0.00664356,0.25076445,-0.47537235,0.13767456,-0.21965048,0.00228058,-0.04716359,0.69621088,-1.79478687
-3.29264632,1.60293719,-3.30571743,0.35333247,-0.54690039,0.75246817,-1.29502791,0.00019738,-0.00682156,0.23260732,-0.47804099,0.14422369,-0.22732876,0.00226752,-0.04858921,0.70470489,-1.78735188
-3.28664332,1.57294763,-3.28873506,0.36765457,-0.54323994,0.71874000,-1.28054626,0.00017124,-0.00696633,0.21605688,-0.48039487,0.15025278,-0.23437435,0.00225840,-0.04973115,0.71644750,-1.77461725
-3.28064032,1.55086117,-3.26431120,0.38328870,-0.53761245,0.68994687,-1.26314249,0.00014757,-0.00707352,0.20108335,-0.48266592,0.15562060,-0.24077392,0.00225080,-0.05056818,0.73082625,-1.75699320
-3.27463732,1.53534211,-3.23359971,0.39979407,-0.53017077,0.66547083,-1.24333599,0.00012632,-0.00713982,0.18761665,-0.48511262,0.16019747,-0.24652934,0.00224244,-0.05108520,0.74714209,-1.73503331
-3.26863432,1.52492443,-3.19793798,0.41669659,-0.52111483,0.64463853,-1.22170127,0.00010740,-0.00716296,0.17555399,-0.48800920,0.16386931,-0.25165598,0.00223126,-0.05127373,0.76463108,-1.70941072
-3.26263132,1.51806787,-3.15879040,0.43350176,-0.51068337,0.62674901,-1.19884612,0.00009069,-0.00714182,0.16476775,-0.49163320,0.16654129,-0.25618034,0.00221543,-0.05113210,0.78248865,-1.68089031
-3.25662831,1.51321455,-3.11768638,0.44970849,-0.49914467,0.61110040,-1.17538859,0.00007606,-0.00707642,0.15511352,-0.49625197,0.16814087,-0.26013696,0.00219340,-0.05066555,0.79989560,-1.65029778
-3.25062531,1.50884393,-3.07615555,0.46482361,-0.48678655,0.59701477,-1.15193362,0.00006336,-0.00696784,0.14643789,-0.50210858,0.16862025,-0.26356500,0.00216394,-0.04988596,0.81604480,-1.61848692
-3.24462231,1.50352439,-3.03566275,0.47837653,-0.47390620,0.58386039,-1.12905010,0.00005243,-0.00681823,0.13858559,-0.50940779,0.16795791,-0.26650451,0.00212617,-0.04881140,0.83016757,-1.58630650
-3.23861931,1.49595979,-2.99754576,0.48993335,-0.46080013,0.57107083,-1.10724952,0.00004310,-0.00663061,0.13140588,-0.51830289,0.16615937,-0.26899274,0.00207953,-0.04746544,0.84155890,-1.55456798
-3.23261631,1.48502935,-2.96295844,0.49911005,-0.44775482,0.55816057,-1.08696680,0.00003521,-0.00640881,0.12475794,-0.52888393,0.16325693,-0.27106058,0.00202386,-0.04587635,0.84960040,-1.52401564
-3.22661331,1.46982012,-2.93282198,0.50558417,-0.43503819,0.54473680,-1.06854433,0.00002859,-0.00615729,0.11851514,-0.54116812,0.15930857,-0.27272956,0.00195931,-0.04407609,0.85378030,-1.49530027
-3.22061031,1.44965104,-2.90778660,0.50910447,-0.42289259,0.53050738,-1.05221983,0.00002310,-0.00588092,0.11256816,-0.55509283,0.15439602,-0.27400942,0.00188637,-0.04209923,0.85370966,-1.46895762
-3.21460730,1.42408827,-2.88820554,0.50949823,-0.41152913,0.51528507,-1.03811856,0.00001860,-0.00558490,0.10682705,-0.57051194,0.14862203,-0.27489650,0.00180581,-0.03998185,0.84913426,-1.44539258
-3.20860430,1.39295190,-2.87412264,0.50667591,-0.40112395,0.49898822,-1.02625038,0.00001495,-0.00527448,0.10122213,-0.58719552,0.14210711,-0.27537315,0.00171868,-0.03776046,0.83994191,-1.42486962
-3.20260130,1.35631403,-2.86527430,0.50063288,-0.39181618,0.48163826,-1.01651161,0.00001204,-0.00495488,0.09570399,-0.60483337,0.13498577,-0.27540803,0.00162621,-0.03547092,0.82616488,-1.40750997
-3.19659830,1.31448919,-2.86110556,0.49144839,-0.38370769,0.46335435,-1.00869190,0.00000977,-0.00463105,0.09024268,-0.62304220,0.12740249,-0.27495750,0.00152981,-0.03314749,0.80797758,-1.39329544
-3.19059530,1.26801768,-2.86079978,0.47928161,-0.37686454,0.44434576,-1.00248553,0.00000805,-0.00430764,0.08482614,-0.64137632,0.11950759,-0.27396795,0.00143100,-0.03082205,0.78568966,-1.38207857
-3.18459230,1.21764303,-2.86332018,0.46436515,-0.37131981,0.42490231,-0.99750686,0.00000682,-0.00398879,0.07945822,-0.65934154,0.11145322,-0.27237887,0.00133136,-0.02852343,0.75973507,-1.37359830
-3.17858929,1.16428468,-2.86746123,0.44699635,-0.36707756,0.40538352,-0.99330907,0.00000601,-0.00367813,0.07415633,-0.67641165,0.10338945,-0.27012661,0.00123249,-0.02627687,0.73065748,-1.36750034
-3.17258629,1.10900722,-2.87190722,0.42752658,-0.36411757,0.38620686,-0.98940525,0.00000558,-0.00337868,0.06894887,-0.69204685,0.09546090,-0.26714858,0.00113596,-0.02410378,0.69909288,-1.36336083
-3.16658329,1.05298738,-2.87529480,0.40634930,-0.36240040,0.36783540,-0.98529097,0.00000549,-0.00309287,0.06387264,-0.70571322,0.08780358,-0.26338749,0.00104327,-0.02202156,0.66575009,-1.36071184
-3.16058029,0.99747991,-2.87627643,0.38388722,-0.36187247,0.35076547,-0.98046704,0.00000575,-0.00282250,0.05897033,-0.71690253,0.08054249,-0.25879563,0.00095583,-0.02004363,0.63138981,-1.35906739
-3.15457729,0.94378351,-2.87358122,0.36057914,-0.36247068,0.33551426,-0.97446146,0.00000632,-0.00256879,0.05428819,-0.72515126,0.07378953,-0.25333866,0.00087494,-0.01817959,0.59680325,-1.35794822
-3.14857429,0.89320757,-2.86607011,0.33686698,-0.36412625,0.32260781,-0.96684954,0.00000723,-0.00233243,0.04987386,-0.73005816,0.06764213,-0.24699896,0.00080175,-0.01643548,0.56279078,-1.35690412
-3.14257129,0.84704053,-2.85278270,0.31318349,-0.36676765,0.31256935,-0.95727106,0.00000847,-0.00211363,0.04577464,-0.73129936,0.06218229,-0.23977806,0.00073727,-0.01481420,0.53014137,-1.35553249
-3.13656828,0.80652032,-2.83297341,0.28994100,-0.37032220,0.30590804,-0.94544397,0.00001009,-0.00191217,0.04203589,-0.72864041,0.05747609,-0.23169823,0.00068234,-0.01331585,0.49961333,-1.35349221
-3.13056528,0.77280720,-2.80613544,0.26752156,-0.37471655,0.30310808,-0.93117379,0.00001209,-0.00172754,0.03869983,-0.72194479,0.05357356,-0.22280310,0.00063767,-0.01193829,0.47191670,-1.35051230
-3.12456228,0.74695911,-2.77201179,0.24626868,-0.37987592,0.30461817,-0.91435867,0.00001452,-0.00155894,0.03580465,-0.71117839,0.05050894,-0.21315716,0.00060381,-0.01067753,0.44769759,-1.34639499
-3.11855928,0.72990960,-2.73059317,0.22648081,-0.38572222,0.31084124,-0.89498981,0.00001742,-0.00140539,0.03338373,-0.69640993,0.04830103,-0.20284439,0.00058114,-0.00952821,0.42752462,-1.34101350
-3.11255628,0.72244827,-2.68210384,0.20840659,-0.39217150,0.32212429,-0.87314774,0.00002083,-0.00126582,0.03146523,-0.67780737,0.04695380,-0.19196594,0.00056994,-0.00848402,0.41187757,-1.33430495
-3.10655328,0.72520356,-2.62697659,0.19224189,-0.39913084,0.33874855,-0.84899457,0.00002480,-0.00113909,0.03007169,-0.65563059,0.04645703,-0.18063712,0.00057030,-0.00753809,0.40113814,-1.32625932
-3.10055028,0.73862786,-2.56581910,0.17812844,-0.40649519,0.36091977,-0.82276321,0.00002938,-0.00102405,0.02921980,-0.63022072,0.04678705,-0.16898381,0.00058223,-0.00668326,0.39558285,-1.31690541
-3.09454727,0.76298484,-2.49937417,0.16615401,-0.41414455,0.38875896,-0.79474411,0.00003460,-0.00091960,0.02892022,-0.60198682,0.04790745,-0.15713855,0.00060557,-0.00591238,0.39537794,-1.30629527
-3.08854427,0.79833920,-2.42847657,0.15635389,-0.42194183,0.42229359,-0.76527059,0.00004051,-0.00082472,0.02917739,-0.57139064,0.04976979,-0.14523650,0.00064006,-0.00521850,0.40057628,-1.29448828
-3.08254127,0.84454880,-2.35400936,0.14871348,-0.42973177,0.46144983,-0.73470362,0.00004715,-0.00073844,0.02998939,-0.53893009,0.05231445,-0.13341150,0.00068530,-0.00459500,0.41111606,-1.28153631
-3.07653827,0.90125975,-2.27686246,0.14317180,-0.43734133,0.50604593,-0.70341705,0.00005455,-0.00065992,0.03134769,-0.50512242,0.05547137,-0.12179235,0.00074079,-0.00403570,0.42682154,-1.26747109
-3.07053527,0.96790461,-2.19789578,0.13962572,-0.44458147,0.55578731,-0.67178402,0.00006272,-0.00058842,0.03323698,-0.47048773,0.05916104,-0.11049964,0.00080589,-0.00353492,0.44740548,-1.25229487
-3.06453227,1.04370440,-2.11790904,0.13793482,-0.45125067,0.61026393,-0.64016542,0.00007167,-0.00052328,0.03563491,-0.43553359,0.06329546,-0.09964303,0.00087982,-0.00308746,0.47247378,-1.23597499
-3.05852926,1.12767482,-2.03761946,0.13792653,-0.45714003,0.66895015,-0.60890073,0.00008139,-0.00046395,0.03851192,-0.40074136,0.06777942,-0.08931928,0.00096172,-0.00268863,0.50153195,-1.21844288
-3.05252626,1.21863725,-1.95764838,0.13940170,-0.46203969,0.73120781,-0.57830176,0.00009185,-0.00040995,0.04183105,-0.36655465,0.07251188,-0.07961094,0.00105058,-0.00233419,0.53399383,-1.19959744
-3.04652326,1.31523497,-1.87851662,0.14214025,-0.46574653,0.79629271,-0.54864926,0.00010303,-0.00036087,0.04554795,-0.33337025,0.07738760,-0.07058577,0.00114530,-0.00202035,0.56919244,-1.17931259
-3.04052026,1.41595484,-1.80064843,0.14590700,-0.46807245,0.86336476,-0.52019244,0.00011486,-0.00031635,0.04961095,-0.30153170,0.08229901,-0.06229678,0.00124466,-0.00174370,0.60639302,-1.15744831
-3.03451726,1.51915451,-1.72438261,0.15045747,-0.46885308,0.93150197,-0.49315098,0.00012726,-0.00027609,0.05396138,-0.27132551,0.08713829,-0.05478293,0.00134739,-0.00150115,0.64480822,-1.13386439
-3.02851426,1.62309508,-1.64998963,0.15554368,-0.46795623,0.99971810,-0.46771921,0.00014013,-0.00023980,0.05853407,-0.24297995,0.09179957,-0.04807027,0.00145212,-0.00128994,0.68361520,-1.10843579
-3.02251126,1.72597850,-1.57769269,0.16091983,-0.46528959,1.06698373,-0.44407185,0.00015336,-0.00020723,0.06325817,-0.21666604,0.09618135,-0.04217346,0.00155747,-0.00110757,0.72197438,-1.08106843
-3.01650825,1.82598917,-1.50769079,0.16634779,-0.46080731,1.13225023,-0.42237054,0.00016683,-0.00017814,0.06805822,-0.19250054,0.10018889,-0.03709759,0.00166203,-0.00095177,0.75904956,-1.05171428
-3.01050525,1.92133849,-1.44018178,0.17160231,-0.45451484,1.19447598,-0.40277072,0.00018038,-0.00015227,0.07285549,-0.17055057,0.10373657,-0.03284005,0.00176443,-0.00082048,0.79402871,-1.02038453
-3.00450225,2.01031095,-1.37538339,0.17647586,-0.44647190,1.25265394,-0.38542791,0.00019386,-0.00012942,0.07756961,-0.15083920,0.10675011,-0.02939242,0.00186334,-0.00071185,0.82614489,-0.98715996
-2.99849925,2.09131037,-1.31355060,0.18078304,-0.43679313,1.30583956,-0.37050290,0.00020711,-0.00010934,0.08212041,-0.13335192,0.10916862,-0.02674224,0.00195753,-0.00062420,0.85469668,-0.95219763
-2.99249625,2.16290422,-1.25498788,0.18436428,-0.42564644,1.35317793,-0.35816531,0.00021996,-0.00009181,0.08642991,-0.11804321,0.11094619,-0.02487451,0.00204589,-0.00055601,0.87906724,-0.91573339
-2.98649325,2.22386461,-1.20005532,0.18708901,-0.41324898,1.39392910,-0.34859501,0.00023224,-0.00007661,0.09042444,-0.10484317,0.11205322,-0.02377292,0.00212748,-0.00050594,0.89874139,-0.87807993
-2.98049025,2.27320383,-1.14916822,0.18885793,-0.39986095,1.42749030,-0.34198121,0.00024380,-0.00006352,0.09403679,-0.09366360,0.11247710,-0.02342068,0.00220153,-0.00047276,0.91331985,-0.83962045
-2.97448724,2.31020307,-1.10278990,0.18960447,-0.38577733,1.45341423,-0.33851903,0.00025448,-0.00005232,0.09720820,-0.08440350,0.11222251,-0.02380093,0.00226752,-0.00045538,0.92253018,-0.80079813
-2.96848424,2.33443278,-1.06141813,0.18929525,-0.37131813,1.47142233,-0.33840361,0.00026415,-0.00004282,0.09989026,-0.07695365,0.11131105,-0.02489675,0.00232511,-0.00045284,0.92623374,-0.76210207
-2.96248124,2.34576377,-1.02556597,0.18792974,-0.35681731,1.48141257,-0.34182199,0.00027270,-0.00003481,0.10204648,-0.07120030,0.10978036,-0.02669077,0.00237423,-0.00046423,0.92442846,-0.72405025
-2.95647824,2.34436828,-0.99573812,0.18553881,-0.34261102,1.48346112,-0.34894299,0.00028003,-0.00002810,0.10365353,-0.06702783,0.10768270,-0.02916439,0.00241505,-0.00048874,0.91724716,-0.68717070
-2.95047524,2.33071089,-0.97240400,0.18218246,-0.32902572,1.47781792,-0.35990575,0.00028607,-0.00002254,0.10470205,-0.06432050,0.10508307,-0.03229669,0.00244794,-0.00052558,0.90495148,-0.65198147
-2.94447224,2.30552947,-0.95596930,0.17794680,-0.31636643,1.46489615,-0.37480742,0.00029079,-0.00001795,0.10519692,-0.06296326,0.10205689,-0.03606311,0.00247351,-0.00057398,0.88792165,-0.61897067
-2.93846923,2.26980710,-0.94674740,0.17294016,-0.30490597,1.44525620,-0.39369060,0.00029416,-0.00001420,0.10515713,-0.06284191,0.09868745,-0.04043402,0.00249252,-0.00063315,0.86664245,-0.58857753
-2.93246623,2.22473576,-0.94493255,0.16728882,-0.29487531,1.41958461,-0.41653146,0.00029622,-0.00001115,0.10461496,-0.06384266,0.09506304,-0.04537322,0.00250588,-0.00070225,0.84168602,-0.56117521
-2.92646323,2.17167376,-0.95057620,0.16113219,-0.28645562,1.38866913,-0.44322909,0.00029699,-0.00000870,0.10361481,-0.06585130,0.09127409,-0.05083649,0.00251462,-0.00078036,0.81369220,-0.53705638
-2.92046023,2.11209837,-0.96356789,0.15461786,-0.27977221,1.35337092,-0.47359699,0.00029655,-0.00000674,0.10221149,-0.06875216,0.08741032,-0.05677043,0.00251980,-0.00086647,0.78334719,-0.51642191
-2.91445723,2.04755592,-0.98362205,0.14789660,-0.27489069,1.31459509,-0.50735713,0.00029498,-0.00000518,0.10046812,-0.07242714,0.08355797,-0.06311145,0.00252249,-0.00095945,0.75136145,-0.49937349
-2.90845423,1.97961124,-1.01027156,0.14111745,-0.27181534,1.27326097,-0.54413741,0.00029240,-0.00000396,0.09845376,-0.07675478,0.07979731,-0.06978529,0.00252374,-0.00105802,0.71844763,-0.48591001
-2.90245123,1.90979880,-1.04286859,0.13442317,-0.27048986,1.23027331,-0.58347272,0.00028893,-0.00000300,0.09624080,-0.08160979,0.07620047,-0.07670692,0.00252450,-0.00116079,0.68529946,-0.47592825
-2.89644822,1.83957716,-1.08059322,0.12794615,-0.27080030,1.18649565,-0.62481006,0.00028469,-0.00000226,0.09390235,-0.08686289,0.07282960,-0.08378102,0.00252560,-0.00126623,0.65257239,-0.46922734
-2.89044522,1.77028881,-1.12246953,0.12180484,-0.27258014,1.14272696,-0.66751764,0.00027984,-0.00000169,0.09150952,-0.09238121,0.06973554,-0.09090295,0.00252776,-0.00137268,0.62086644,-0.46551712
-2.88444222,1.70312645,-1.16738889,0.11610094,-0.27561716,1.09968226,-0.71089794,0.00027452,-0.00000125,0.08912898,-0.09802926,0.06695691,-0.09796043,0.00253151,-0.00147838,0.59071200,-0.46442964
-2.87843922,1.63910710,-1.21413953,0.11091727,-0.27966196,1.05797806,-0.75420433,0.00026888,-0.00000092,0.08682070,-0.10367042,0.06451964,-0.10483560,0.00253725,-0.00158150,0.56255891,-0.46553354
-2.87243622,1.57905445,-1.26144141,0.10631645,-0.28443756,1.01812280,-0.79666076,0.00026308,-0.00000068,0.08463604,-0.10916895,0.06243703,-0.11140766,0.00254524,-0.00168020,0.53676880,-0.46835056
-2.86643322,1.52358981,-1.30798490,0.10234036,-0.28964989,0.98051251,-0.83748374,0.00025727,-0.00000049,0.08261623,-0.11439247,0.06071023,-0.11755584,0.00255565,-0.00177261,0.51361116,-0.47237342
-2.86043022,1.47313148,-1.35247178,0.09901033,-0.29499858,0.94543153,-0.87590572,0.00025162,-0.00000036,0.08079141,-0.11921474,0.05932903,-0.12316273,0.00256857,-0.00185694,0.49326255,-0.47708450
-2.85442721,1.42790206,-1.39365677,0.09632810,-0.30018770,0.91305787,-0.91119897,0.00024629,-0.00000025,0.07918002,-0.12351864,0.05827313,-0.12811759,0.00258413,-0.00193152,0.47580917,-0.48197445
-2.84842421,1.38794278,-1.43038797,0.09427737,-0.30493604,0.88347264,-0.94269872,0.00024146,-0.00000018,0.07778881,-0.12719922,0.05751360,-0.13231979,0.00260254,-0.00199480,0.46125215,-0.48656006
-2.84242121,1.35313386,-1.46164425,0.09282593,-0.30898642,0.85667285,-0.96982468,0.00023734,-0.00000013,0.07661327,-0.13016665,0.05701458,-0.13568202,0.00262420,-0.00204548,0.44951526,-0.49040079
-2.83641821,1.32321955,-1.48656822,0.09192824,-0.31211385,0.83258665,-0.99209981,0.00023417,-0.00000009,0.07563858,-0.13234889,0.05673516,-0.13813309,0.00264981,-0.00208247,0.44045456,-0.49311324
-2.83041521,1.29783655,-1.50449329,0.09152840,-0.31413213,0.81109028,-1.00916554,0.00023219,-0.00000006,0.07484082,-0.13369396,0.05663132,-0.13962039,0.00268044,-0.00210498,0.43386955,-0.49438330
-2.82441221,1.27654437,-1.51496365,0.09156335,-0.31489869,0.79202558,-1.02079264,0.00023173,-0.00000004,0.07418872,-0.13417170,0.05665791,-0.14011164,0.00271769,-0.00211253,0.42951506,-0.49397543
-2.81840920,1.25885625,-1.51774664,0.09196620,-0.31431760,0.77521746,-1.02688732,0.00023314,-0.00000003,0.07364541,-0.13377489,0.05677056,-0.13959602,0.00276377,-0.00210496,0.42711378,-0.49173891
-2.81240620,1.24426939,-1.51283683,0.09266959,-0.31234067,0.76049038,-1.02749230,0.00023686,-0.00000002,0.07317058,-0.13251967,0.05692750,-0.13808448,0.00282162,-0.00208245,0.42636862,-0.48761112
-2.80640320,1.23229332,-1.50045209,0.09360901,-0.30896664,0.74768332,-1.02278285,0.00024338,-0.00000001,0.07272253,-0.13044524,0.05709128,-0.13560938,0.00289498,-0.00204549,0.42697466,-0.48161760
-2.80040020,1.22247555,-1.48102198,0.09472587,-0.30423870,0.73666256,-1.01305810,0.00025328,-0.00000001,0.07226031,-0.12761284,0.05723023,-0.13222326,0.00298850,-0.00199489,0.42863037,-0.47386935
-2.79439720,1.21442362,-1.45516922,0.09597036,-0.29824045,0.72733203,-0.99872811,0.00026722,-0.00000001,0.07174575,-0.12410399,0.05731968,-0.12799703,0.00310777,-0.00193174,0.43104762,-0.46455753
-2.78839420,1.20782301,-1.42368524,0.09730387,-0.29109058,0.71964095,-0.98029756,0.00028594,-0.00000001,0.07114529,-0.12001821,0.05734297,-0.12301747,0.00325937,-0.00185736,0.43396057,-0.45394583
-2.78239120,1.20245064,-1.38750132,0.09870104,-0.28293671,0.71358867,-0.95834667,0.00031027,-0.00000000,0.07043166,-0.11547004,0.05729212,-0.11738426,0.00345085,-0.00177328,0.43713289,-0.44236115
-2.77638819,1.19818368,-1.34765648,0.10015120,-0.27394850,0.70922662,-0.93351069,0.00034113,-0.00000000,0.06958514,-0.11058584,0.05716822,-0.11120670,0.00369070,-0.00168118,0.44036360,-0.43018284
-2.77038519,1.19500373,-1.30526380,0.10165933,-0.26431055,0.70665779,-0.90645861,0.00037949,-0.00000000,0.06859465,-0.10550012,0.05698147,-0.10460021,0.00398831,-0.00158282,0.44349119,-0.41783100
-2.76438219,1.19299643,-1.26147647,0.10324635,-0.25421543,0.70603351,-0.87787232,0.00042639,-0.00000000,0.06745835,-0.10035178,0.05675093,-0.09768278,0.00435377,-0.00148002,0.44639617,-0.40575441
-2.75837919,1.19234693,-1.21745486,0.10494874,-0.24385698,0.70754825,-0.84842695,0.00048287,-0.00000000,0.06618394,-0.09528032,0.05650398,-0.09057153,0.00479779,-0.00137456,0.44900205,-0.39441820
-2.75237619,1.19333124,-1.17433581,0.10681759,-0.23342428,0.71143233,-0.81877313,0.00055001,-0.00000000,0.06478860,-0.09042208,0.05627542,-0.08337954,0.00533143,-0.00126819,0.45127483,-0.38429180
-2.74637319,1.19630431,-1.13320475,0.10891697,-0.22309643,0.71794310,-0.78952175,0.00062886,-0.00000000,0.06329850,-0.08590666,0.05610639,-0.07621303,0.00596585,-0.00116255,0.45322117,-0.37583727
-2.74037019,1.20168491,-1.09507144,0.11132168,-0.21303821,0.72735484,-0.76123154,0.00072037,-0.00000000,0.06174805,-0.08185365,0.05604298,-0.06916897,0.00671203,-0.00105913,0.45488517,-0.36949822
-2.73436718,1.20993805,-1.06084942,0.11411450,-0.20339682,0.73994761,-0.73439954,0.00082544,-0.00000000,0.06017882,-0.07836962,0.05613472,-0.06233321,0.00758036,-0.00095927,0.45634422,-0.36568938
-2.72836418,1.22155551,-1.03133934,0.11738294,-0.19429949,0.75599546,-0.70945447,0.00094475,-0.00000000,0.05863814,-0.07554562,0.05643284,-0.05577921,0.00858034,-0.00086411,0.45770379,-0.36478680
-2.72236118,1.23703486,-1.00721589,0.12121566,-0.18585211,0.77575426,-0.68675276,0.00107884,-0.00000000,0.05717760,-0.07345498,0.05698852,-0.04956722,0.00972007,-0.00077460,0.45909143,-0.36711879
-2.71635818,1.25685770,-0.98901803,0.12569857,-0.17813862,0.79944940,-0.66657679,0.00122797,-0.00000001,0.05585130,-0.07215167,0.05785109,-0.04374408,0.01100592,-0.00069148,0.46065029,-0.37295740
-2.71035518,1.28146774,-0.97714207,0.13091083,-0.17122108,0.82726379,-0.64913507,0.00139210,-0.00000001,0.05471402,-0.07166911,0.05906619,-0.03834344,0.01244201,-0.00061531,0.46253207,-0.38251063
-2.70435218,1.31124928,-0.97183729,0.13692091,-0.16514035,0.85932630,-0.63456373,0.00157086,-0.00000001,0.05381936,-0.07201941,0.06067408,-0.03338645,0.01402988,-0.00054643,0.46488989,-0.39591520
-2.69834917,1.34650673,-0.97320350,0.14378273,-0.15991707,0.89570114,-0.62292897,0.00176350,-0.00000002,0.05321787,-0.07319318,0.06270814,-0.02888273,0.01576803,-0.00048503,0.46787104,-0.41323008
-2.69234617,1.38744586,-0.98119051,0.15153219,-0.15555288,0.93637841,-0.61423011,0.00196889,-0.00000003,0.05295526,-0.07515978,0.06519344,-0.02483166,0.01765164,-0.00043116,0.47160996,-0.43443084
-2.68634317,1.43415743,-0.99559915,0.16018408,-0.15203190,0.98126628,-0.60840286,0.00218545,-0.00000005,0.05307074,-0.07786809,0.06814570,-0.02122381,0.01967228,-0.00038471,0.47622159,-0.45940517
-2.68034017,1.48660373,-1.01608397,0.16972964,-0.14932209,1.03018495,-0.60532276,0.00241119,-0.00000007,0.05359550,-0.08124773,0.07157043,-0.01804251,0.02181774,-0.00034551,0.48179531,-0.48794962
-2.67433717,1.54460872,-1.04215777,0.18013479,-0.14737669,1.08286305,-0.60480863,0.00264371,-0.00000009,0.05455143,-0.08521074,0.07546252,-0.01526538,0.02407195,-0.00031328,0.48838965,-0.51976813
-2.66833417,1.60785219,-1.07319813,0.19133923,-0.14613568,1.13893645,-0.60662622,0.00288025,-0.00000013,0.05595010,-0.08965383,0.07980607,-0.01286591,0.02641502,-0.00028772,0.49602805,-0.55447247
-2.66233117,1.67586844,-1.10845649,0.20325636,-0.14552715,1.19795002,-0.61049200,0.00311768,-0.00000019,0.05779202,-0.09446087,0.08457459,-0.01081483,0.02882340,-0.00026851,0.50469563,-0.59158522
-2.65632816,1.74804964,-1.14706991,0.21577414,-0.14546870,1.25936226,-0.61607764,0.00335262,-0.00000026,0.06006616,-0.09950596,0.08973162,-0.00908147,0.03127018,-0.00025533,0.51433739,-0.63054521
-2.65032516,1.82365417,-1.18807603,0.22875691,-0.14586900,1.32255313,-0.62301507,0.00358147,-0.00000037,0.06274996,-0.10465670,0.09523157,-0.00763489,0.03372553,-0.00024789,0.52485775,-0.67071602
-2.64432216,1.90181977,-1.23043136,0.24204812,-0.14662940,1.38683482,-0.63090264,0.00380052,-0.00000051,0.06580945,-0.10977779,0.10102089,-0.00644484,0.03615725,-0.00024595,0.53612155,-0.71139742
-2.63831916,1.98158135,-1.27303295,0.25547386,-0.14764575,1.45146541,-0.63931234,0.00400604,-0.00000070,0.06919996,-0.11473481,0.10703951,-0.00548253,0.03853140,-0.00024934,0.54795660,-0.75183975
-2.63231616,2.06189298,-1.31474326,0.26884718,-0.14881040,1.51566507,-0.64779836,0.00419441,-0.00000095,0.07286697,-0.11939801,0.11322237,-0.00472128,0.04081313,-0.00025799,0.56015766,-0.79126104
-2.62631316,2.14165350,-1.35441784,0.28197298,-0.15001451,1.57863440,-0.65590689,0.00436216,-0.00000129,0.07674736,-0.12364612,0.11950113,-0.00413692,0.04296747,-0.00027189,0.57249181,-0.82886659
-2.62031016,2.21973489,-1.39093519,0.29465343,-0.15115049,1.63957417,-0.66318694,0.00450616,-0.00000173,0.08077099,-0.12736991,0.12580586,-0.00370808,0.04496022,-0.00029115,0.58470502,-0.86387026
-2.61430715,2.29501242,-1.42322780,0.30669355,-0.15211461,1.69770598,-0.66920212,0.00462363,-0.00000232,0.08486244,-0.13047556,0.13206675,-0.00341634,0.04675888,-0.00031597,0.59652979,-0.89551690
-2.60830415,2.36639555,-1.45031339,0.31790698,-0.15280981,1.75229300,-0.67354286,0.00471231,-0.00000307,0.08894297,-0.13288741,0.13821564,-0.00324625,0.04833349,-0.00034665,0.60769347,-0.92310507
-2.60230115,2.43285845,-1.47132500,0.32812148,-0.15314838,1.80265986,-0.67583859,0.00477046,-0.00000404,0.09293268,-0.13455037,0.14418742,-0.00318527,0.04965748,-0.00038356,0.61792709,-0.94600904
-2.59629815,2.49346880,-1.48553873,0.33718422,-0.15305464,1.84821113,-0.67576949,0.00479697,-0.00000528,0.09675266,-0.13543153,0.14992120,-0.00322360,0.05070846,-0.00042719,0.62697425,-0.96369920
-2.59029515,2.54741400,-1.49239780,0.34496647,-0.15246731,1.88844742,-0.67307704,0.00479136,-0.00000684,0.10032717,-0.13552106,0.15536118,-0.00335400,0.05146878,-0.00047804,0.63459984,-0.97575995
-2.58429215,2.59402347,-1.49153174,0.35136752,-0.15134162,1.92297857,-0.66757305,0.00475381,-0.00000881,0.10358575,-0.13483243,0.16045727,-0.00357149,0.05192609,-0.00053667,0.64059810,-0.98190409
-2.57828914,2.63278642,-1.48276972,0.35631784,-0.14965083,1.95153325,-0.65914655,0.00468514,-0.00001127,0.10646521,-0.13340174,0.16516540,-0.00387316,0.05207367,-0.00060368,0.64479981,-0.98198317
-2.57228614,2.66336424,-1.46614727,0.35978114,-0.14738731,1.97396473,-0.64776814,0.00458678,-0.00001430,0.10891131,-0.13128636,0.16944755,-0.00425778,0.05191061,-0.00067962,0.64707823,-0.97599311
-2.56628314,2.68559710,-1.44190598,0.36175545,-0.14456291,1.99025251,-0.63349162,0.00446075,-0.00001803,0.11088025,-0.12856280,0.17327154,-0.00472559,0.05144175,-0.00076503,0.64735360,-0.96407480
-2.56028014,2.69950466,-1.41048599,0.36227301,-0.14120866,2.00049978,-0.61645267,0.00430954,-0.00002256,0.11233978,-0.12532402,0.17661060,-0.00527799,0.05067758,-0.00086035,0.64559596,-0.94650967
-2.55427714,2.70528084,-1.37251170,0.36139914,-0.13737380,2.00492695,-0.59686472,0.00413606,-0.00002802,0.11326995,-0.12167614,0.17944285,-0.00591730,0.04963384,-0.00096595,0.64182626,-0.92371026
-2.54827414,2.70328306,-1.32877103,0.35922994,-0.13312414,2.00386149,-0.57501200,0.00394356,-0.00003457,0.11366339,-0.11773490,0.18175061,-0.00664651,0.04833102,-0.00108205,0.63611561,-0.89620627
-2.54227114,2.69401647,-1.28018941,0.35588913,-0.12853980,1.99772466,-0.55124036,0.00373549,-0.00004233,0.11352533,-0.11362173,0.18351981,-0.00746913,0.04679374,-0.00120873,0.62858278,-0.86462668
-2.53626813,2.67811393,-1.22779936,0.35152395,-0.12371250,1.98701564,-0.52594599,0.00351542,-0.00005146,0.11287303,-0.10945981,0.18473936,-0.00838900,0.04505000,-0.00134587,0.61939012,-0.82967873
-2.53026513,2.65631261,-1.17270725,0.34630041,-0.11874238,1.97229388,-0.49956283,0.00328696,-0.00006211,0.11173499,-0.10537024,0.18540074,-0.00941025,0.04313039,-0.00149318,0.60873795,-0.79212458
-2.52426213,2.62942818,-1.11605841,0.34039801,-0.11373457,1.95416022,-0.47254902,0.00305364,-0.00007444,0.11014972,-0.10146823,0.18549765,-0.01053716,0.04106722,-0.00165014,0.59685774,-0.75275682
-2.51825913,2.59832768,-1.05900219,0.33400409,-0.10879568,1.93323765,-0.44537327,0.00281882,-0.00008857,0.10816427,-0.09785981,0.18502591,-0.01177425,0.03889366,-0.00181601,0.58400441,-0.71237370
-2.51225613,2.56390194,-1.00265828,0.32730809,-0.10403022,1.91015240,-0.41850136,0.00258565,-0.00010463,0.10583254,-0.09463879,0.18398359,-0.01312623,0.03664287,-0.00198987,0.57044788,-0.67175509
-2.50625313,2.52703866,-0.94808563,0.32049584,-0.09953723,1.88551586,-0.39238374,0.00235695,-0.00012271,0.10321342,-0.09188429,0.18237124,-0.01459813,0.03434728,-0.00217057,0.55646442,-0.63164015
-2.50025013,2.48859685,-0.89625486,0.31374407,-0.09540717,1.85990809,-0.36744424,0.00213525,-0.00014289,0.10036881,-0.08965879,0.18019244,-0.01619539,0.03203778,-0.00235678,0.54232794,-0.59270737
-2.49424712,2.44938360,-0.84802525,0.30721543,-0.09171918,1.83386317,-0.34407066,0.00192266,-0.00016520,0.09736175,-0.08800678,0.17745428,-0.01792392,0.02974316,-0.00254702,0.52830156,-0.55555775
-2.48824412,2.41013347,-0.80412667,0.30105400,-0.08853881,1.80785692,-0.32260717,0.00172093,-0.00018963,0.09425447,-0.08695396,0.17416813,-0.01979031,0.02748959,-0.00273967,0.51462986,-0.52070144
-2.48224112,2.37149145,-0.76514693,0.29538160,-0.08591627,1.78229710,-0.30334884,0.00153141,-0.00021612,0.09110661,-0.08650702,0.17035020,-0.02180181,0.02530018,-0.00293302,0.50153185,-0.48854826
-2.47623812,2.33399943,-0.73152460,0.29029489,-0.08388528,1.75751649,-0.28653826,0.00135509,-0.00024454,0.08797370,-0.08665403,0.16602221,-0.02396646,0.02319475,-0.00312531,0.48919504,-0.45940210
-2.47023512,2.29808679,-0.70354706,0.28586338,-0.08246249,1.73376872,-0.27236415,0.00119256,-0.00027474,0.08490570,-0.08736523,0.16121180,-0.02629306,0.02118968,-0.00331478,0.47777071,-0.43345919
-2.46423212,2.26406507,-0.68135352,0.28212853,-0.08164742,1.71122708,-0.26096177,0.00104412,-0.00030646,0.08194597,-0.08859438,0.15595280,-0.02879108,0.01929783,-0.00349966,0.46737048,-0.41080999
-2.45822911,2.23212697,-0.66494244,0.27910372,-0.08142308,1.68998631,-0.25241499,0.00090974,-0.00033942,0.07913036,-0.09028041,0.15028527,-0.03147046,0.01752864,-0.00367829,0.45806433,-0.39144446
-2.45222611,2.20234960,-0.65418272,0.27677539,-0.08175697,1.67006725,-0.24675956,0.00078915,-0.00037325,0.07648669,-0.09234955,0.14425523,-0.03434136,0.01588830,-0.00384910,0.44987998,-0.37526013
-2.44622311,2.17470198,-0.64882788,0.27510507,-0.08260259,1.65142439,-0.24398744,0.00068188,-0.00040754,0.07403451,-0.09471758,0.13791414,-0.03741368,0.01437991,-0.00401066,0.44280381,-0.36207264
-2.44022011,2.14905658,-0.64853249,0.27403239,-0.08390134,1.63395612,-0.24405172,0.00058726,-0.00044184,0.07178510,-0.09729241,0.13131813,-0.04069655,0.01300387,-0.00416170,0.43678308,-0.35162808
-2.43421711,2.12520478,-0.65287016,0.27347895,-0.08558465,1.61751758,-0.24687186,0.00050453,-0.00047564,0.06974181,-0.09997673,0.12452692,-0.04419766,0.01175814,-0.00430114,0.43172956,-0.34361668
-2.42821411,2.10287588,-0.66135217,0.27335295,-0.08757640,1.60193581,-0.25233906,0.00043280,-0.00050842,0.06790058,-0.10267082,0.11760260,-0.04792250,0.01063861,-0.00442809,0.42752425,-0.33768718
-2.42221111,2.08175910,-0.67344622,0.27355435,-0.08979542,1.58702689,-0.26032139,0.00037117,-0.00053965,0.06625075,-0.10527523,0.11060828,-0.05187347,0.00963952,-0.00454186,0.42402323,-0.33346151
-2.41620810,2.06152814,-0.68859457,0.27398049,-0.09215803,1.57261461,-0.27066858,0.00031870,-0.00056879,0.06477598,-0.10769354,0.10360662,-0.05604899,0.00875377,-0.00464197,0.42106434,-0.33054914
-2.41020510,2.04186744,-0.70623117,0.27453197,-0.09458056,1.55855010,-0.28321631,0.00027447,-0.00059534,0.06345541,-0.10983491,0.09665839,-0.06044258,0.00797331,-0.00472809,0.41847446,-0.32856079
-2.40420210,2.02249927,-0.72579717,0.27511843,-0.09698170,1.54473179,-0.29778997,0.00023760,-0.00061881,0.06226485,-0.11161643,0.08982114,-0.06504197,0.00728947,-0.00480009,0.41607727,-0.32712099
-2.39819910,2.00321060,-0.74675469,0.27566423,-0.09928471,1.53112478,-0.31420779,0.00020724,-0.00063880,0.06117807,-0.11296522,0.08314796,-0.06982831,0.00669327,-0.00485797,0.41370101,-0.32587932
-2.39219610,1.98387863,-0.76859849,0.27611355,-0.10141935,1.51777887,-0.33228345,0.00018264,-0.00065494,0.06016811,-0.11382023,0.07668641,-0.07477553,0.00617569,-0.00490186,0.41118622,-0.32451994
-2.38619310,1.96449367,-0.79086540,0.27643488,-0.10332344,1.50484420,-0.35182822,0.00016309,-0.00066697,0.05920857,-0.11413360,0.07047779,-0.07984991,0.00572788,-0.00493198,0.40839289,-0.32276931
-2.38019010,1.94517819,-0.81314164,0.27662451,-0.10494417,1.49258346,-0.37265270,0.00014799,-0.00067469,0.05827476,-0.11387168,0.06455652,-0.08500992,0.00534142,-0.00494862,0.40520695,-0.32040197
-2.37418709,1.92620075,-0.83506781,0.27670896,-0.10623902,1.48137988,-0.39456825,0.00013682,-0.00067802,0.05734485,-0.11301553,0.05894993,-0.09020630,0.00500839,-0.00495215,0.40154574,-0.31724432
-2.36818409,1.90798368,-0.85634194,0.27674603,-0.10717621,1.47173994,-0.41738829,0.00012911,-0.00067698,0.05640076,-0.11156108,0.05367817,-0.09538260,0.00472156,-0.00494294,0.39736214,-0.31317647
-2.36218109,1.89110356,-0.87672052,0.27682453,-0.10773493,1.46429013,-0.44092954,0.00012451,-0.00067167,0.05542888,-0.10951869,0.04875449,-0.10047595,0.00447443,-0.00492138,0.39264733,-0.30813213
-2.35617809,1.87628391,-0.89601800,0.27706244,-0.10790509,1.45976730,-0.46501331,0.00012271,-0.00066232,0.05442061,-0.10691243,0.04418561,-0.10541832,0.00426128,-0.00488788,0.38743188,-0.30209685
-2.35017509,1.86437947,-0.91410468,0.27760355,-0.10768687,1.45900214,-0.48946678,0.00012347,-0.00064922,0.05337265,-0.10377888,0.03997234,-0.11013796,0.00407718,-0.00484285,0.38178510,-0.29510469
-2.34417209,1.85635232,-0.93090353,0.27861275,-0.10708986,1.46289608,-0.51412456,0.00012658,-0.00063276,0.05228697,-0.10016561,0.03611025,-0.11456133,0.00391797,-0.00478670,0.37581268,-0.28723355
-2.33816908,1.85324005,-0.94638612,0.28026985,-0.10613213,1.47239168,-0.53883027,0.00013191,-0.00061339,0.05117062,-0.09612946,0.03259048,-0.11861510,0.00378024,-0.00471988,0.36965268,-0.27859949
-2.33216608,1.85611682,-0.96056780,0.28276236,-0.10483903,1.48843748,-0.56343830,0.00013933,-0.00059160,0.05003526,-0.09173450,0.02940054,-0.12222845,0.00366122,-0.00464284,0.36346992,-0.26935022
-2.32616308,1.86604860,-0.97350252,0.28627727,-0.10324197,1.51194814,-0.58781554,0.00014871,-0.00056793,0.04889649,-0.08705004,0.02652505,-0.12533537,0.00355871,-0.00455611,0.35744901,-0.25965821
-2.32016008,1.88404404,-0.98527745,0.29099233,-0.10137707,1.54376147,-0.61184311,0.00015997,-0.00054294,0.04777293,-0.08214845,0.02394655,-0.12787695,0.00347102,-0.00446029,0.35178635,-0.24971348
-2.31415708,1.91100308,-0.99600742,0.29706697,-0.09928388,1.58459378,-0.63541797,0.00017299,-0.00051720,0.04668523,-0.07710318,0.02164614,-0.12980357,0.00339682,-0.00435610,0.34668133,-0.23971653
-2.30815408,1.94766530,-1.00582962,0.30463341,-0.09700416,1.63499559,-0.65845426,0.00018764,-0.00049124,0.04565495,-0.07198680,0.01960404,-0.13107687,0.00333506,-0.00424438,0.34232710,-0.22987149
-2.30215108,1.99456039,-1.01489828,0.31378825,-0.09458075,1.69530960,-0.68088426,0.00020377,-0.00046558,0.04470339,-0.06686926,0.01780012,-0.13167132,0.00328485,-0.00412614,0.33890142,-0.22037978
-2.29614807,2.05196324,-1.02337975,0.32458488,-0.09205656,1.76563302,-0.70265897,0.00022122,-0.00044072,0.04385036,-0.06181642,0.01621426,-0.13157547,0.00324540,-0.00400259,0.33655783,-0.21143443
-2.29014507,2.11985573,-1.03144770,0.33702731,-0.08947372,1.84578625,-0.72374812,0.00023976,-0.00041710,0.04311317,-0.05688877,0.01482664,-0.13079271,0.00321587,-0.00387515,0.33541761,-0.20321508
-2.28414207,2.19789753,-1.03927872,0.35106537,-0.08687294,1.93528969,-0.74413961,0.00025916,-0.00039510,0.04250552,-0.05214057,0.01361798,-0.12934148,0.00319535,-0.00374549,0.33556287,-0.19588386
-2.27813907,2.28540764,-1.04704813,0.36659196,-0.08429295,2.03335036,-0.76383843,0.00027914,-0.00037507,0.04203673,-0.04761911,0.01256965,-0.12725505,0.00318279,-0.00361552,0.33703118,-0.18958206
-2.27213607,2.38135812,-1.05492613,0.38344221,-0.08177021,2.13885941,-0.78286491,0.00029938,-0.00035729,0.04171104,-0.04336443,0.01166379,-0.12458071,0.00317694,-0.00348747,0.33981174,-0.18442765
-2.26613307,2.48438091,-1.06307423,0.40139488,-0.07933872,2.25040148,-0.80125258,0.00031955,-0.00034201,0.04152723,-0.03940918,0.01088335,-0.12137855,0.00317638,-0.00336383,0.34384365,-0.18051361
-2.26013007,2.59278811,-1.07164202,0.42017597,-0.07702993,2.36627601,-0.81904551,0.00033928,-0.00032943,0.04147840,-0.03577876,0.01021214,-0.11771986,0.00317949,-0.00324740,0.34901597,-0.17790705
-2.25412706,2.70460549,-1.08076431,0.43946445,-0.07487287,2.48453045,-0.83629544,0.00035821,-0.00031972,0.04155203,-0.03249170,0.00963485,-0.11368513,0.00318446,-0.00314132,0.35516995,-0.17664891
-2.24812406,2.81761835,-1.09055866,0.45889995,-0.07289427,2.60300439,-0.85305872,0.00037596,-0.00031304,0.04173038,-0.02956009,0.00913706,-0.10936188,0.00318937,-0.00304901,0.36210311,-0.17675437
-2.24212106,2.92942834,-1.10112344,0.47809221,-0.07111883,2.71938349,-0.86939323,0.00039216,-0.00030953,0.04199095,-0.02699026,0.00870529,-0.10484243,0.00319222,-0.00297426,0.36957510,-0.17821383
-2.23611806,3.03751926,-1.11253647,0.49663193,-0.06956947,2.83126122,-0.88535557,0.00040645,-0.00030935,0.04230731,-0.02478345,0.00832706,-0.10022154,0.00319097,-0.00292118,0.37731519,-0.18099428
-2.23011506,3.13932935,-1.12485427,0.51410257,-0.06826767,2.93620635,-0.90099848,0.00041852,-0.00031268,0.04265003,-0.02293651,0.00799087,-0.09559417,0.00318368,-0.00289420,0.38503090,-0.18504117
-2.22411206,3.23232744,-1.13811207,0.53009272,-0.06723379,3.03183352,-0.91636885,0.00042810,-0.00031972,0.04298773,-0.02144271,0.00768633,-0.09105351,0.00316850,-0.00289811,0.39241760,-0.19028068
-2.21810905,3.31408982,-1.15232462,0.54420860,-0.06648732,3.11587431,-0.93150623,0.00043494,-0.00033072,0.04328823,-0.02029243,0.00740415,-0.08668908,0.00314380,-0.00293803,0.39916862,-0.19662227
-2.21210605,3.38237490,-1.16748775,0.55608605,-0.06604714,3.18624582,-0.94644212,0.00043888,-0.00034600,0.04351974,-0.01947384,0.00713625,-0.08258526,0.00310820,-0.00301939,0.40498542,-0.20396156
-2.20610305,3.43519256,-1.18358074,0.56540168,-0.06593175,3.24111424,-0.96119994,0.00043980,-0.00036592,0.04365203,-0.01897354,0.00687573,-0.07882009,0.00306064,-0.00314795,0.40958747,-0.21218336
-2.20010005,3.47086555,-1.20056933,0.57188273,-0.06615931,3.27895064,-0.97579569,0.00043767,-0.00039091,0.04365747,-0.01877712,0.00661695,-0.07546433,0.00300040,-0.00332969,0.41272145,-0.22116500
-2.19409705,3.48808035,-1.21840932,0.57531519,-0.06674766,3.29857700,-0.99023928,0.00043250,-0.00042147,0.04351207,-0.01886961,0.00635548,-0.07258096,0.00292719,-0.00357083,0.41416940,-0.23077962
-2.18809405,3.48592573,-1.23705041,0.57554997,-0.06771424,3.29920044,-1.00453630,0.00042440,-0.00045815,0.04319624,-0.01923589,0.00608812,-0.07022481,0.00284105,-0.00387771,0.41375544,-0.24089951
-2.18209105,3.46391747,-1.25644016,0.57250684,-0.06907577,3.28043469,-1.01869010,0.00041351,-0.00050157,0.04269541,-0.01986092,0.00581282,-0.06844248,0.00274245,-0.00425668,0.41135103,-0.25139932
-2.17608804,3.42200854,-1.27652754,0.56617608,-0.07084789,3.24230779,-1.03270399,0.00040005,-0.00055237,0.04200050,-0.02072999,0.00552861,-0.06727237,0.00263221,-0.00471399,0.40687832,-0.26215906
-2.17008504,3.36058457,-1.29726602,0.55661777,-0.07304460,3.18525622,-1.04658312,0.00038428,-0.00061121,0.04110808,-0.02182874,0.00523549,-0.06674482,0.00251147,-0.00525560,0.40031176,-0.27306666
-2.16408204,3.28044519,-1.31861544,0.54395887,-0.07567751,3.11010574,-1.06033595,0.00036652,-0.00067876,0.04002036,-0.02314319,0.00493430,-0.06688223,0.00238166,-0.00588698,0.39167779,-0.28402014
-2.15807904,3.18277224,-1.34054271,0.52838819,-0.07875502,3.01804018,-1.07397498,0.00034708,-0.00075564,0.03874497,-0.02465960,0.00462664,-0.06769915,0.00224442,-0.00661290,0.38105281,-0.29492905
-2.15207604,3.06908662,-1.36302082,0.51014961,-0.08228128,2.91055962,-1.08751634,0.00032634,-0.00084241,0.03729453,-0.02636427,0.00431461,-0.06920223,0.00210157,-0.00743713,0.36855942,-0.30571528
-2.14607304,2.94119576,-1.38602598,0.48953371,-0.08625514,2.78942993,-1.10097837,0.00030464,-0.00093953,0.03568608,-0.02824328,0.00400078,-0.07139008,0.00195500,-0.00836217,0.35436136,-0.31631303
-2.14007004,2.80113407,-1.40953299,0.46686841,-0.09066891,2.65662601,-1.11437877,0.00028236,-0.00104731,0.03394034,-0.03028210,0.00368795,-0.07425293,0.00180663,-0.00938900,0.33865720,-0.32666798
-2.13406703,2.65109905,-1.43350873,0.44250878,-0.09550728,2.51427103,-1.12773061,0.00025983,-0.00116589,0.03208091,-0.03246524,0.00337905,-0.07777223,0.00165834,-0.01051672,0.32167320,-0.33673573
-2.12806403,2.49338560,-1.45790414,0.41682661,-0.10074612,2.36457415,-1.14103705,0.00023739,-0.00129520,0.03013343,-0.03477579,0.00307699,-0.08192001,0.00151193,-0.01174230,0.30365564,-0.34647943
-2.12206103,2.33032111,-1.48264502,0.39020004,-0.10635153,2.20976926,-1.15428531,0.00021534,-0.00143489,0.02812465,-0.03719500,0.00278456,-0.08665832,0.00136905,-0.01306037,0.28486289,-0.35586693
-2.11605803,2.16420367,-1.50762237,0.36300364,-0.11227902,2.05205670,-1.16744004,0.00019394,-0.00158436,0.02608159,-0.03970195,0.00250435,-0.09193864,0.00123117,-0.01446297,0.26555770,-0.36486745
-2.11005503,1.99724555,-1.53268275,0.33559934,-0.11847307,1.89355018,-1.18043664,0.00017341,-0.00174269,0.02403074,-0.04227314,0.00223867,-0.09770133,0.00109955,-0.01593943,0.24599968,-0.37344816
-2.10405203,1.83152364,-1.55761969,0.30832833,-0.12486691,1.73623025,-1.19317515,0.00015395,-0.00190864,0.02199733,-0.04488236,0.00198952,-0.10387538,0.00097523,-0.01747636,0.22643868,-0.38157077
-2.09804902,1.66893805,-1.58216683,0.28150427,-0.13138286,1.58190569,-1.20551516,0.00013569,-0.00208065,0.02000471,-0.04750050,0.00175854,-0.11037838,0.00085900,-0.01905763,0.20710880,-0.38918854
-2.09204602,1.51117993,-1.60599374,0.25540794,-0.13793313,1.43218357,-1.21727252,0.00011874,-0.00225683,0.01807384,-0.05009568,0.00154707,-0.11711691,0.00075144,-0.02066461,0.18822352,-0.39624380
-2.08604302,1.35970865,-1.62870503,0.23028333,-0.14442105,1.28844815,-1.22821823,0.00010317,-0.00243500,0.01622297,-0.05263345,0.00135613,-0.12398731,0.00065289,-0.02227636,0.16997198,-0.40266643
-2.08004002,1.21573859,-1.64984343,0.20633523,-0.15074297,1.15184894,-1.23808000,0.00008899,-0.00261273,0.01446735,-0.05507718,0.00118650,-0.13087705,0.00056348,-0.02387007,0.15251633,-0.40837326
-2.07403702,1.08023487,-1.66889723,0.18372825,-0.15679055,1.02329709,-1.24654690,0.00007621,-0.00278737,0.01281919,-0.05738872,0.00103872,-0.13766653,0.00048319,-0.02542154,0.13599028,-0.41326870
-2.06803402,0.95391741,-1.68531205,0.16258719,-0.16245355,0.90346967,-1.25327702,0.00006480,-0.00295610,0.01128763,-0.05952909,0.00091323,-0.14423142,0.00041181,-0.02690574,0.12049871,-0.41724656
-2.06203102,0.83727233,-1.69850695,0.14299858,-0.16762302,0.79282082,-1.25790827,0.00005471,-0.00311603,0.00987894,-0.06145947,0.00081038,-0.15044549,0.00034902,-0.02829756,0.10611838,-0.42019302
-2.05602801,0.73056938,-1.70789428,0.12501322,-0.17219469,0.69159848,-1.26007184,0.00004585,-0.00326428,0.00859665,-0.06314224,0.00073056,-0.15618378,0.00029440,-0.02957245,0.09289938,-0.42199069
-2.05002501,0.63388414,-1.71290250,0.10864950,-0.17607255,0.59986565,-1.25940793,0.00003815,-0.00339802,0.00744194,-0.06454206,0.00067422,-0.16132611,0.00024748,-0.03070728,0.08086739,-0.42252358
-2.04402201,0.54712363,-1.71300103,0.09389739,-0.17917238,0.51752472,-1.25558301,0.00003152,-0.00351461,0.00641392,-0.06562706,0.00064198,-0.16576061,0.00020771,-0.03168102,0.07002649,-0.42168259
-2.03801901,0.47005398,-1.70772586,0.08072275,-0.18142509,0.44434373,-1.24830777,0.00002586,-0.00361165,0.00551005,-0.06636995,0.00063468,-0.16938739,0.00017457,-0.03247551,0.06036238,-0.41937143
-2.03201601,0.40232890,-1.69670449,0.06907187,-0.18277972,0.37998324,-1.23735477,0.00002106,-0.00368709,0.00472654,-0.06674905,0.00065342,-0.17212189,0.00014752,-0.03307611,0.05184577,-0.41551238
-2.02601301,0.34351773,-1.67967900,0.05887601,-0.18320596,0.32402285,-1.22257486,0.00001703,-0.00373927,0.00405873,-0.06674921,0.00069958,-0.17389790,0.00012603,-0.03347227,0.04443598,-0.41005173
-2.02001001,0.29313232,-1.65652572,0.05005585,-0.18269597,0.27598646,-1.20391131,0.00001367,-0.00376700,0.00350148,-0.06636247,0.00077486,-0.17467015,0.00010966,-0.03365791,0.03808436,-0.40296448
-2.01400700,0.25065158,-1.62727042,0.04252561,-0.18126552,0.23536533,-1.18141091,0.00001089,-0.00376960,0.00304958,-0.06558860,0.00088128,-0.17441615,0.00009795,-0.03363178,0.03273765,-0.39425799
-2.00800400,0.21554344,-1.59209799,0.03619684,-0.17895425,0.20163861,-1.15523113,0.00000862,-0.00374691,0.00269801,-0.06443525,0.00102111,-0.17313730,0.00009056,-0.03339748,0.02834107,-0.38397442
-2.00200100,0.18728350,-1.55135595,0.03098181,-0.17582510,0.17429079,-1.12564295,0.00000677,-0.00369933,0.00244228,-0.06291796,0.00119686,-0.17085919,0.00008715,-0.03296347,0.02484102,-0.37219165
-1.99599800,0.16537035,-1.50555143,0.02679634,-0.17196289,0.15282585,-1.09302902,0.00000528,-0.00362777,0.00227865,-0.06105976,0.00141117,-0.16763102,0.00008748,-0.03234279,0.02218756,-0.35902280
-1.98999500,0.14933723,-1.45534165,0.02356221,-0.16747205,0.13677809,-1.05787709,0.00000409,-0.00353367,0.00220438,-0.05889064,0.00166675,-0.16352421,0.00009133,-0.03155268,0.02033635,-0.34461418
-1.98399200,0.13876032,-1.40151816,0.02120903,-0.16247368,0.12571960,-1.02076896,0.00000314,-0.00341887,0.00221784,-0.05644667,0.00196623,-0.15863014,0.00009855,-0.03061400,0.01925032,-0.32914187
-1.97798899,0.13326367,-1.34498577,0.01967563,-0.15710200,0.11926468,-0.98236545,0.00000240,-0.00328566,0.00231869,-0.05376898,0.00231203,-0.15305730,0.00010903,-0.02955057,0.01890089,-0.31280707
-1.97198599,0.13252101,-1.28673699,0.01891099,-0.15150032,0.11707132,-0.94338805,0.00000182,-0.00313658,0.00250791,-0.05090262,0.00270617,-0.14692785,0.00012268,-0.02838842,0.01926882,-0.29583045
-1.96598299,0.13625498,-1.22782320,0.01887483,-0.14581677,0.11884018,-0.90459812,0.00000137,-0.00297445,0.00278790,-0.04789524,0.00315018,-0.14037372,0.00013942,-0.02715490,0.02034477,-0.27844586
-1.95997999,0.14423388,-1.16932406,0.01953770,-0.14019998,0.12431139,-0.86677464,0.00000102,-0.00280220,0.00316248,-0.04479583,0.00364481,-0.13353261,0.00015920,-0.02587788,0.02212945,-0.26089358
-1.95397699,0.15626666,-1.11231655,0.02088088,-0.13479477,0.13325963,-0.83069157,0.00000076,-0.00262283,0.00363689,-0.04165344,0.00418997,-0.12654388,0.00018196,-0.02458486,0.02463359,-0.24341363
-1.94797399,0.17219632,-1.05784491,0.02289587,-0.12973815,0.14548786,-0.79709584,0.00000056,-0.00243928,0.00421772,-0.03851594,0.00478447,-0.11954454,0.00020760,-0.02330218,0.02787755,-0.22623926
-1.94197099,0.19189227,-1.00689310,0.02558376,-0.12515578,0.16082019,-0.76668694,0.00000041,-0.00225440,0.00491286,-0.03542899,0.00542596,-0.11266570,0.00023603,-0.02205429,0.03189070,-0.20959108
-1.93596798,0.21524213,-0.96036057,0.02895425,-0.12115896,0.17909431,-0.74009902,0.00000030,-0.00207084,0.00573141,-0.03243507,0.00611074,-0.10602925,0.00026709,-0.02086314,0.03671061,-0.19367191
-1.92996498,0.24214313,-0.91904255,0.03302456,-0.11784228,0.20015373,-0.71788615,0.00000021,-0.00189100,0.00668347,-0.02957279,0.00683371,-0.09974533,0.00030060,-0.01974763,0.04238193,-0.17866268
-1.92396198,0.27249369,-0.88361530,0.03781810,-0.11528200,0.22384043,-0.70051128,0.00000015,-0.00171700,0.00778005,-0.02687633,0.00758836,-0.09391024,0.00033630,-0.01872328,0.04895503,-0.16471935
-1.91795898,0.30618531,-0.85462673,0.04336298,-0.11353526,0.24998800,-0.68833912,0.00000011,-0.00155062,0.00903277,-0.02437509,0.00836674,-0.08860514,0.00037388,-0.01780201,0.05648446,-0.15197111
-1.91195598,0.34309511,-0.83249246,0.04969035,-0.11263990,0.27841571,-0.68163316,0.00000008,-0.00139329,0.01045361,-0.02209360,0.00915957,-0.08389536,0.00041298,-0.01699201,0.06502700,-0.14051961
-1.90595298,0.38307911,-0.81749696,0.05683251,-0.11261517,0.30892354,-0.68055644,0.00000005,-0.00124610,0.01205455,-0.02005151,0.00995634,-0.07983043,0.00045316,-0.01629782,0.07463958,-0.13043930
-1.89994997,0.42596651,-0.80979940,0.06482090,-0.11346294,0.34128856,-0.68517594,0.00000004,-0.00110981,0.01384718,-0.01826381,0.01074555,-0.07644456,0.00049395,-0.01572054,0.08537676,-0.12177878
-1.89394697,0.47155496,-0.80944336,0.07368390,-0.11516955,0.37526250,-0.69547000,0.00000003,-0.00098482,0.01584226,-0.01674114,0.01151492,-0.07375770,0.00053479,-0.01525802,0.09728797,-0.11456285
-1.88794397,0.51960691,-0.81636963,0.08344437,-0.11770801,0.41057075,-0.71133804,0.00000002,-0.00087126,0.01804914,-0.01549016,0.01225170,-0.07177693,0.00057511,-0.01490532,0.11041450,-0.10879525
-1.88194097,0.56984703,-0.83043101,0.09411724,-0.12104051,0.44691257,-0.73261199,0.00000001,-0.00076900,0.02047523,-0.01451405,0.01294300,-0.07049806,0.00061430,-0.01465510,0.12478616,-0.10446178
-1.87593797,0.62196064,-0.85140815,0.10570680,-0.12512112,0.48396265,-0.75906854,0.00000001,-0.00067766,0.02312534,-0.01381294,0.01357619,-0.06990741,0.00065173,-0.01449811,0.14041778,-0.10153360
-1.86993497,0.67559316,-0.87902536,0.11820408,-0.12989842,0.52137369,-0.79044148,0.00000001,-0.00059671,0.02600100,-0.01338438,0.01413924,-0.06998352,0.00068676,-0.01442365,0.15730557,-0.09997058
-1.86393197,0.73035055,-0.91296558,0.13158419,-0.13531806,0.55878002,-0.82643342,0.00000000,-0.00052547,0.02909984,-0.01322375,0.01462111,-0.07069878,0.00071879,-0.01442010,0.17542352,-0.09972443
-1.85792896,0.78580058,-0.95288345,0.14580389,-0.14132503,0.59580195,-0.86672623,0.00000000,-0.00046314,0.03241489,-0.01332464,0.01501214,-0.07202082,0.00074724,-0.01447536,0.19471989,-0.10074154
-1.85192596,0.84147499,-0.99841611,0.16079925,-0.14786556,0.63205077,-0.91098968,0.00000000,-0.00040889,0.03593396,-0.01367907,0.01530431,-0.07391360,0.00077156,-0.01457726,0.21511403,-0.10296533
-1.84592296,0.89687256,-1.04919102,0.17648390,-0.15488868,0.66713410,-0.95888787,0.00000000,-0.00036186,0.03963916,-0.01427777,0.01549158,-0.07633828,0.00079130,-0.01471398,0.23649369,-0.10633810
-1.83991996,0.95146297,-1.10483071,0.19274757,-0.16234716,0.70066158,-1.01008338,0.00000000,-0.00032118,0.04350643,-0.01511024,0.01557004,-0.07925361,0.00080608,-0.01487428,0.25871303,-0.11080227
-1.83391696,1.00469165,-1.16495431,0.20945549,-0.17019801,0.73225054,-1.06423880,0.00000000,-0.00028602,0.04750536,-0.01616483,0.01553810,-0.08261607,0.00081560,-0.01504780,0.28159152,-0.11630101
-1.82791396,1.05598549,-1.22917608,0.22644844,-0.17840243,0.76153173,-1.12101610,0.00000000,-0.00025560,0.05159908,-0.01742868,0.01539649,-0.08637975,0.00081968,-0.01522523,0.30491393,-0.12277827
-1.82191096,1.10475964,-1.29710123,0.24354374,-0.18692529,0.78815480,-1.18007375,0.00000000,-0.00022920,0.05574451,-0.01888767,0.01514827,-0.09049594,0.00081824,-0.01539836,0.32843160,-0.13017828
-1.81590795,1.15042526,-1.36831958,0.26053725,-0.19573412,0.81179364,-1.24106224,0.00000000,-0.00020618,0.05989271,-0.02052626,0.01479870,-0.09491267,0.00081132,-0.01556016,0.35186504,-0.13844456
-1.80990495,1.19239841,-1.44239767,0.27720636,-0.20479776,0.83215138,-1.30361827,0.00000000,-0.00018598,0.06398964,-0.02232742,0.01435509,-0.09957409,0.00079905,-0.01570478,0.37490803,-0.14751855
-1.80390195,1.23010988,-1.51887001,0.29331401,-0.21408469,0.84896514,-1.36735835,0.00000000,-0.00016810,0.06797712,-0.02427247,0.01382649,-0.10442002,0.00078168,-0.01582746,0.39723311,-0.15733797
-1.79789895,1.26301596,-1.59723031,0.30861367,-0.22356123,0.86201030,-1.43187219,0.00000000,-0.00015214,0.07179404,-0.02634096,0.01322343,-0.10938560,0.00075956,-0.01592443,0.41849848,-0.16783505
-1.79189595,1.29060995,-1.67692337,0.32285517,-0.23318960,0.87110458,-1.49671667,0.00000001,-0.00013777,0.07537780,-0.02851063,0.01255756,-0.11440114,0.00073311,-0.01599285,0.43835612,-0.17893474
-1.78589295,1.31243417,-1.75733842,0.33579124,-0.24292608,0.87611150,-1.56141080,0.00000001,-0.00012472,0.07866599,-0.03075738,0.01184127,-0.11939234,0.00070285,-0.01603060,0.45646081,-0.19055294
-1.77988994,1.32809208,-1.83780457,0.34718441,-0.25271925,0.87694349,-1.62543226,0.00000002,-0.00011277,0.08159812,-0.03305538,0.01108733,-0.12428079,0.00066933,-0.01603622,0.47247996,-0.20259512
-1.77388694,1.33726013,-1.91758888,0.35681427,-0.26250863,0.87356440,-1.68821596,0.00000002,-0.00010176,0.08411745,-0.03537714,0.01030852,-0.12898496,0.00063314,-0.01600875,0.48610357,-0.21495514
-1.76788394,1.33969885,-1.99589756,0.36448443,-0.27222352,0.86599139,-1.74915484,0.00000003,-0.00009159,0.08617284,-0.03769378,0.00951726,-0.13342140,0.00059492,-0.01594761,0.49705420,-0.22751460
-1.76188094,1.33526271,-2.07188050,0.37002919,-0.28178240,0.85429606,-1.80760331,0.00000005,-0.00008215,0.08772042,-0.03997530,0.00872535,-0.13750645,0.00055528,-0.01585251,0.50509630,-0.24014271
-1.75587794,1.32390820,-2.14463935,0.37331946,-0.29109286,0.83860475,-1.86288322,0.00000007,-0.00007341,0.08872517,-0.04219100,0.00794368,-0.14115808,0.00051486,-0.01572337,0.51004459,-0.25269671
-1.74987494,1.30569959,-2.21323901,0.37426763,-0.30005203,0.81909788,-1.91429256,0.00000011,-0.00006530,0.08916222,-0.04430991,0.00718202,-0.14429801,0.00047423,-0.01556029,0.51177100,-0.26502305
-1.74387194,1.28081207,-2.27672246,0.37283117,-0.30854766,0.79600829,-1.96111654,0.00000015,-0.00005781,0.08901779,-0.04630131,0.00644891,-0.14685393,0.00043397,-0.01536347,0.51020983,-0.27695906
-1.73786893,1.24953194,-2.33412852,0.36901484,-0.31645979,0.76961842,-2.00264092,0.00000022,-0.00005091,0.08828982,-0.04813531,0.00575154,-0.14876167,0.00039460,-0.01513323,0.50536095,-0.28833544
-1.73186593,1.21225351,-2.38451196,0.36287122,-0.32366300,0.74025643,-2.03816724,0.00000031,-0.00004460,0.08698821,-0.04978341,0.00509577,-0.14996723,0.00035658,-0.01486999,0.49729072,-0.29897916
-1.72586293,1.16947292,-2.42696562,0.35449963,-0.33002917,0.70829129,-2.06702932,0.00000043,-0.00003885,0.08513458,-0.05121914,0.00448613,-0.15042866,0.00032032,-0.01457432,0.48613060,-0.30871707
-1.71985993,1.12177883,-2.46064344,0.34404352,-0.33543071,0.67412685,-2.08861079,0.00000061,-0.00003365,0.08276164,-0.05241865,0.00392596,-0.15011752,0.00028621,-0.01424694,0.47207352,-0.31737977
-1.71385693,1.06984039,-2.48478402,0.33168623,-0.33974410,0.63819513,-2.10236272,0.00000084,-0.00002899,0.07991225,-0.05336125,0.00341749,-0.14901995,0.00025455,-0.01388874,0.45536823,-0.32480588
-1.70785393,1.01439292,-2.49873348,0.31764558,-0.34285373,0.60094903,-2.10782098,0.00000116,-0.00002484,0.07663801,-0.05402995,0.00296208,-0.14713727,0.00022563,-0.01350087,0.43631167,-0.33084643
-1.70185093,0.95622186,-2.50196702,0.30216736,-0.34465572,0.56285474,-2.10462256,0.00000160,-0.00002119,0.07299773,-0.05441191,0.00256039,-0.14448606,0.00019971,-0.01308471,0.41523998,-0.33536917
-1.69584792,0.89614581,-2.49410825,0.28551807,-0.34506175,0.52438409,-2.09252015,0.00000217,-0.00001800,0.06905556,-0.05449878,0.00221266,-0.14109776,0.00017705,-0.01264193,0.39251837,-0.33826278
-1.68984492,0.83499928,-2.47494535,0.26797726,-0.34400261,0.48600725,-2.07139447,0.00000294,-0.00001526,0.06487908,-0.05428698,0.00191893,-0.13701770,0.00015790,-0.01217450,0.36853042,-0.33944062
-1.68384192,0.77361600,-2.44444355,0.24982981,-0.34143138,0.44818614,-2.04126377,0.00000396,-0.00001294,0.06053738,-0.05377782,0.00167937,-0.13230374,0.00014256,-0.01168470,0.34366721,-0.33884393
-1.67783892,0.71281358,-2.40275317,0.23135847,-0.33732609,0.41136865,-2.00228995,0.00000530,-0.00001100,0.05609913,-0.05297751,0.00149454,-0.12702448,0.00013139,-0.01117512,0.31831683,-0.33644445
-1.67183592,0.65338010,-2.35021283,0.21283698,-0.33169165,0.37598426,-1.95478103,0.00000704,-0.00000944,0.05163080,-0.05189712,0.00136572,-0.12125724,0.00012483,-0.01064865,0.29285462,-0.33224603
-1.66583292,0.59606324,-2.28734755,0.19452403,-0.32456107,0.34244095,-1.89918966,0.00000929,-0.00000822,0.04719516,-0.05055226,0.00129519,-0.11508575,0.00012345,-0.01010843,0.26763458,-0.32628543
-1.65982991,0.54156245,-2.21486163,0.17665829,-0.31599577,0.31112382,-1.83610779,0.00001219,-0.00000732,0.04284989,-0.04896279,0.00128657,-0.10859776,0.00012800,-0.00955785,0.24298220,-0.31863210
-1.65382691,0.49052417,-2.13362654,0.15945459,-0.30608510,0.28239524,-1.76625728,0.00001589,-0.00000674,0.03864663,-0.04715236,0.00134517,-0.10188267,0.00013941,-0.00900048,0.21918890,-0.30938697
-1.64782391,0.44354047,-2.04466411,0.14310143,-0.29494484,0.25659665,-1.69047704,0.00002059,-0.00000645,0.03463024,-0.04514781,0.00147827,-0.09502925,0.00015886,-0.00844002,0.19650824,-0.29868026
-1.64182091,0.40115072,-1.94912563,0.12775973,-0.28271503,0.23405181,-1.60970699,0.00002651,-0.00000646,0.03083842,-0.04297863,0.00169546,-0.08812345,0.00018784,-0.00788024,0.17515390,-0.28666839
-1.63581791,0.36384610,-1.84826760,0.11356279,-0.26955692,0.21507128,-1.52496932,0.00003392,-0.00000676,0.02730164,-0.04067619,0.00200896,-0.08124658,0.00022817,-0.00732492,0.15529932,-0.27353012
-1.62981491,0.33207660,-1.74342510,0.10061745,-0.25564939,0.19995785,-1.43734804,0.00004313,-0.00000736,0.02404337,-0.03827311,0.00243394,-0.07447366,0.00028204,-0.00677777,0.13707897,-0.25946217
-1.62381191,0.30625966,-1.63598373,0.08900607,-0.24118490,0.18901246,-1.34796730,0.00005451,-0.00000825,0.02108048,-0.03580253,0.00298878,-0.06787218,0.00035210,-0.00624239,0.12059084,-0.24467427
-1.61780890,0.28679002,-1.52735131,0.07878937,-0.22636511,0.18254033,-1.25796960,0.00006846,-0.00000945,0.01842394,-0.03329742,0.00369530,-0.06150119,0.00044146,-0.00572220,0.10590010,-0.22938407
-1.61180590,0.27404987,-1.41893035,0.07000973,-0.21139642,0.18085667,-1.16849462,0.00008545,-0.00001098,0.01607963,-0.03078997,0.00457898,-0.05541070,0.00055372,-0.00522037,0.09304355,-0.21381209
-1.60580290,0.26841860,-1.31209244,0.06269488,-0.19648565,0.18429165,-1.08065949,0.00010600,-0.00001284,0.01404923,-0.02831099,0.00566904,-0.04964145,0.00069303,-0.00473979,0.08203449,-0.19817676
-1.59979990,0.27028130,-1.20815535,0.05686154,-0.18183596,0.19319407,-0.99554133,0.00013068,-0.00001506,0.01233116,-0.02588950,0.00699849,-0.04422502,0.00086409,-0.00428303,0.07286794,-0.18268997
-1.59379690,0.28003539,-1.10836387,0.05251908,-0.16764314,0.20793326,-0.91416259,0.00016012,-0.00001766,0.01092158,-0.02355230,0.00860399,-0.03918410,0.00107210,-0.00385232,0.06552561,-0.16755309
-1.58779390,0.29809467,-1.01387463,0.04967269,-0.15409259,0.22889904,-0.83747970,0.00019499,-0.00002064,0.00981529,-0.02132374,0.01052565,-0.03453308,0.00132279,-0.00344951,0.05998073,-0.15295375
-1.58179090,0.32489024,-0.92574557,0.04832621,-0.14135685,0.25649915,-0.76637528,0.00023599,-0.00002402,0.00900649,-0.01922560,0.01280654,-0.03027882,0.00162234,-0.00307611,0.05620219,-0.13906339
-1.57578789,0.36086796,-0.84492996,0.04848414,-0.12959388,0.29115416,-0.70165383,0.00028388,-0.00002782,0.00848956,-0.01727702,0.01549214,-0.02642149,0.00197729,-0.00273325,0.05415809,-0.12603565
-1.56978489,0.40648222,-0.77227484,0.05015309,-0.11894610,0.33328972,-0.64404103,0.00033939,-0.00003203,0.00825958,-0.01549461,0.01862947,-0.02295551,0.00239440,-0.00242171,0.05381839,-0.11400559
-1.56378189,0.46218581,-0.70852351,0.05334235,-0.10954001,0.38332604,-0.59418597,0.00040327,-0.00003666,0.00831272,-0.01389263,0.02226604,-0.01987057,0.00288056,-0.00214198,0.05515676,-0.10308976
-1.55777889,0.52841619,-0.65432134,0.05806361,-0.10148658,0.44166491,-0.55266589,0.00047627,-0.00004170,0.00864651,-0.01248323,0.02644857,-0.01715257,0.00344255,-0.00189426,0.05815135,-0.09338699
-1.55177589,0.60557837,-0.61022416,0.06432997,-0.09488201,0.50867447,-0.51999281,0.00055905,-0.00004713,0.00925983,-0.01127677,0.03122146,-0.01478459,0.00408682,-0.00167848,0.06278474,-0.08497973
-1.54577289,0.69402478,-0.57670825,0.07215412,-0.08980898,0.58467206,-0.49662095,0.00065223,-0.00005294,0.01015285,-0.01028215,0.03662507,-0.01274774,0.00481925,-0.00149439,0.06904300,-0.07793598
-1.53976988,0.79403295,-0.55418081,0.08154588,-0.08633807,0.66990574,-0.48295435,0.00075633,-0.00005908,0.01132672,-0.00950721,0.04269380,-0.01102191,0.00564485,-0.00134155,0.07691389,-0.07231146
-1.53376688,0.90578162,-0.54298984,0.09250923,-0.08452925,0.76453516,-0.47935343,0.00087172,-0.00006553,0.01278318,-0.00895905,0.04945408,-0.00958649,0.00656745,-0.00121938,0.08638445,-0.06815194
-1.52776388,1.02932630,-0.54343247,0.10503884,-0.08443329,0.86861233,-0.48613995,0.00099863,-0.00007223,0.01452396,-0.00864433,0.05692225,-0.00842084,0.00758942,-0.00112721,0.09743795,-0.06549565
-1.52176088,1.16457519,-0.55576076,0.11911642,-0.08609294,0.98206313,-0.50359921,0.00113710,-0.00007912,0.01655018,-0.00856959,0.06510249,-0.00750476,0.00871131,-0.00106426,0.11005052,-0.06437545
-1.51575788,1.31126658,-0.58018405,0.13470699,-0.08954371,1.10467046,-0.53197916,0.00128696,-0.00008615,0.01886159,-0.00874137,0.07398482,-0.00681877,0.00993158,-0.00102970,0.12418750,-0.06482072
-1.50975488,1.46894884,-0.61686756,0.15175529,-0.09481417,1.23605956,-0.57148575,0.00144779,-0.00009325,0.02145583,-0.00916635,0.08354330,-0.00634428,0.01124632,-0.00102262,0.13979976,-0.06685885
-1.50375188,1.63696388,-0.66592670,0.17018246,-0.10192575,1.37568659,-0.62227440,0.00161893,-0.00010035,0.02432763,-0.00985139,0.09373455,-0.00606366,0.01264906,-0.00104204,0.15682016,-0.07051626
-1.49774887,1.81443527,-0.72741720,0.18988327,-0.11089196,1.52283079,-0.68443765,0.00179942,-0.00010736,0.02746804,-0.01080336,0.10449670,-0.00596022,0.01413058,-0.00108688,0.17516033,-0.07581885
-1.49174587,2.00026176,-0.80132129,0.21072405,-0.12171702,1.67659116,-0.75798934,0.00198806,-0.00011423,0.03086381,-0.01202908,0.11574877,-0.00601810,0.01567887,-0.00115597,0.19470794,-0.08279183
-1.48574287,2.19311679,-0.88753062,0.23254146,-0.13439403,1.83588780,-0.84284591,0.00218335,-0.00012087,0.03449670,-0.01353494,0.12739074,-0.00622212,0.01727912,-0.00124800,0.21532466,-0.09145905
-1.47973987,2.39145480,-0.98582670,0.25514227,-0.14890278,1.99946840,-0.93880582,0.00238351,-0.00012722,0.03834311,-0.01532664,0.13930421,-0.00655755,0.01891388,-0.00136149,0.23684491,-0.10184183
-1.47373687,2.59352422,-1.09586007,0.27830420,-0.16520724,2.16591996,-1.04552819,0.00258655,-0.00013321,0.04237370,-0.01740874,0.15135380,-0.00700991,0.02056328,-0.00149475,0.25907560,-0.11395723
-1.46773387,2.79738756,-1.21712964,0.30177798,-0.18325302,2.33368561,-1.16251206,0.00279025,-0.00013878,0.04655335,-0.01978424,0.16338926,-0.00756475,0.02220537,-0.00164589,0.28179682,-0.12781601
-1.46173087,3.00094806,-1.34896355,0.32529051,-0.20296486,2.50108633,-1.28907776,0.00299219,-0.00014388,0.05084122,-0.02245412,0.17524833,-0.00820743,0.02381657,-0.00181273,0.30476371,-0.14342037
-1.45572786,3.20198263,-1.49050319,0.34854921,-0.22424445,2.66634724,-1.42435186,0.00318985,-0.00014846,0.05519110,-0.02541685,0.18676015,-0.00892296,0.02537225,-0.00199284,0.32770941,-0.16076146
-1.44972486,3.39818030,-1.64069184,0.37124738,-0.24696871,2.82762767,-1.56725723,0.00338062,-0.00015248,0.05955196,-0.02866797,0.19774934,-0.00969589,0.02684731,-0.00218351,0.35034902,-0.17981688
-1.44372186,3.58718519,-1.79826932,0.39307053,-0.27098866,2.98305452,-1.71650956,0.00356188,-0.00015590,0.06386876,-0.03219970,0.20804047,-0.01051023,0.02821696,-0.00238176,0.37238467,-0.20054827
-1.43771886,3.76664304,-1.96177375,0.41370335,-0.29612913,3.13075786,-1.87062134,0.00373107,-0.00015872,0.06808346,-0.03600057,0.21746278,-0.01134953,0.02945733,-0.00258436,0.39351142,-0.22289907
-1.43171586,3.93424979,-2.12955122,0.43283727,-0.32218931,3.26890806,-2.02791412,0.00388574,-0.00016090,0.07213619,-0.04005518,0.22585509,-0.01219688,0.03054633,-0.00278786,0.41342384,-0.24679258
-1.42571286,4.08780106,-2.29977376,0.45017821,-0.34894425,3.39575323,-2.18653941,0.00402365,-0.00016245,0.07596665,-0.04434404,0.23307054,-0.01303517,0.03146428,-0.00298868,0.43182317,-0.27213030
-1.41970985,4.22524100,-2.47046555,0.46545432,-0.37614730,3.50965617,-2.34450804,0.00414281,-0.00016334,0.07951556,-0.04884345,0.23898117,-0.01384726,0.03219459,-0.00318312,0.44842472,-0.29879077
-1.41370685,4.34470899,-2.63953693,0.47842338,-0.40353343,3.60912971,-2.49972738,0.00424155,-0.00016359,0.08272621,-0.05352555,0.24348192,-0.01461631,0.03272436,-0.00336749,0.46296528,-0.32662881
-1.40770385,4.44458295,-2.80482511,0.48887959,-0.43082335,3.69286952,-2.65004543,0.00431857,-0.00016320,0.08554604,-0.05835843,0.24649409,-0.01532610,0.03304479,-0.00353815,0.47521023,-0.35547522
-1.40170085,4.52351786,-2.96414029,0.49665951,-0.45772828,3.75978346,-2.79330017,0.00437300,-0.00016217,0.08792811,-0.06330629,0.24796793,-0.01596141,0.03315159,-0.00369165,0.48496022,-0.38513705
-1.39569785,4.58047818,-3.11531533,0.50164680,-0.48395522,3.80901673,-2.92737236,0.00440443,-0.00016052,0.08983254,-0.06832982,0.24788442,-0.01650837,0.03304508,-0.00382481,0.49205688,-0.41539834
-1.38969485,4.61476348,-3.25625713,0.50377575,-0.50921243,3.83997193,-3.05023952,0.00441294,-0.00015828,0.09122772,-0.07338652,0.24625600,-0.01695488,0.03273027,-0.00393481,0.49638764,-0.44602138
-1.38369185,4.62602607,-3.38499744,0.50303323,-0.53321503,3.85232367,-3.16002899,0.00439910,-0.00015545,0.09209136,-0.07843118,0.24312630,-0.01729089,0.03221671,-0.00401927,0.49788920,-0.47674852
-1.37768884,4.61428030,-3.49974098,0.49945918,-0.55569044,3.84602709,-3.25506759,0.00436396,-0.00015206,0.09241123,-0.08341642,0.23856892,-0.01750874,0.03151820,-0.00407633,0.49654957,-0.50730455
-1.37168584,4.57990318,-3.59890896,0.49314542,-0.57638352,3.82132002,-3.33392577,0.00430907,-0.00014813,0.09218565,-0.08829328,0.23268523,-0.01760333,0.03065234,-0.00410473,0.49240871,-0.53739958
-1.36568284,4.52362605,-3.68117610,0.48423303,-0.59506115,3.77871874,-3.39545436,0.00423643,-0.00014371,0.09142359,-0.09301189,0.22560127,-0.01757230,0.02964004,-0.00410379,0.48555747,-0.56673264
-1.35967984,4.44651772,-3.74549981,0.47290817,-0.61151635,3.71900729,-3.43881230,0.00414841,-0.00013883,0.09014453,-0.09752225,0.21746410,-0.01741609,0.02850479,-0.00407353,0.47613511,-0.59499571
-1.35367684,4.34995938,-3.79114049,0.45939676,-0.62557155,3.64322051,-3.46348436,0.00404779,-0.00013352,0.08837793,-0.10177495,0.20843740,-0.01713786,0.02727200,-0.00401455,0.46432531,-0.62187853
-1.34767384,4.23561207,-3.81767249,0.44395797,-0.63708134,3.55262133,-3.46928824,0.00393760,-0.00012784,0.08616238,-0.10572209,0.19869681,-0.01674339,0.02596822,-0.00392809,0.45035095,-0.64707393
-1.34167084,4.10537761,-3.82498564,0.42687698,-0.64593436,3.44867275,-3.45637109,0.00382113,-0.00012183,0.08354456,-0.10931816,0.18842510,-0.01624087,0.02462039,-0.00381597,0.43446772,-0.67028369
-1.33566783,3.96135422,-3.81327774,0.40845716,-0.65205458,3.33300540,-3.42519587,0.00370181,-0.00011554,0.08057786,-0.11252098,0.17780722,-0.01564058,0.02325506,-0.00368049,0.41695696,-0.69122495
-1.32966483,3.80578817,-3.78303900,0.38901207,-0.65540202,3.20738145,-3.37651868,0.00358312,-0.00010903,0.07732087,-0.11529268,0.16702558,-0.01495454,0.02189772,-0.00352438,0.39811787,-0.70963694
-1.32366183,3.64102286,-3.73502942,0.36885739,-0.65597280,3.07365603,-3.31135836,0.00346858,-0.00010237,0.07383577,-0.11760068,0.15625573,-0.01419611,0.02057219,-0.00335070,0.37825954,-0.72528790
-1.31765883,3.46944704,-3.67025050,0.34830335,-0.65379879,2.93373727,-3.23095999,0.00336160,-0.00009562,0.07018658,-0.11941863,0.14566235,-0.01337953,0.01930006,-0.00316275,0.35769290,-0.73798199
-1.31165583,3.29344370,-3.58991290,0.32764760,-0.64894682,2.78954615,-3.13675429,0.00326547,-0.00008883,0.06643753,-0.12072729,0.13539592,-0.01251952,0.01810027,-0.00296395,0.33672307,-0.74756581
-1.30565283,3.11534122,-3.49540138,0.30716899,-0.64151748,2.64297747,-3.03031458,0.00318326,-0.00008206,0.06265137,-0.12151529,0.12559003,-0.01163080,0.01698879,-0.00275773,0.31564229,-0.75393445
-1.29964982,2.93736828,-3.38823856,0.28712231,-0.63164348,2.49586310,-2.91331339,0.00311777,-0.00007539,0.05888793,-0.12177978,0.11635934,-0.01072769,0.01597847,-0.00254746,0.29472357,-0.75703646
-1.29364682,2.76161389,-3.27004870,0.26773415,-0.61948767,2.34993864,-2.78748010,0.00307152,-0.00006885,0.05520276,-0.12152687,0.10779829,-0.00982376,0.01507888,-0.00233636,0.27421550,-0.75687764
-1.28764382,2.58999373,-3.14252252,0.24919994,-0.60524065,2.20681462,-2.65456119,0.00304668,-0.00006252,0.05164608,-0.12077180,0.09998054,-0.00893148,0.01429640,-0.00212739,0.25433804,-0.75352325
-1.28164082,2.42422356,-3.00738381,0.23168229,-0.58911781,2.06795291,-2.51628414,0.00304512,-0.00005643,0.04826190,-0.11953887,0.09295901,-0.00806203,0.01363432,-0.00192322,0.23527961,-0.74709831
-1.27563782,2.26580047,-2.86635858,0.21531047,-0.57135595,1.93464907,-2.37432576,0.00306835,-0.00005062,0.04508746,-0.11786108,0.08676665,-0.00722504,0.01309308,-0.00172618,0.21719539,-0.73778597
-1.26963482,2.11599211,-2.72114670,0.20018108,-0.55220933,1.80802102,-2.23028536,0.00311757,-0.00004512,0.04215297,-0.11577942,0.08141762,-0.00642852,0.01267049,-0.00153823,0.20020684,-0.72582365
-1.26363182,1.97583399,-2.57339656,0.18635969,-0.53194517,1.68900401,-2.08566300,0.00319371,-0.00003997,0.03948156,-0.11334186,0.07690906,-0.00567881,0.01236217,-0.00136091,0.18440235,-0.71149707
-1.25762881,1.84613428,-2.42468245,0.17388341,-0.51083863,1.57835192,-1.94184263,0.00329749,-0.00003519,0.03708955,-0.11060208,0.07322318,-0.00498057,0.01216185,-0.00119540,0.16983891,-0.69513232
-1.25162581,1.72748567,-2.27648468,0.16276416,-0.48916736,1.47664415,-1.80007981,0.00342944,-0.00003077,0.03498688,-0.10761790,0.07032957,-0.00433690,0.01206180,-0.00104250,0.15654465,-0.67708599
-1.24562281,1.62028302,-2.13017245,0.15299247,-0.46720569,1.38429772,-1.66149368,0.00359001,-0.00002674,0.03317784,-0.10444952,0.06818771,-0.00374937,0.01205328,-0.00090264,0.14452203,-0.65773407
-1.23961981,1.52474584,-1.98698911,0.14454156,-0.44521869,1.30158340,-1.52706253,0.00377963,-0.00002308,0.03166184,-0.10115763,0.06674959,-0.00321825,0.01212686,-0.00077594,0.13375162,-0.63745970
-1.23361681,1.44094398,-1.84804002,0.13737164,-0.42345620,1.22864486,-1.39762245,0.00399878,-0.00001979,0.03043432,-0.09780148,0.06596222,-0.00274264,0.01227288,-0.00066226,0.12419613,-0.61664058
-1.22761381,1.36882527,-1.71428290,0.13143401,-0.40214714,1.16551969,-1.27386871,0.00424805,-0.00001685,0.02948772,-0.09443696,0.06576998,-0.00232070,0.01248175,-0.00056119,0.11580455,-0.59563646
-1.22161081,1.30824323,-1.58652084,0.12667501,-0.38149430,1.11216089,-1.15635908,0.00452820,-0.00001426,0.02881244,-0.09111484,0.06611689,-0.00194978,0.01274427,-0.00047215,0.10851624,-0.57477738
-1.21560780,1.25898368,-1.46539797,0.12303952,-0.36166987,1.06845770,-1.04551905,0.00484023,-0.00001198,0.02839774,-0.08787914,0.06694846,-0.00162667,0.01305184,-0.00039441,0.10226483,-0.55435318
-1.20960480,1.22078860,-1.35139811,0.12047388,-0.34281188,1.03425449,-0.94164844,0.00518533,-0.00001000,0.02823251,-0.08476593,0.06821321,-0.00134777,0.01339667,-0.00032715,0.09698173,-0.53460483
-1.20360180,1.19337616,-1.24484652,0.11892822,-0.32502184,1.00936673,-0.84492910,0.00556494,-0.00000828,0.02830599,-0.08180231,0.06986389,-0.00110925,0.01377191,-0.00026946,0.09259911,-0.51571799
-1.19759880,1.17645589,-1.14591469,0.11835799,-0.30836365,0.99359314,-0.75543379,0.00598068,-0.00000682,0.02860821,-0.07900594,0.07185818,-0.00090719,0.01417164,-0.00022042,0.08905241,-0.49781909
-1.19159580,1.16973837,-1.05462848,0.11872475,-0.29286376,0.98672357,-0.67313579,0.00643432,-0.00000557,0.02913030,-0.07638492,0.07415901,-0.00073774,0.01459093,-0.00017912,0.08628219,-0.48097417
-1.18559280,1.17293911,-0.97087926,0.11999619,-0.27851288,0.98854209,-0.59791931,0.00692762,-0.00000452,0.02986462,-0.07393808,0.07673451,-0.00059720,0.01502572,-0.00014465,0.08423535,-0.46519036
-1.17958979,1.18577665,-0.89443794,0.12214541,-0.26526881,0.99882554,-0.52959052,0.00746229,-0.00000365,0.03080464,-0.07165574,0.07955754,-0.00048212,0.01547270,-0.00011617,0.08286571,-0.45042006
-1.17358679,1.20796531,-0.82497162,0.12514956,-0.25306054,1.01733763,-0.46788914,0.00803978,-0.00000292,0.03194465,-0.06952076,0.08260494,-0.00038937,0.01592917,-0.00009289,0.08213406,-0.43656740
-1.16758379,1.23920338,-0.76206215,0.12898789,-0.24179332,1.04381932,-0.41250024,0.00866117,-0.00000232,0.03327934,-0.06750994,0.08585654,-0.00031618,0.01639282,-0.00007411,0.08200756,-0.42349666
-1.16158079,1.27915765,-0.70522630,0.13363942,-0.23135440,1.07797638,-0.36306637,0.00932696,-0.00000183,0.03480323,-0.06559566,0.08929401,-0.00026021,0.01686155,-0.00005919,0.08245889,-0.41104223
-1.15557779,1.32744588,-0.65393656,0.13908031,-0.22161927,1.11946508,-0.31919950,0.01003689,-0.00000143,0.03651001,-0.06374759,0.09289967,-0.00021952,0.01733324,-0.00004759,0.08346481,-0.39901939
-1.14957479,1.38361847,-0.60764208,0.14528118,-0.21245803,1.16787746,-0.28049283,0.01078979,-0.00000112,0.03839182,-0.06193451,0.09665533,-0.00019264,0.01780562,-0.00003884,0.08500473,-0.38723551
-1.14357179,1.44714105,-0.56578894,0.15220452,-0.20374165,1.22272734,-0.24653196,0.01158342,-0.00000086,0.04043863,-0.06012607,0.10054130,-0.00017854,0.01827605,-0.00003259,0.08705897,-0.37550100
-1.13756878,1.51737961,-0.52783898,0.15980231,-0.19534773,1.28343855,-0.21690547,0.01241436,-0.00000066,0.04263761,-0.05829442,0.10453563,-0.00017669,0.01874147,-0.00002853,0.08960715,-0.36363951
-1.13156578,1.59358962,-0.49328672,0.16801423,-0.18716566,1.34933665,-0.19121442,0.01327789,-0.00000050,0.04497262,-0.05641562,0.10861365,-0.00018697,0.01919836,-0.00002646,0.09262662,-0.35149682
-1.12556278,1.67491058,-0.46167368,0.17676629,-0.17910088,1.41964509,-0.16908084,0.01416797,-0.00000038,0.04742391,-0.05447085,0.11274788,-0.00020978,0.01964272,-0.00002625,0.09609121,-0.33894820
-1.11955978,1.76036696,-0.43259992,0.18597030,-0.17107809,1.49348703,-0.15015484,0.01507725,-0.00000029,0.04996797,-0.05244721,0.11690836,-0.00024595,0.02007019,-0.00002784,0.09997015,-0.32590380
-1.11355678,1.84887636,-0.40573236,0.19552412,-0.16304336,1.56989309,-0.13412038,0.01599715,-0.00000021,0.05257761,-0.05033830,0.12106337,-0.00029677,0.02047620,-0.00003125,0.10422754,-0.31231202
-1.10755378,1.93926502,-0.38080990,0.20531270,-0.15496519,1.64781548,-0.12069954,0.01691796,-0.00000016,0.05522228,-0.04814441,0.12518054,-0.00036397,0.02085615,-0.00003656,0.10882212,-0.29816082
-1.10155078,2.03029078,-0.35764532,0.21521001,-0.14683435,1.72614831,-0.10965535,0.01782908,-0.00000012,0.05786863,-0.04587237,0.12922827,-0.00044974,0.02120574,-0.00004392,0.11370758,-0.28347698
-1.09554777,2.12067269,-0.33612425,0.22508174,-0.13866280,1.80375365,-0.10079310,0.01871922,-0.00000008,0.06048124,-0.04353512,0.13317738,-0.00055665,0.02152117,-0.00005354,0.11883329,-0.26832354
-1.08954477,2.20912638,-0.31620130,0.23478867,-0.13048169,1.87949232,-0.09396030,0.01957674,-0.00000006,0.06302357,-0.04115107,0.13700295,-0.00068764,0.02179953,-0.00006566,0.12414544,-0.25279571
-1.08354177,2.29440372,-0.29789389,0.24419062,-0.12233868,1.95225839,-0.08904524,0.02039000,-0.00000004,0.06545904,-0.03874315,0.14068611,-0.00084601,0.02203905,-0.00008061,0.12958856,-0.23701551
-1.07753877,2.37533499,-0.28127408,0.25315069,-0.11429472,2.02101574,-0.08597439,0.02114771,-0.00000003,0.06775219,-0.03633783,0.14421576,-0.00103530,0.02223941,-0.00009872,0.13510730,-0.22112555
-1.07153577,2.45087166,-0.26645887,0.26153978,-0.10642050,2.08483508,-0.08470863,0.02183933,-0.00000002,0.06986988,-0.03396394,0.14759006,-0.00125924,0.02240197,-0.00012039,0.14064842,-0.20528229
-1.06553277,2.52012762,-0.25359943,0.26924091,-0.09879270,2.14292956,-0.08523854,0.02245553,-0.00000002,0.07178242,-0.03165152,0.15081751,-0.00152167,0.02252994,-0.00014603,0.14616280,-0.18964914
-1.05952976,2.58241657,-0.24286959,0.27615338,-0.09149037,2.19468719,-0.08757880,0.02298850,-0.00000001,0.07346466,-0.02943064,0.15391758,-0.00182639,0.02262848,-0.00017604,0.15160742,-0.17438980
-1.05352676,2.63728380,-0.23445415,0.28219632,-0.08459137,2.23969829,-0.09176190,0.02343239,-0.00000001,0.07489690,-0.02733035,0.15692085,-0.00217703,0.02270470,-0.00021086,0.15694720,-0.15966207
-1.04752376,2.68453026,-0.22853717,0.28731168,-0.07816919,2.27777638,-0.09783132,0.02378355,-0.00000001,0.07606552,-0.02537766,0.15986840,-0.00257692,0.02276760,-0.00025088,0.16215649,-0.14561231
-1.04152076,2.72422744,-0.22529062,0.29146623,-0.07229013,2.30897126,-0.10583420,0.02404088,-0.00000001,0.07696354,-0.02359665,0.16281073,-0.00302890,0.02282785,-0.00029647,0.16722017,-0.13237088
-1.03551776,2.75672210,-0.22486370,0.29465268,-0.06701098,2.33357327,-0.11581387,0.02420594,-0.00000002,0.07759071,-0.02200778,0.16580596,-0.00353516,0.02289755,-0.00034794,0.17213436,-0.12004851
-1.02951476,2.78262989,-0.22737294,0.29688977,-0.06237713,2.35210808,-0.12780225,0.02428308,-0.00000002,0.07795347,-0.02062733,0.16891756,-0.00409702,0.02298983,-0.00040554,0.17690647,-0.10873371
-1.02351176,2.80281798,-0.23289336,0.29822125,-0.05842121,2.36532208,-0.14181245,0.02427942,-0.00000003,0.07806456,-0.01946696,0.17221148,-0.00471481,0.02311842,-0.00046942,0.18155481,-0.09849121
-1.01750875,2.81837688,-0.24145082,0.29871394,-0.05516229,2.37415847,-0.15783162,0.02420480,-0.00000005,0.07794238,-0.01853350,0.17575309,-0.00538768,0.02329718,-0.00053962,0.18610753,-0.08936139
-1.01150575,2.83058242,-0.25301575,0.29845479,-0.05260543,2.37972483,-0.17581451,0.02407153,-0.00000007,0.07761019,-0.01782883,0.17960377,-0.00611346,0.02353953,-0.00061603,0.19060113,-0.08136053
-1.00550275,2.84084914,-0.26749835,0.29754725,-0.05074172,2.38325341,-0.19567778,0.02389406,-0.00000010,0.07709506,-0.01734992,0.18381751,-0.00688858,0.02385794,-0.00069845,0.19507839,-0.07448181
-0.99949975,2.85067699,-0.28474547,0.29610703,-0.04954870,2.38605546,-0.21729541,0.02368867,-0.00000015,0.07642678,-0.01708900,0.18843758,-0.00770799,0.02426335,-0.00078646,0.19958599,-0.06869701
-0.99349675,2.86159319,-0.30453926,0.29425739,-0.04899108,2.38947149,-0.24049550,0.02347289,-0.00000022,0.07563666,-0.01703384,0.19349348,-0.00856521,0.02476467,-0.00087953,0.20417182,-0.06395859
-0.98749375,2.87509172,-0.32659780,0.29212441,-0.04902177,2.39481927,-0.26505852,0.02326495,-0.00000031,0.07475638,-0.01716812,0.19899831,-0.00945237,0.02536830,-0.00097696,0.20888211,-0.06020214
-0.98149075,2.89257276,-0.35057759,0.28983216,-0.04958313,2.40334168,-0.29071744,0.02308322,-0.00000045,0.07381689,-0.01747185,0.20494666,-0.01036037,0.02607776,-0.00107788,0.21375856,-0.05734915
-0.97548774,2.91528447,-0.37607829,0.28749826,-0.05060845,2.41615656,-0.31715968,0.02294547,-0.00000064,0.07284743,-0.01792195,0.21131319,-0.01127913,0.02689335,-0.00118132,0.21883556,-0.05530976
-0.96948474,2.94426950,-0.40264939,0.28522978,-0.05202355,2.43421028,-0.34403107,0.02286828,-0.00000090,0.07187478,-0.01849278,0.21805195,-0.01219792,0.02781195,-0.00128619,0.22413762,-0.05398563
-0.96348174,2.98031832,-0.42979896,0.28311987,-0.05374854,2.45823710,-0.37094175,0.02286633,-0.00000125,0.07092260,-0.01915682,0.22509645,-0.01310572,0.02882690,-0.00139132,0.22967720,-0.05327274
-0.95747874,3.02393118,-0.45700427,0.28124501,-0.05569968,2.48872577,-0.39747410,0.02295181,-0.00000174,0.07001113,-0.01988531,0.23236056,-0.01399179,0.02992804,-0.00149554,0.23545297,-0.05306410
-0.95147574,3.07529026,-0.48372404,0.27966315,-0.05779132,2.52589470,-0.42319221,0.02313388,-0.00000239,0.06915699,-0.02064892,0.23974022,-0.01484619,0.03110182,-0.00159769,0.24144857,-0.05325229
-0.94547274,3.13424309,-0.50941214,0.27841268,-0.05993779,2.56967662,-0.44765297,0.02341820,-0.00000327,0.06837333,-0.02141852,0.24711578,-0.01566041,0.03233156,-0.00169673,0.24763207,-0.05373184
-0.93946973,3.20029789,-0.53353213,0.27751224,-0.06205542,2.61971334,-0.47041815,0.02380654,-0.00000444,0.06767008,-0.02216581,0.25435506,-0.01642812,0.03359783,-0.00179176,0.25395592,-0.05440140
-0.93346673,3.27263111,-0.55557236,0.27696131,-0.06406436,2.67536088,-0.49106721,0.02429665,-0.00000598,0.06705441,-0.02286403,0.26131695,-0.01714582,0.03487888,-0.00188214,0.26035767,-0.05516568
-0.92746373,3.35010677,-0.57506109,0.27674157,-0.06589043,2.73570466,-0.50921024,0.02488209,-0.00000800,0.06653138,-0.02348859,0.26785536,-0.01781366,0.03615125,-0.00196755,0.26676124,-0.05593716
-0.92146073,3.43130719,-0.59158094,0.27681881,-0.06746678,2.79958434,-0.52450058,0.02555236,-0.00001062,0.06610463,-0.02401768,0.27382347,-0.01843611,0.03739036,-0.00204807,0.27307876,-0.05663750
-0.91545773,3.51457378,-0.60478224,0.27714542,-0.06873532,2.86562732,-0.53664650,0.02629307,-0.00001401,0.06577707,-0.02443275,0.27907807,-0.01902270,0.03857126,-0.00212426,0.27921294,-0.05719877
-0.90945473,3.59805663,-0.61439470,0.27766315,-0.06964800,2.93228984,-0.54542155,0.02708640,-0.00001834,0.06555172,-0.02471894,0.28348394,-0.01958865,0.03966929,-0.00219725,0.28505987,-0.05756427
-0.90345173,3.67977098,-0.62023683,0.27830617,-0.07016777,2.99790405,-0.55067294,0.02791152,-0.00002384,0.06543231,-0.02486542,0.28691793,-0.02015545,0.04066088,-0.00226878,0.29051214,-0.05768918
-0.89744872,3.75765884,-0.62222273,0.27900419,-0.07026923,3.06072956,-0.55232778,0.02874528,-0.00003077,0.06542398,-0.02486561,0.28927277,-0.02075128,0.04152424,-0.00234129,0.29546214,-0.05754081
-0.89144572,3.82965324,-0.62036599,0.27968551,-0.06993893,3.11900757,-0.55039658,0.02956291,-0.00003942,0.06553368,-0.02471721,0.29046047,-0.02141132,0.04224008,-0.00241792,0.29980548,-0.05709860
-0.88544272,3.89374312,-0.61478032,0.28027996,-0.06917536,3.17101565,-0.54497412,0.03033886,-0.00005014,0.06577058,-0.02442221,0.29041508,-0.02217788,0.04279219,-0.00250256,0.30344438,-0.05635382
-0.87943972,3.94803642,-0.60567702,0.28072158,-0.06798858,3.21512133,-0.53623742,0.03104760,-0.00006333,0.06614614,-0.02398669,0.28909476,-0.02310027,0.04316803,-0.00259987,0.30629085,-0.05530899
-0.87343672,3.99081921,-0.59335922,0.28095092,-0.06639947,3.24983256,-0.52444097,0.03166449,-0.00007940,0.06667414,-0.02342055,0.28648328,-0.02423453,0.04335909,-0.00271518,0.30826966,-0.05397697
-0.86743372,4.02060870,-0.57821310,0.28091696,-0.06443876,3.27384331,-0.50990934,0.03216660,-0.00009884,0.06737041,-0.02273709,0.28259054,-0.02564282,0.04336126,-0.00285453,0.30932086,-0.05237994
-0.86143072,4.03619831,-0.56069646,0.28057859,-0.06214569,3.28607282,-0.49302750,0.03253348,-0.00012215,0.06825241,-0.02195256,0.27745245,-0.02739252,0.04317494,-0.00302452,0.30940184,-0.05054802
-0.85542771,4.03669330,-0.54132492,0.27990555,-0.05956653,3.28569698,-0.47422918,0.03274780,-0.00014989,0.06933858,-0.02108551,0.27112996,-0.02955503,0.04280508,-0.00323222,0.30848878,-0.04851791
-0.84942471,4.02153564,-0.52065641,0.27887890,-0.05675289,3.27217104,-0.45398386,0.03279594,-0.00018259,0.07064762,-0.02015624,0.26370737,-0.03220428,0.04226102,-0.00348500,0.30657757,-0.04633125
-0.84342171,3.99051751,-0.49927432,0.27749099,-0.05375998,3.24524283,-0.43278262,0.03266838,-0.00022084,0.07219752,-0.01918610,0.25528998,-0.03541485,0.04155624,-0.00379038,0.30368391,-0.04403303
-0.83741871,3.94378297,-0.47777006,0.27574494,-0.05064480,3.20495629,-0.41112374,0.03235998,-0.00026517,0.07400454,-0.01819683,0.24600114,-0.03925980,0.04070792,-0.00415574,0.29984292,-0.04166997
-0.83141571,3.88181804,-0.45672548,0.27365368,-0.04746440,3.15164520,-0.38949823,0.03187004,-0.00031612,0.07608216,-0.01720987,0.23597884,-0.04380823,0.03973644,-0.00458814,0.29510795,-0.03928891
-0.82541271,3.80542983,-0.43669582,0.27123863,-0.04427420,3.08591789,-0.36837596,0.03120233,-0.00037416,0.07843988,-0.01624579,0.22537198,-0.04912251,0.03866473,-0.00509401,0.28954889,-0.03693534
-0.81940970,3.71571570,-0.41819359,0.26852805,-0.04112649,3.00863338,-0.34819287,0.03036479,-0.00043967,0.08108224,-0.01532366,0.21433646,-0.05525543,0.03751763,-0.00567886,0.28324990,-0.03465199
-0.81340670,3.61402404,-0.40167406,0.26555515,-0.03806912,2.92087042,-0.32933952,0.02936924,-0.00051294,0.08400774,-0.01446054,0.20303120,-0.06224713,0.03632112,-0.00634696,0.27630674,-0.03247769
-0.80740370,3.50190830,-0.38752259,0.26235609,-0.03514440,2.82389069,-0.31215138,0.02823093,-0.00059412,0.08720798,-0.01367112,0.19161430,-0.07012209,0.03510166,-0.00710105,0.26882382,-0.03044632
-0.80140070,3.38107640,-0.37604423,0.25896795,-0.03238828,2.71909771,-0.29690110,0.02696794,-0.00068321,0.09066701,-0.01296728,0.18023951,-0.07888623,0.03388543,-0.00794204,0.26091098,-0.02858602
-0.79539770,3.25333768,-0.36745582,0.25542678,-0.02982974,2.60799345,-0.28379292,0.02560058,-0.00078002,0.09436083,-0.01235796,0.16905301,-0.08852424,0.03269777,-0.00886872,0.25268036,-0.02691866
-0.78939470,3.12054942,-0.36188090,0.25176582,-0.02749054,2.49213412,-0.27295932,0.02415077,-0.00088415,0.09825727,-0.01184893,0.15819075,-0.09899736,0.03156257,-0.00987758,0.24424330,-0.02545947
-0.78339170,2.98456527,-0.35934731,0.24801397,-0.02538511,2.37308700,-0.26445987,0.02264133,-0.00099498,0.10231604,-0.01144279,0.14777635,-0.11024162,0.03050184,-0.01096259,0.23570747,-0.02421692
-0.77738869,2.84718736,-0.35978781,0.24419471,-0.02352072,2.25239001,-0.25828238,0.02109538,-0.00111167,0.10648925,-0.01113902,0.13791964,-0.12216690,0.02953538,-0.01211513,0.22717438,-0.02319287
-0.77138569,2.71012380,-0.36304344,0.24032533,-0.02189795,2.13151516,-0.25434606,0.01953572,-0.00123312,0.11072218,-0.01093413,0.12871590,-0.13465673,0.02868057,-0.01332395,0.21873734,-0.02238282
-0.76538269,2.57495284,-0.36886970,0.23641668,-0.02051117,2.01183721,-0.25250674,0.01798431,-0.00135802,0.11495435,-0.01082189,0.12024564,-0.14756903,0.02795227,-0.01457526,0.21047985,-0.02177643
-0.75937969,2.44309484,-0.37694530,0.23247339,-0.01934932,1.89460827,-0.25256377,0.01646184,-0.00148484,0.11912095,-0.01079361,0.11257506,-0.16073797,0.02736286,-0.01585291,0.20247464,-0.02135813
-0.75337669,2.31579215,-0.38688324,0.22849454,-0.01839677,1.78093884,-0.25426855,0.01498736,-0.00161184,0.12315449,-0.01083857,0.10575700,-0.17397670,0.02692235,-0.01713865,0.19478317,-0.02110790
-0.74737369,2.19409744,-0.39824396,0.22447468,-0.01763421,1.67178544,-0.25733425,0.01357806,-0.00173714,0.12698664,-0.01094438,0.09983227,-0.18708126,0.02663856,-0.01841253,0.18745570,-0.02100214
-0.74137069,2.07886981,-0.41055023,0.22040528,-0.01703966,1.56794469,-0.26144663,0.01224909,-0.00185874,0.13055021,-0.01109748,0.09483130,-0.19983537,0.02651744,-0.01965339,0.18053175,-0.02101460
-0.73536768,1.97077812,-0.42330327,0.21627633,-0.01658951,1.47005327,-0.26627548,0.01101350,-0.00197458,0.13378121,-0.01128363,0.09077593,-0.21201602,0.02656328,-0.02083938,0.17404105,-0.02111739
-0.72936468,1.87031059,-0.43599969,0.21207809,-0.01625946,1.37859320,-0.27148646,0.00988230,-0.00208258,0.13662077,-0.01148841,0.08768121,-0.22339982,0.02677907,-0.02194860,0.16800467,-0.02128197
-0.72336168,1.77778938,-0.44814884,0.20780289,-0.01602557,1.29390144,-0.27675301,0.00886452,-0.00218074,0.13901710,-0.01169772,0.08555711,-0.23376965,0.02716672,-0.02295980,0.16243635,-0.02148010
-0.71735868,1.69338881,-0.45928986,0.20344670,-0.01586513,1.21618283,-0.28176791,0.00796737,-0.00226714,0.14092711,-0.01189830,0.08440991,-0.24292158,0.02772726,-0.02385299,0.15734393,-0.02168484
-0.71135568,1.61715584,-0.46900809,0.19901062,-0.01575758,1.14552533,-0.28625431,0.00719644,-0.00234006,0.14231783,-0.01207816,0.08424334,-0.25067162,0.02846108,-0.02461021,0.15273070,-0.02187142
-0.70535268,1.54903142,-0.47695018,0.19450188,-0.01568522,1.08191634,-0.28997580,0.00655590,-0.00239802,0.14316745,-0.01222701,0.08505924,-0.25686206,0.02936790,-0.02521606,0.14859663,-0.02201798
-0.69934967,1.48887138,-0.48283755,0.18993454,-0.01563396,1.02525939,-0.29274536,0.00604869,-0.00243981,0.14346604,-0.01233666,0.08685776,-0.26136720,0.03044684,-0.02565833,0.14493940,-0.02210633
-0.69334667,1.43646587,-0.48647759,0.18532971,-0.01559384,0.97539006,-0.29443278,0.00567676,-0.00246457,0.14321578,-0.01240131,0.08963700,-0.26409801,0.03169626,-0.02592847,0.14175512,-0.02212243
-0.68734367,1.39155632,-0.48777250,0.18071523,-0.01555953,0.93209051,-0.29497051,0.00544118,-0.00247178,0.14243079,-0.01241777,0.09339228,-0.26500570,0.03311364,-0.02602189,0.13903886,-0.02205686
-0.68134067,1.35384942,-0.48672518,0.17612498,-0.01553071,0.89510208,-0.29435776,0.00534228,-0.00246132,0.14113658,-0.01238565,0.09811483,-0.26408396,0.03469530,-0.02593828,0.13678475,-0.02190507
-0.67533767,1.32302766,-0.48344231,0.17159766,-0.01551224,0.86413567,-0.29266266,0.00537975,-0.00243345,0.13936908,-0.01230745,0.10379022,-0.26136969,0.03643609,-0.02568158,0.13498593,-0.02166750
-0.66933467,1.29875635,-0.47813430,0.16717530,-0.01551433,0.83887962,-0.29002250,0.00555262,-0.00238879,0.13717329,-0.01218853,0.11039639,-0.25694233,0.03832908,-0.02526002,0.13363417,-0.02134957
-0.66333167,1.28068726,-0.47111224,0.16290146,-0.01555255,0.81900516,-0.28664216,0.00585922,-0.00232835,0.13460172,-0.01203704,0.11790165,-0.25092167,0.04036523,-0.02468585,0.13271937,-0.02096152
-0.65732866,1.26845920,-0.46278203,0.15881919,-0.01564767,0.80416974,-0.28279057,0.00629713,-0.00225344,0.13171257,-0.01186378,0.12626254,-0.24346437,0.04253303,-0.02397502,0.13222890,-0.02051808
-0.65132566,1.26169607,-0.45363571,0.15496910,-0.01582549,0.79401833,-0.27879552,0.00686301,-0.00216566,0.12856777,-0.01168193,0.13542190,-0.23475931,0.04481822,-0.02314671,0.13214689,-0.02003809
-0.64532266,1.26000308,-0.44424051,0.15138733,-0.01611643,0.78818330,-0.27503685,0.00755244,-0.00206683,0.12523096,-0.01150680,0.14530711,-0.22502187,0.04720363,-0.02222281,0.13245360,-0.01954396
-0.63931966,1.26296175,-0.43522568,0.14810373,-0.01655516,0.78628320,-0.27193817,0.00835973,-0.00195894,0.12176547,-0.01135540,0.15582881,-0.21448767,0.04966896,-0.02122725,0.13312475,-0.01906105
-0.63331666,1.27012458,-0.42726768,0.14514038,-0.01717995,0.78792110,-0.26995740,0.00927771,-0.00184409,0.11823244,-0.01124610,0.16688009,-0.20340568,0.05219083,-0.02018535,0.13413111,-0.01861705
-0.62731366,1.28101009,-0.42107394,0.14251028,-0.01803200,0.79268280,-0.26957619,0.01029758,-0.00172442,0.11468905,-0.01119814,0.17833635,-0.19203130,0.05474282,-0.01912312,0.13543824,-0.01824118
-0.62131066,1.29509887,-0.41736563,0.14021667,-0.01915468,0.80013559,-0.27128845,0.01140872,-0.00160206,0.11118698,-0.01123114,0.19005586,-0.18061946,0.05729569,-0.01806655,0.13700636,-0.01796348
-0.61530765,1.31183142,-0.41685979,0.13825253,-0.02059256,0.80982775,-0.27558823,0.01259861,-0.00147907,0.10777111,-0.01136459,0.20188107,-0.16941812,0.05981775,-0.01704097,0.13879061,-0.01781405
-0.60930465,1.33060813,-0.42025115,0.13660079,-0.02239041,0.82128934,-0.28295715,0.01385275,-0.00135737,0.10447857,-0.01161735,0.21364079,-0.15866227,0.06227526,-0.01607044,0.14074140,-0.01782220
-0.60330165,1.35079186,-0.42819396,0.13523479,-0.02459203,0.83403445,-0.29385137,0.01515476,-0.00123873,0.10133804,-0.01200706,0.22515300,-0.14856872,0.06463310,-0.01517718,0.14280512,-0.01801578
-0.59729865,1.37171337,-0.44128413,0.13411933,-0.02723907,0.84756495,-0.30868866,0.01648643,-0.00112472,0.09836941,-0.01254967,0.23622851,-0.13933166,0.06685535,-0.01438114,0.14492497,-0.01842037
-0.59129565,1.39267966,-0.46004204,0.13321200,-0.03036961,0.86137614,-0.32783542,0.01782799,-0.00101669,0.09558378,-0.01325887,0.24667514,-0.13111928,0.06890617,-0.01369958,0.14704217,-0.01905860
-0.58529265,1.41298512,-0.48489627,0.13246494,-0.03401685,0.87496383,-0.35159413,0.01915840,-0.00091575,0.09298370,-0.01414563,0.25630248,-0.12407120,0.07075053,-0.01314680,0.14909717,-0.01994952
-0.57928964,1.43192544,-0.51616861,0.13182682,-0.03820767,0.88783317,-0.38019143,0.02045577,-0.00082277,0.09056381,-0.01521773,0.26492686,-0.11829700,0.07235517,-0.01273396,0.15103117,-0.02110794
-0.57328664,1.44881368,-0.55406069,0.13124508,-0.04296115,0.89950866,-0.41376706,0.02169781,-0.00073839,0.08831160,-0.01647938,0.27237661,-0.11387556,0.07368946,-0.01246897,0.15278777,-0.02254398
-0.56728364,1.46299824,-0.59864262,0.13066830,-0.04828725,0.90954527,-0.45236415,0.02286242,-0.00066302,0.08620856,-0.01793080,0.27849715,-0.11085539,0.07472627,-0.01235647,0.15431466,-0.02426255
-0.56128064,1.47388205,-0.64984398,0.13004859,-0.05418546,0.91754020,-0.49592101,0.02392827,-0.00059686,0.08423132,-0.01956804,0.28315591,-0.10925560,0.07544280,-0.01239789,0.15556548,-0.02626307
-0.55527764,1.48094232,-0.70744773,0.12934404,-0.06064369,0.92314495,-0.54426504,0.02487541,-0.00053993,0.08235310,-0.02138276,0.28624679,-0.10906770,0.07582140,-0.01259161,0.15650166,-0.02853921
-0.54927464,1.48375004,-0.77108719,0.12852097,-0.06763733,0.92607714,-0.59710896,0.02568593,-0.00049208,0.08054514,-0.02336216,0.28769390,-0.11025794,0.07585018,-0.01293313,0.15709431,-0.03107876
-0.54327164,1.48198861,-0.84024676,0.12755614,-0.07512857,0.92613163,-0.65404981,0.02634449,-0.00045305,0.07877815,-0.02548901,0.28745462,-0.11277016,0.07552358,-0.01341538,0.15732600,-0.03386376
-0.53726863,1.47547058,-0.91426649,0.12643856,-0.08306606,0.92319055,-0.71457102,0.02683894,-0.00042247,0.07702384,-0.02774187,0.28552169,-0.11652911,0.07484280,-0.01402903,0.15719250,-0.03687059
-0.53126563,1.46415197,-0.99235094,0.12517114,-0.09138499,0.91723161,-0.77804785,0.02716072,-0.00039989,0.07525628,-0.03009538,0.28192419,-0.12144409,0.07381601,-0.01476283,0.15670428,-0.04007043
-0.52526263,1.44814325,-1.07358230,0.12377184,-0.10000754,0.90833429,-0.84375633,0.02730525,-0.00038486,0.07345319,-0.03252068,0.27672763,-0.12741283,0.07245847,-0.01560405,0.15588780,-0.04342974
-0.51925963,1.42771653,-1.15693787,0.12227445,-0.10884382,0.89668364,-0.91088570,0.02727216,-0.00037690,0.07159709,-0.03498606,0.27003282,-0.13432564,0.07079242,-0.01653889,0.15478648,-0.04691106
-0.51325663,1.40330826,-1.24131174,0.12072886,-0.11779327,0.88257112,-0.97855441,0.02706547,-0.00037555,0.06967616,-0.03745759,0.26197385,-0.14206959,0.06884678,-0.01755296,0.15346127,-0.05047380
-0.50725363,1.37551729,-1.32554014,0.11920083,-0.12674658,0.86639253,-1.04582920,0.02669350,-0.00038044,0.06768501,-0.03990003,0.25271506,-0.15053273,0.06665675,-0.01863173,0.15199076,-0.05407540
-0.50125063,1.34509786,-1.40843012,0.11777117,-0.13558797,0.84864264,-1.11174710,0.02616879,-0.00039125,0.06562505,-0.04227770,0.24244731,-0.15960829,0.06426316,-0.01976103,0.15047074,-0.05767244
-0.49524762,1.31294765,-1.48879060,0.11653439,-0.14419789,0.82990665,-1.17533949,0.02550784,-0.00040780,0.06350469,-0.04455544,0.23138357,-0.16919861,0.06171173,-0.02092749,0.14901318,-0.06122199
-0.48924462,1.28009095,-1.56546501,0.11559680,-0.15245611,0.81084848,-1.23565784,0.02473071,-0.00043003,0.06133924,-0.04669972,0.21975412,-0.17921893,0.05905223,-0.02211899,0.14774461,-0.06468295
-0.48324162,1.24765730,-1.63736433,0.11507402,-0.16024493,0.79219624,-1.29179994,0.02386056,-0.00045806,0.05915053,-0.04867956,0.20780144,-0.18960067,0.05633742,-0.02332505,0.14680380,-0.06801745
-0.47723862,1.21685609,-1.70349936,0.11508807,-0.16745262,0.77472491,-1.34293596,0.02292318,-0.00049218,0.05696629,-0.05046756,0.19577508,-0.20029426,0.05362208,-0.02453720,0.14633889,-0.07119222
-0.47123562,1.18894775,-1.76301105,0.11576397,-0.17397671,0.75923705,-1.38833324,0.02194630,-0.00053287,0.05481930,-0.05204083,0.18392666,-0.21127132,0.05096185,-0.02574924,0.14650380,-0.07417989
-0.46523262,1.16521231,-1.81519754,0.11722599,-0.17972734,0.74654163,-1.42737878,0.02095908,-0.00058084,0.05274638,-0.05338170,0.17250499,-0.22252608,0.04841214,-0.02695744,0.14745423,-0.07696008
-0.45922961,1.14691623,-1.85953689,0.11959365,-0.18463013,0.73743196,-1.45959856,0.01999142,-0.00063702,0.05078718,-0.05447846,0.16175175,-0.23407600,0.04602701,-0.02816066,0.14934312,-0.07952043
-0.45322661,1.13527838,-1.89570428,0.12297758,-0.18862882,0.73266302,-1.48467293,0.01907340,-0.00070255,0.04898290,-0.05532574,0.15189746,-0.24596138,0.04385809,-0.02936033,0.15231578,-0.08185726
-0.44722361,1.13143622,-1.92358300,0.12747533,-0.19168727,0.73292915,-1.50244708,0.01823466,-0.00077881,0.04737494,-0.05592482,0.14315798,-0.25824407,0.04195354,-0.03056035,0.15650486,-0.08397603
-0.44122061,1.13641306,-1.94326852,0.13316736,-0.19379088,0.73884257,-1.51293640,0.01750389,-0.00086735,0.04600351,-0.05628365,0.13573155,-0.27100508,0.04035711,-0.03176688,0.16202530,-0.08589138
-0.43521761,1.15108748,-1.95506528,0.14011323,-0.19494734,0.75091350,-1.51632618,0.01690835,-0.00096994,0.04490636,-0.05641668,0.12979626,-0.28434126,0.03910728,-0.03298802,0.16896938,-0.08762696
-0.42921461,1.17616564,-1.95947627,0.14834823,-0.19518653,0.76953254,-1.51296567,0.01647337,-0.00108846,0.04411748,-0.05634446,0.12550787,-0.29836098,0.03823649,-0.03423334,0.17740212,-0.08921476
-0.42321161,1.21215737,-1.95718561,0.15788053,-0.19455972,0.79495575,-1.50335667,0.01622203,-0.00122489,0.04366599,-0.05609301,0.12299812,-0.31317902,0.03777048,-0.03551341,0.18735722,-0.09069416
-0.41720860,1.25935668,-1.94903466,0.16868906,-0.19313800,0.82729301,-1.48813699,0.01617473,-0.00138126,0.04357514,-0.05569300,0.12237312,-0.32891065,0.03772773,-0.03683921,0.19883366,-0.09211063
-0.41120560,1.31782727,-1.93599266,0.18072209,-0.19100992,0.86650010,-1.46805946,0.01634893,-0.00155956,0.04386151,-0.05517881,0.12371211,-0.34566524,0.03811908,-0.03822144,0.21179319,-0.09351412
-0.40520260,1.38739331,-1.91912295,0.19389672,-0.18827859,0.91237459,-1.44396732,0.01675884,-0.00176164,0.04453435,-0.05458740,0.12706622,-0.36353952,0.03894738,-0.03966991,0.22615878,-0.09495721
-0.39919960,1.46763595,-1.89954598,0.20809924,-0.18505816,0.96455588,-1.41676689,0.01741514,-0.00198917,0.04559520,-0.05395714,0.13245739,-0.38261068,0.04020736,-0.04119287,0.24181422,-0.09649300
-0.39319660,1.55789546,-1.87840079,0.22318649,-0.18146994,1.02252933,-1.38739873,0.01832478,-0.00224350,0.04703760,-0.05332654,0.13987735,-0.40292970,0.04188554,-0.04279630,0.25860490,-0.09817297
-0.38719360,1.65727903,-1.85680634,0.23898811,-0.17763827,1.08563433,-1.35680840,0.01949071,-0.00252555,0.04884711,-0.05273307,0.14928675,-0.42451500,0.04396037,-0.04448340,0.27633975,-0.10004472
-0.38119060,1.76467412,-1.83582422,0.25530962,-0.17368631,1.15307624,-1.32591786,0.02091167,-0.00283576,0.05100147,-0.05221196,0.16061438,-0.44734690,0.04640239,-0.04625405,0.29479449,-0.10214977
-0.37518759,1.87876682,-1.81642431,0.27193639,-0.16973186,1.22394171,-1.29559893,0.02258202,-0.00317395,0.05347094,-0.05179507,0.17375675,-0.47136283,0.04917465,-0.04810437,0.31371594,-0.10452155
-0.36918459,1.99806505,-1.79945477,0.28863823,-0.16588351,1.29721702,-1.26664950,0.02449156,-0.00353924,0.05621886,-0.05151004,0.18857789,-0.49645389,0.05223314,-0.05002648,0.33282743,-0.10718350
-0.36318159,2.12092595,-1.78561736,0.30517450,-0.16223711,1.37180903,-1.23977366,0.02662544,-0.00393000,0.05920234,-0.05137943,0.20490980,-0.52246270,0.05552752,-0.05200832,0.35183511,-0.11014758
-0.35717859,2.24558685,-1.77544931,0.32129971,-0.15887283,1.44656797,-1.21556626,0.02896408,-0.00434378,0.06237313,-0.05142021,0.22255335,-0.54918282,0.05900186,-0.05403369,0.37043499,-0.11341310
-0.35117559,2.37019925,-1.76931218,0.33676922,-0.15585283,1.52031171,-1.19450264,0.03148324,-0.00477732,0.06567858,-0.05164339,0.24128009,-0.57635988,0.06259561,-0.05608236,0.38832047,-0.11696606
-0.34517259,2.49286510,-1.76738828,0.35134504,-0.15321976,1.59185078,-1.17693356,0.03415416,-0.00522652,0.06906279,-0.05205393,0.26083471,-0.60369445,0.06624462,-0.05813043,0.40519024,-0.12077888
-0.33916958,2.61167470,-1.76968460,0.36480154,-0.15099591,1.66001352,-1.16308559,0.03694379,-0.00568649,0.07246784,-0.05265091,0.28093858,-0.63084668,0.06988241,-0.06015078,0.42075615,-0.12481079
-0.33316658,2.72474547,-1.77604412,0.37693077,-0.14918335,1.72367097,-1.15306675,0.03981521,-0.00615166,0.07583513,-0.05342788,0.30129412,-0.65744276,0.07344144,-0.06211372,0.43475093,-0.12900868
-0.32716358,2.83026082,-1.78616382,0.38754748,-0.14776472,1.78176071,-1.14687694,0.04272817,-0.00661584,0.07910673,-0.05437349,0.32159006,-0.68308285,0.07685447,-0.06398767,0.44693542,-0.13330851
-0.32116058,2.92650850,-1.79961873,0.39649343,-0.14670491,1.83330942,-1.14442255,0.04563979,-0.00707240,0.08222692,-0.05547223,0.34150758,-0.70735061,0.08005607,-0.06574007,0.45710517,-0.13763723
-0.31515758,3.01191764,-1.81589074,0.40364120,-0.14595331,1.87745359,-1.14553456,0.04850537,-0.00751443,0.08514365,-0.05670546,0.36072704,-0.72982376,0.08298401,-0.06733827,0.46509618,-0.14191512
-0.30915458,3.08509365,-1.83440108,0.40889718,-0.14544675,1.91345798,-1.14998912,0.05127939,-0.00793493,0.08781005,-0.05805240,0.37893524,-0.75008569,0.08558075,-0.06875051,0.47078956,-0.14605855
-0.30315158,3.14485035,-1.85454479,0.41220376,-0.14511281,1.94073165,-1.15752955,0.05391658,-0.00832705,0.09018588,-0.05949125,0.39583285,-0.76773738,0.08779474,-0.06994691,0.47411505,-0.14998296
-0.29714857,3.19023851,-1.87572576,0.41354080,-0.14487345,1.95884103,-1.16788878,0.05637306,-0.00868427,0.09223896,-0.06100036,0.41114186,-0.78240962,0.08958177,-0.07090046,0.47505323,-0.15360603
-0.29114557,3.22057006,-1.89739063,0.41292621,-0.14464882,1.96752004,-1.18081087,0.05860754,-0.00900065,0.09394644,-0.06255924,0.42461259,-0.79377475,0.09090597,-0.07158791,0.47363645,-0.15685087
-0.28514257,3.23543723,-1.91906005,0.41041574,-0.14436102,1.96667681,-1.19607082,0.06058252,-0.00927104,0.09529590,-0.06414955,0.43603012,-0.80155770,0.09174077,-0.07199061,0.46994840,-0.15964915
-0.27913957,3.23472594,-1.94035573,0.40610200,-0.14393768,1.95639695,-1.21349138,0.06226540,-0.00949126,0.09628628,-0.06575587,0.44521979,-0.80554575,0.09206950,-0.07209521,0.46412230,-0.16194394
-0.27313657,3.21862284,-1.96102204,0.40011264,-0.14331528,1.93694311,-1.23295613,0.06362950,-0.00965826,0.09692850,-0.06736636,0.45205149,-0.80559672,0.09188585,-0.07189421,0.45633795,-0.16369226
-0.26713357,3.18761537,-1.98094093,0.39260792,-0.14244192,1.90875086,-1.25441808,0.06465493,-0.00977023,0.09724579,-0.06897303,0.45644258,-0.80164511,0.09119390,-0.07138636,0.44681750,-0.16486715
-0.26113057,3.14248460,-2.00013959,0.38377742,-0.14127960,1.87242058,-1.27790324,0.06532925,-0.00982670,0.09727364,-0.07057193,0.45835937,-0.79370600,0.09000794,-0.07057681,0.43582024,-0.16545915
-0.25512756,3.08429049,-2.01879018,0.37383628,-0.13980585,1.82870567,-1.30350893,0.06564794,-0.00982854,0.09705942,-0.07216300,0.45781692,-0.78187650,0.08835199,-0.06947712,0.42363644,-0.16547726
-0.24912456,3.01434962,-2.03720170,0.36302066,-0.13801458,1.77849680,-1.33139681,0.06561450,-0.00977800,0.09666149,-0.07374961,0.45487739,-0.76633461,0.08625903,-0.06810504,0.41058047,-0.16494909
-0.24312156,2.93420564,-2.05580421,0.35158277,-0.13591632,1.72280274,-1.36178085,0.06524039,-0.00967854,0.09614792,-0.07533803,0.44964686,-0.74733558,0.08376993,-0.06648405,0.39698332,-0.16392052
-0.23711856,2.84559289,-2.07512607,0.33978536,-0.13353769,1.66272772,-1.39491079,0.06454464,-0.00953481,0.09559488,-0.07693663,0.44227085,-0.72520580,0.08093222,-0.06464283,0.38318471,-0.16245454
-0.23111556,2.75039396,-2.09576536,0.32789584,-0.13092020,1.59944604,-1.43105184,0.06355315,-0.00935247,0.09508446,-0.07855493,0.43292877,-0.70033465,0.07779866,-0.06261448,0.36952499,-0.16062966
-0.22511256,2.65059225,-2.11835671,0.31618008,-0.12811854,1.53417419,-1.47046164,0.06229786,-0.00913795,0.09470231,-0.08020271,0.42182750,-0.67316439,0.07442573,-0.06043563,0.35633700,-0.15853770
-0.21910955,2.54822077,-2.14353516,0.30489599,-0.12519827,1.46814135,-1.51336550,0.06081557,-0.00889832,0.09453488,-0.08188900,0.40919447,-0.64417875,0.07087195,-0.05814553,0.34393813,-0.15628123
-0.21310655,2.44530871,-2.17189890,0.29428719,-0.12223326,1.40255891,-1.55993139,0.05914670,-0.00864102,0.09466650,-0.08362128,0.39527046,-0.61389054,0.06719635,-0.05578501,0.33262261,-0.15397071
-0.20710355,2.34382752,-2.20397268,0.28457661,-0.11930275,1.33859000,-1.61024584,0.05733388,-0.00837363,0.09517637,-0.08540472,0.38030249,-0.58282878,0.06345686,-0.05339550,0.32265448,-0.15172146
-0.20110055,2.24563809,-2.24017379,0.27596056,-0.11648843,1.27731985,-1.66429221,0.05542057,-0.00810366,0.09613555,-0.08724170,0.36453705,-0.55152595,0.05970890,-0.05101803,0.31426109,-0.14965061
-0.19509755,2.15244110,-2.28078222,0.26860317,-0.11387143,1.21972806,-1.72193248,0.05344953,-0.00783833,0.09760403,-0.08913151,0.34821388,-0.52050569,0.05600406,-0.04869237,0.30762759,-0.14787410
-0.18909455,2.06573208,-2.32591675,0.26263157,-0.11152947,1.16666366,-1.78289368,0.05146155,-0.00758438,0.09962817,-0.09107042,0.33156055,-0.49027144,0.05238903,-0.04645615,0.30289241,-0.14650391
-0.18309155,1.98676305,-2.37551791,0.25813194,-0.10953434,1.11882390,-1.84675998,0.04949411,-0.00734794,0.10223846,-0.09305189,0.31478798,-0.46129633,0.04890470,-0.04434427,0.30014384,-0.14564551
-0.17708854,1.91651203,-2.42933898,0.25514660,-0.10794953,1.07673768,-1.91297085,0.04758039,-0.00713434,0.10544779,-0.09506715,0.29808693,-0.43401456,0.04558556,-0.04238826,0.29941800,-0.14539566
-0.17108554,1.85566168,-2.48694524,0.25367244,-0.10682843,1.04075413,-1.98082594,0.04574829,-0.00694808,0.10925039,-0.09710589,0.28162558,-0.40881439,0.04245931,-0.04061591,0.30069807,-0.14584055
-0.16508254,1.80458805,-2.54772169,0.25366055,-0.10621286,1.01103695,-2.04949638,0.04401989,-0.00679269,0.11362142,-0.09915719,0.26554817,-0.38603278,0.03954677,-0.03905100,0.30391502,-0.14705434
-0.15907954,1.76335968,-2.61088880,0.25501746,-0.10613212,0.98756489,-2.11804250,0.04241099,-0.00667078,0.11851739,-0.10121049,0.24997459,-0.36595175,0.03686194,-0.03771309,0.30894978,-0.14909795
-0.15307654,1.73174736,-2.67552544,0.25760783,-0.10660238,0.97013818,-2.18543715,0.04093099,-0.00658398,0.12387734,-0.10325651,0.23500089,-0.34879604,0.03441241,-0.03661749,0.31563682,-0.15201830
-0.14707354,1.70924408,-2.74059799,0.26125860,-0.10762667,0.95839107,-2.25059377,0.03958307,-0.00653295,0.12962479,-0.10528819,0.22070059,-0.33473229,0.03219985,-0.03577530,0.32376910,-0.15584761
-0.14107054,1.69509449,-2.80499395,0.26576457,-0.10919505,0.95180975,-2.31239816,0.03836450,-0.00651749,0.13567046,-0.10730131,0.20712662,-0.32386910,0.03022071,-0.03519346,0.33310424,-0.16060312
-0.13506753,1.68833260,-2.86755875,0.27089528,-0.11128533,0.94975521,-2.36974250,0.03726724,-0.00653651,0.14191566,-0.10929499,0.19431380,-0.31625806,0.02846710,-0.03487487,0.34337181,-0.16628674
-0.12906453,1.68782640,-2.92713373,0.27640283,-0.11386389,0.95149014,-2.42156013,0.03627873,-0.00658818,0.14825617,-0.11127180,0.18228165,-0.31189537,0.02692760,-0.03481853,0.35428135,-0.17288488
-0.12306153,1.69232747,-2.98259366,0.28203063,-0.11688683,0.95620876,-2.46685982,0.03538279,-0.00666993,0.15458650,-0.11323754,0.17103744,-0.31072379,0.02558833,-0.03501966,0.36553110,-0.18036835
-0.11705853,1.70052371,-3.03288215,0.28752252,-0.12030123,0.96306850,-2.50475774,0.03456059,-0.00677860,0.16080439,-0.11520068,0.16057938,-0.31263501,0.02443382,-0.03546982,0.37681696,-0.18869222
-0.11105553,1.71109301,-3.07704338,0.29263209,-0.12404655,0.97122232,-2.53450607,0.03379181,-0.00691046,0.16681527,-0.11717142,0.15089971,-0.31747208,0.02344804,-0.03615697,0.38784140,-0.19779578
-0.10505253,1.72275580,-3.11424898,0.29713173,-0.12805608,0.97985028,-2.55551684,0.03305563,-0.00706137,0.17253644,-0.11916052,0.14198771,-0.32503207,0.02261523,-0.03706561,0.39832214,-0.20760247
-0.09904952,1.73432437,-3.14381904,0.30082113,-0.13225839,0.98818932,-2.56738013,0.03233181,-0.00722677,0.17790096,-0.12117783,0.13383251,-0.33506893,0.02192068,-0.03817680,0.40800003,-0.21802002
-0.09304652,1.74474714,-3.16523676,0.30353481,-0.13657879,0.99555996,-2.56987602,0.03160163,-0.00740186,0.18286075,-0.12323072,0.12642559,-0.34729655,0.02135148,-0.03946828,0.41664617,-0.22894069
-0.08704352,1.75314620,-3.17815637,0.30514835,-0.14094080,1.00138900,-2.56297972,0.03084878,-0.00758161,0.18738907,-0.12532249,0.11976292,-0.36139233,0.02089698,-0.04091461,0.42406771,-0.24024180
-0.08104052,1.75884676,-3.18240458,0.30558324,-0.14526753,1.00522749,-2.54686002,0.03006005,-0.00776093,0.19148190,-0.12745081,0.11384677,-0.37700117,0.02054926,-0.04248727,0.43011238,-0.25178655
-0.07503752,1.76139774,-3.17797593,0.30480981,-0.14948308,1.00676322,-2.52187120,0.02922585,-0.00793468,0.19515844,-0.12960648,0.10868700,-0.39374025,0.02030334,-0.04415500,0.43467147,-0.26342532
-0.06903452,1.76058270,-3.16502275,0.30284854,-0.15351381,1.00582762,-2.48853899,0.02834063,-0.00809784,0.19846048,-0.13177233,0.10430207,-0.41120451,0.02015726,-0.04588404,0.43768128,-0.27499741
-0.06303152,1.75642130,-3.14384083,0.29976931,-0.15728968,1.00239675,-2.44754134,0.02740303,-0.00824556,0.20145073,-0.13392271,0.10071948,-0.42897298,0.02011208,-0.04763863,0.43912300,-0.28633327
-0.05702851,1.74916136,-3.11485176,0.29568892,-0.16074549,0.99658677,-2.39968517,0.02641589,-0.00837332,0.20421022,-0.13602334,0.09797585,-0.44661601,0.02017159,-0.04938150,0.43902113,-0.29725740
-0.05102551,1.73926238,-3.07858331,0.29076688,-0.16382208,0.98864419,-2.34587997,0.02538610,-0.00847698,0.20683479,-0.13803173,0.09611661,-0.46370331,0.02034208,-0.05107456,0.43744054,-0.30759162
-0.04502251,1.72737140,-3.03564892,0.28519966,-0.16646750,0.97893140,-2.28710992,0.02432424,-0.00855294,0.20943094,-0.13989810,0.09519530,-0.47981258,0.02063186,-0.05267961,0.43448241,-0.31715896
-0.03901951,1.71429261,-2.98672762,0.27921377,-0.16863820,0.96790851,-2.22440544,0.02324415,-0.00859822,0.21211114,-0.14156691,0.09527253,-0.49453870,0.02105076,-0.05415917,0.43027920,-0.32578786
-0.03301651,1.70095208,-2.93254529,0.27305780,-0.17030004,0.95611202,-2.15881566,0.02216236,-0.00861056,0.21498897,-0.14297871,0.09641469,-0.50750302,0.02160961,-0.05547737,0.42498899,-0.33331666
-0.02701351,1.68835933,-2.87385828,0.26699391,-0.17142937,0.94413170,-2.09138292,0.02109741,-0.00858853,0.21817413,-0.14407254,0.09869240,-0.51836259,0.02231961,-0.05660085,0.41878931,-0.33959820
-0.02101051,1.67756720,-2.81144002,0.26128913,-0.17201392,0.93258618,-2.02312025,0.02006917,-0.00853159,0.22176779,-0.14478845,0.10217881,-0.52681888,0.02319176,-0.05749966,0.41187088,-0.34450435
-0.01500750,1.66963171,-2.74607097,0.25620663,-0.17205367,0.92209869,-1.95499271,0.01909809,-0.00844014,0.22585827,-0.14507030,0.10694772,-0.53262565,0.02423634,-0.05814810,0.40443132,-0.34793037
-0.00900450,1.66557329,-2.67853237,0.25199755,-0.17156154,0.91327340,-1.88790321,0.01820445,-0.00831562,0.23051745,-0.14486847,0.11307170,-0.53559561,0.02546235,-0.05852548,0.39666914,-0.34979868
-0.00300150,1.66634075,-2.60960352,0.24889344,-0.17056400,0.90667350,-1.82268306,0.01740768,-0.00816044,0.23579795,-0.14414253,0.12062006,-0.53560566,0.02687713,-0.05861680,0.38877813,-0.35006220
0.00300150,1.67277898,-2.54006257,0.24709971,-0.16910148,0.90280151,-1.76008754,0.01672570,-0.00797808,0.24173118,-0.14286359,0.12965691,-0.53260024,0.02848598,-0.05841323,0.38094228,-0.34870684
0.00900450,1.68560125,-2.47069024,0.24679019,-0.16722864,0.90208238,-1.70079616,0.01617427,-0.00777297,0.24832640,-0.14101633,0.14023921,-0.52659287,0.03029194,-0.05791244,0.37333134,-0.34575306
0.01500750,1.70536681,-2.40227599,0.24810295,-0.16501442,0.90484991,-1.64541734,0.01576654,-0.00755052,0.25557076,-0.13860049,0.15241483,-0.51766559,0.03229560,-0.05711875,0.36609708,-0.34125659
0.02101051,1.73246400,-2.33562581,0.25113747,-0.16254194,0.91133662,-1.59449689,0.01551257,-0.00731698,0.26343017,-0.13563189,0.16622068,-0.50596638,0.03449507,-0.05604308,0.35937020,-0.33530806
0.02701351,1.76709914,-2.27157086,0.25595308,-0.15990811,0.92166723,-1.54852950,0.01541903,-0.00707939,0.27185106,-0.13214277,0.18168087,-0.49170465,0.03688597,-0.05470271,0.35325803,-0.32803159
0.03301651,1.80929117,-2.21097603,0.26256868,-0.15722307,0.93585587,-1.50797226,0.01548896,-0.00684546,0.28076279,-0.12818160,0.19880491,-0.47514497,0.03946158,-0.05312087,0.34784293,-0.31958253
0.03901951,1.85887163,-2.15474744,0.27096361,-0.15460938,0.95380675,-1.47325924,0.01572166,-0.00662345,0.29008054,-0.12381225,0.21758595,-0.45659928,0.04221298,-0.05132607,0.34318131,-0.31014422
0.04502251,1.91548993,-2.10383788,0.28107958,-0.15220081,0.97531821,-1.44481586,0.01611266,-0.00642197,0.29970850,-0.11911258,0.23799906,-0.43641792,0.04512918,-0.04935146,0.33930344,-0.29992409
0.05102551,1.97862312,-2.05924944,0.29282332,-0.15014106,1.00008983,-1.42307198,0.01665386,-0.00624989,0.30954318,-0.11417262,0.25999952,-0.41497977,0.04819742,-0.04723387,0.33621381,-0.28914902
0.05702851,2.04758981,-2.02203216,0.30607003,-0.14858191,1.02773233,-1.40847257,0.01733367,-0.00611617,0.31947667,-0.10909224,0.28352117,-0.39268197,0.05140330,-0.04501293,0.33389217,-0.27806038
0.06303152,2.12156765,-1.99327820,0.32066713,-0.14768124,1.05777970,-1.40148484,0.01813736,-0.00602960,0.32939959,-0.10397860,0.30847492,-0.36992949,0.05473094,-0.04273002,0.33229515,-0.26690866
0.06903452,2.19961362,-1.97411072,0.33643843,-0.14760049,1.08970335,-1.40260094,0.01904745,-0.00599874,0.33920368,-0.09894330,0.33474724,-0.34712494,0.05816315,-0.04042727,0.33135846,-0.25594799
0.07503752,2.28068661,-1.96566709,0.35318821,-0.14850190,1.12292760,-1.41233544,0.02004418,-0.00603165,0.34878392,-0.09409950,0.36219905,-0.32465896,0.06168150,-0.03814653,0.33099969,-0.24543068
0.08104052,2.36367165,-1.96907616,0.37070543,-0.15054524,1.15684628,-1.43121709,0.02110613,-0.00613571,0.35804009,-0.08955890,0.39066477,-0.30290139,0.06526632,-0.03592837,0.33112156,-0.23560180
0.08704352,2.44740523,-1.98542967,0.38876756,-0.15388421,1.19083972,-1.45977469,0.02221083,-0.00631748,0.36687778,-0.08542897,0.41995182,-0.28219354,0.06889667,-0.03381117,0.33161570,-0.22669407
0.09304652,2.53070109,-2.01574813,0.40714428,-0.15866250,1.22429186,-1.49851695,0.02333548,-0.00658249,0.37520889,-0.08181013,0.44984064,-0.26284161,0.07255033,-0.03183029,0.33236683,-0.21892299
0.09904952,2.61237615,-2.06094190,0.42560082,-0.16500945,1.25660692,-1.54790703,0.02445775,-0.00693504,0.38295173,-0.07879335,0.48008542,-0.24511137,0.07620367,-0.03001730,0.33325725,-0.21248239
0.10505253,2.69127596,-2.12176850,0.44390090,-0.17303567,1.28722535,-1.60833230,0.02555653,-0.00737812,0.39003076,-0.07645784,0.51041553,-0.22922428,0.07983159,-0.02839936,0.33417160,-0.20754039
0.11105553,2.76629943,-2.19878757,0.46180949,-0.18282835,1.31563850,-1.68007073,0.02661280,-0.00791319,0.39637612,-0.07486921,0.54053788,-0.21535484,0.08340749,-0.02699871,0.33500170,-0.20423581
0.11705853,2.83642244,-2.29231537,0.47909523,-0.19444678,1.34140198,-1.76325515,0.02761039,-0.00854011,0.40192317,-0.07407787,0.57014030,-0.20362928,0.08690325,-0.02583228,0.33565150,-0.20267513
0.12306153,2.90072010,-2.40238077,0.49553268,-0.20791796,1.36414718,-1.85783728,0.02853680,-0.00925708,0.40661211,-0.07411783,0.59889594,-0.19412548,0.09028938,-0.02491145,0.33604169,-0.20292994
0.12906453,2.95838739,-2.52868501,0.51090456,-0.22323271,1.38359095,-1.96355357,0.02938392,-0.01006053,0.41038772,-0.07500594,0.62646872,-0.18687399,0.09353520,-0.02424189,0.33611424,-0.20503501
0.13506753,3.00875793,-2.67056787,0.52500395,-0.24034229,1.39954323,-2.07989484,0.03014870,-0.01094520,0.41319955,-0.07674142,0.65251984,-0.18186010,0.09660922,-0.02382360,0.33583628,-0.20898703
0.14107054,3.05132064,-2.82698242,0.53763657,-0.25915593,1.41191249,-2.20608196,0.03083369,-0.01190415,0.41500240,-0.07930585,0.67671519,-0.17902680,0.09947962,-0.02365104,0.33520352,-0.21474397
0.14707354,3.08573411,-2.99648074,0.54862330,-0.27953937,1.42070911,-2.34104951,0.03144750,-0.01292889,0.41575722,-0.08266357,0.69873349,-0.17827853,0.10211492,-0.02371336,0.33424286,-0.22222520
0.15307654,3.11183822,-3.17721264,0.55780280,-0.30131462,1.42604647,-2.48343938,0.03200504,-0.01400954,0.41543238,-0.08676238,0.71827501,-0.17948557,0.10448476,-0.02399481,0.33301404,-0.23131251
0.15907954,3.12966282,-3.36693883,0.56503444,-0.32426107,1.42813989,-2.63160542,0.03252767,-0.01513502,0.41400530,-0.09153469,0.73507045,-0.18248906,0.10656077,-0.02447520,0.33161034,-0.24185183
0.16508254,3.13943291,-3.56305944,0.57020122,-0.34811806,1.42730334,-2.78363048,0.03304305,-0.01629335,0.41146423,-0.09689903,0.74888978,-0.18710629,0.10831761,-0.02513049,0.33015816,-0.25365594
0.17108554,3.14157001,-3.76265818,0.57321288,-0.37258905,1.42394400,-2.93735579,0.03358491,-0.01747196,0.40781015,-0.10276179,0.75955047,-0.19313638,0.10973393,-0.02593345,0.32881525,-0.26650807
0.17708854,3.13668900,-3.96256161,0.57400884,-0.39734710,1.41855457,-3.09042275,0.03419245,-0.01865800,0.40305858,-0.10901936,0.76692493,-0.20036603,0.11079342,-0.02685444,0.32776785,-0.28016627
0.18309155,3.12559014,-4.15941194,0.57256093,-0.42204186,1.41170334,-3.24032585,0.03490963,-0.01983870,0.39724115,-0.11556050,0.77094663,-0.20857528,0.11148569,-0.02786213,0.32722642,-0.29436865
0.18909455,3.10924565,-4.34975134,0.56887560,-0.44630766,1.40402206,-3.38447532,0.03578415,-0.02100173,0.39040671,-0.12226880,0.77161448,-0.21754309,0.11180711,-0.02892441,0.32742016,-0.30883936
0.19509755,3.08878055,-4.53011467,0.56299562,-0.46977252,1.39619153,-3.52026717,0.03686623,-0.02213556,0.38262196,-0.12902541,0.76899533,-0.22705264,0.11176136,-0.03000916,0.32859030,-0.32329496
0.20110055,3.06544759,-4.69712722,0.55500075,-0.49206782,1.38892502,-3.64515780,0.03820717,-0.02322972,0.37397132,-0.13571171,0.76322415,-0.23689605,0.11135980,-0.03108510,0.33098240,-0.33745133
0.20710355,3.04059612,-4.84760331,0.54500760,-0.51283815,1.38294958,-3.75674024,0.03985772,-0.02427509,0.36455605,-0.14221199,0.75450187,-0.24687859,0.11062154,-0.03212257,0.33483762,-0.35103059
0.21310655,3.01563540,-4.97864168,0.53316814,-0.53175103,1.37898558,-3.85281854,0.04186632,-0.02526407,0.35449263,-0.14841601,0.74309072,-0.25682211,0.10957315,-0.03309422,0.34038342,-0.36376794
0.21910955,2.99199283,-5.08771337,0.51966719,-0.54850609,1.37772461,-3.93147703,0.04427714,-0.02619070,0.34391022,-0.15422135,0.72930725,-0.26656754,0.10824808,-0.03397563,0.34782380,-0.37541823
0.22511256,2.97106808,-5.17273829,0.50471854,-0.56284330,1.37980645,-3.99114137,0.04712820,-0.02705067,0.33294756,-0.15953552,0.71351317,-0.27597658,0.10668577,-0.03474583,0.35732947,-0.38576181
0.23111556,2.95418455,-5.23214693,0.48855993,-0.57454994,1.38579549,-4.03062850,0.05044934,-0.02784129,0.32174911,-0.16427771,0.69610422,-0.28493237,0.10493041,-0.03538772,0.36902829,-0.39460963
0.23711856,2.94253973,-5.26492461,0.47144709,-0.58346594,1.39615759,-4.04918333,0.05426037,-0.02856134,0.31046086,-0.16838008,0.67749768,-0.29333925,0.10302948,-0.03588825,0.38299643,-0.40180727
0.24312156,2.93715644,-5.27063636,0.45364684,-0.58948756,1.41123809,-4.04650050,0.05856933,-0.02921083,0.29922584,-0.17178877,0.65811884,-0.30112167,0.10103213,-0.03623857,0.39925062,-0.40723786
0.24912456,2.93883721,-5.24943157,0.43542969,-0.59256906,1.43124205,-4.02273053,0.06337100,-0.02979076,0.28817958,-0.17446430,0.63838710,-0.30822236,0.09898736,-0.03643400,0.41774190,-0.41082366
0.25512756,2.94812385,-5.20202865,0.41706223,-0.59272249,1.45621773,-3.97847016,0.06864566,-0.03030282,0.27744581,-0.17638165,0.61870219,-0.31459986,0.09694223,-0.03647388,0.43835126,-0.41252641
0.26113057,2.96526465,-5.12968077,0.39879947,-0.59001564,1.48604424,-3.91473775,0.07435836,-0.03074900,0.26713256,-0.17752988,0.59943123,-0.32022577,0.09494013,-0.03636127,0.46088756,-0.41234636
0.26713357,2.99019103,-5.03412479,0.38087781,-0.58456826,1.52042447,-3.83293516,0.08045849,-0.03113134,0.25732888,-0.17791137,0.58089706,-0.32508168,0.09301915,-0.03610262,0.48508794,-0.41032026
0.27313657,3.02250556,-4.91751625,0.36350855,-0.57654679,1.55888378,-3.73479819,0.08688004,-0.03145159,0.24810235,-0.17754080,0.56336852,-0.32915630,0.09121070,-0.03570729,0.51062092,-0.40651821
0.27913957,3.06148240,-4.78235377,0.34687262,-0.56615797,1.60077532,-3.62233815,0.09354224,-0.03171100,0.23949750,-0.17644383,0.54705289,-0.33244278,0.08953842,-0.03518713,0.53709219,-0.40103981
0.28514257,3.10608096,-4.63139659,0.33111647,-0.55364154,1.64529202,-3.49777737,0.10035090,-0.03191013,0.23153527,-0.17465572,0.53209099,-0.33493647,0.08801743,-0.03455591,0.56405325,-0.39400968
0.29114557,3.15497277,-4.46757922,0.31634947,-0.53926247,1.69148522,-3.36348164,0.10720025,-0.03204882,0.22421341,-0.17221977,0.51855498,-0.33663339,0.08665396,-0.03382890,0.59101229,-0.38557271
0.29714857,3.20658088,-4.29392675,0.30264279,-0.52330307,1.73828963,-3.22189249,0.11397532,-0.03212615,0.21750795,-0.16918586,0.50644900,-0.33752938,0.08544543,-0.03302236,0.61744749,-0.37588913
0.30315158,3.25913044,-4.11347441,0.29002987,-0.50605527,1.78455376,-3.07546200,0.12055483,-0.03214064,0.21137550,-0.16560900,0.49571257,-0.33762001,0.08438083,-0.03215316,0.64282177,-0.36512987
0.30915458,3.31070843,-3.92919412,0.27850828,-0.48781332,1.82907467,-2.92659250,0.12681438,-0.03209037,0.20575629,-0.16154803,0.48622643,-0.33690136,0.08344153,-0.03123842,0.66659883,-0.35347213
0.31515758,3.35933000,-3.74393046,0.26804291,-0.46886729,1.87063585,-2.77758301,0.13263000,-0.03197338,0.20057785,-0.15706452,0.47782065,-0.33537143,0.08260242,-0.03029523,0.68825961,-0.34109552
0.32116058,3.40300840,-3.56034745,0.25857028,-0.44949738,1.90804634,-2.63058393,0.13788177,-0.03178794,0.19575900,-0.15222179,0.47028441,-0.33303210,0.08183322,-0.02934048,0.70731848,-0.32817888
0.32716358,3.43982546,-3.38088715,0.25000358,-0.42996925,1.94017966,-2.48756067,0.14245755,-0.03153303,0.19121397,-0.14708417,0.46337709,-0.32989160,0.08110010,-0.02839069,0.72333860,-0.31489762
0.33316658,3.46799910,-3.20774014,0.24223837,-0.41053037,1.96601063,-2.35026663,0.14625641,-0.03120869,0.18685654,-0.14171648,0.45684017,-0.32596710,0.08036722,-0.02746196,0.73594559,-0.30142194
0.33916958,3.48594505,-3.04282741,0.23515837,-0.39140745,1.98464839,-2.22022547,0.14919190,-0.03081648,0.18260383,-0.13618355,0.45040916,-0.32128725,0.07959850,-0.02656996,0.74483899,-0.28791555
0.34517259,3.49232975,-2.88779281,0.22864128,-0.37280474,1.99536425,-2.09872193,0.15119480,-0.03035980,0.17837963,-0.13055000,0.44382531,-0.31589456,0.07875912,-0.02572991,0.74980106,-0.27453504
0.35117559,3.48611238,-2.74400454,0.22256423,-0.35490332,1.99761315,-1.98680057,0.15221534,-0.02984423,0.17411721,-0.12487999,0.43684649,-0.30984721,0.07781700,-0.02495661,0.75070240,-0.26142968
0.35717859,3.46657419,-2.61256420,0.21680867,-0.33786105,1.99104771,-1.88527113,0.15222480,-0.02927769,0.16976137,-0.11923704,0.42925671,-0.30322031,0.07674409,-0.02426449,0.74750437,-0.24874161
0.36318159,3.43333433,-2.49432166,0.21126453,-0.32181317,1.97552463,-1.79471952,0.15121631,-0.02867057,0.16526976,-0.11368387,0.42087416,-0.29610633,0.07551731,-0.02366757,0.74025809,-0.23660613
0.36918459,3.38635198,-2.38989400,0.20583354,-0.30687338,1.95110324,-1.71552304,0.14920498,-0.02803573,0.16061347,-0.10828213,0.41155740,-0.28861475,0.07411931,-0.02317949,0.72910032,-0.22515212
0.37518759,3.32591535,-2.29968702,0.20043162,-0.29313526,1.91803661,-1.64786876,0.14622717,-0.02738835,0.15577691,-0.10309207,0.40120951,-0.28087070,0.07253892,-0.02281338,0.71424638,-0.21450234
0.38119060,3.25261878,-2.22391776,0.19499035,-0.28067389,1.87675602,-1.59177378,0.14233917,-0.02674569,0.15075702,-0.09817210,0.38978035,-0.27301296,0.07077123,-0.02258179,0.69598065,-0.20477357
0.38719360,3.16732990,-2.16263707,0.18945766,-0.26954759,1.82784976,-1.54710656,0.13761510,-0.02612674,0.14556205,-0.09357826,0.37726674,-0.26519100,0.06881757,-0.02249650,0.67464508,-0.19607643
0.39319660,3.07114894,-2.11575100,0.18379761,-0.25979972,1.77203772,-1.51360841,0.13214436,-0.02555176,0.14020988,-0.08936353,0.36371099,-0.25756155,0.06668505,-0.02256835,0.65062652,-0.18851493
0.39919960,2.96536283,-2.08304058,0.17798972,-0.25146036,1.71014304,-1.49091430,0.12602860,-0.02504179,0.13472617,-0.08557711,0.34919774,-0.25028466,0.06438606,-0.02280693,0.62434324,-0.18218560
0.40520260,2.85139671,-2.06417941,0.17202764,-0.24454794,1.64306256,-1.47857273,0.11937844,-0.02461805,0.12914244,-0.08226353,0.33384953,-0.24351949,0.06193758,-0.02322036,0.59623157,-0.17717625
0.41120560,2.73076535,-2.05874884,0.16591759,-0.23907071,1.57173732,-1.47606393,0.11230996,-0.02430136,0.12349413,-0.07946182,0.31782146,-0.23742008,0.05936031,-0.02381501,0.56673312,-0.17356443
0.41720860,2.60502678,-2.06625063,0.15967659,-0.23502801,1.49712464,-1.48281628,0.10494136,-0.02411152,0.11781889,-0.07720461,0.30129502,-0.23213124,0.05667787,-0.02459516,0.53628307,-0.17141562
0.42321161,2.47574021,-2.08611723,0.15333059,-0.23241130,1.42017278,-1.49822069,0.09738953,-0.02406675,0.11215520,-0.07551731,0.28447174,-0.22778474,0.05391595,-0.02556283,0.50530008,-0.17078113
0.42921461,2.34442957,-2.11771977,0.14691269,-0.23120503,1.34179924,-1.52164271,0.08976713,-0.02418313,0.10654122,-0.07441736,0.26756667,-0.22449606,0.05110146,-0.02671745,0.47417799,-0.17169600
0.43521761,2.21255380,-2.16037403,0.14046156,-0.23138723,1.26287303,-1.55243248,0.08217984,-0.02447416,0.10101409,-0.07391360,0.25080215,-0.22236166,0.04826183,-0.02805578,0.44327966,-0.17417683
0.44122061,2.08148439,-2.21334477,0.13401992,-0.23292980,1.18420153,-1.58993245,0.07472415,-0.02495029,0.09560962,-0.07400584,0.23440195,-0.22145698,0.04542434,-0.02957178,0.41293277,-0.17821975
0.44722361,1.95249006,-2.27584865,0.12763338,-0.23579869,1.10652170,-1.63348295,0.06748564,-0.02561868,0.09036227,-0.07468465,0.21858609,-0.22183522,0.04261558,-0.03125655,0.38342774,-0.18379861
0.45322661,1.82672835,-2.34705627,0.12134947,-0.23995370,1.03049555,-1.68242580,0.06053778,-0.02648293,0.08530557,-0.07593134,0.20356629,-0.22352683,0.03986106,-0.03309845,0.35501744,-0.19086362
0.45922961,1.70524308,-2.42609369,0.11521688,-0.24534819,0.95670942,-1.73610624,0.05394125,-0.02754298,0.08047265,-0.07771825,0.18954226,-0.22653971,0.03718491,-0.03508321,0.32791854,-0.19934037
0.46523262,1.58896690,-2.51204393,0.10928488,-0.25192860,0.88567633,-1.79387342,0.04774374,-0.02879507,0.07589704,-0.08000928,0.17669872,-0.23086010,0.03460966,-0.03719419,0.30231420,-0.20912946
0.47123562,1.47872767,-2.60394878,0.10360292,-0.25963383,0.81784092,-1.85507983,0.04198026,-0.03023183,0.07161352,-0.08276072,0.16520318,-0.23645398,0.03215617,-0.03941267,0.27835770,-0.22010689
0.47723862,1.37525731,-2.70081146,0.09822037,-0.26839462,0.75358610,-1.91908009,0.03667379,-0.03184244,0.06765897,-0.08592228,0.15520441,-0.24326898,0.02984359,-0.04171825,0.25617670,-0.23212511
0.48324162,1.27920215,-2.80160047,0.09318621,-0.27813294,0.69324063,-1.98522956,0.03183632,-0.03361286,0.06407317,-0.08943842,0.14683149,-0.25123650,0.02768940,-0.04408929,0.23587792,-0.24501487
0.48924462,1.19113359,-2.90525481,0.08854895,-0.28876144,0.63708717,-2.05288307,0.02747008,-0.03552615,0.06089942,-0.09324980,0.14019327,-0.26027407,0.02570947,-0.04650335,0.21755177,-0.25858786
0.49524762,1.11155817,-3.01069098,0.08435636,-0.30018312,0.58537000,-2.12139432,0.02356899,-0.03756282,0.05818495,-0.09729494,0.13537827,-0.27028770,0.02391816,-0.04893770,0.20127683,-0.27264014
0.50125063,1.04092645,-3.11681163,0.08065540,-0.31229122,0.53830205,-2.19011611,0.02012019,-0.03970126,0.05598105,-0.10151186,0.13245483,-0.28117410,0.02232842,-0.05136976,0.18712387,-0.28695616
0.50725363,0.97964013,-3.22251588,0.07749202,-0.32496936,0.49607086,-2.25840181,0.01710563,-0.04191816,0.05434298,-0.10583983,0.13147134,-0.29282272,0.02095183,-0.05377757,0.17515940,-0.30131352
0.51325663,0.92805726,-3.32671113,0.07491102,-0.33809207,0.45884330,-2.32560804,0.01450357,-0.04418895,0.05332943,-0.11022100,0.13245662,-0.30511741,0.01979870,-0.05614014,0.16544850,-0.31548798
0.51925963,0.88649532,-3.42832589,0.07295594,-0.35152563,0.42676879,-2.39109864,0.01229009,-0.04648830,0.05300180,-0.11460189,0.13542036,-0.31793779,0.01887805,-0.05843777,0.15805703,-0.32925886
0.52526263,0.85523243,-3.52632328,0.07166892,-0.36512928,0.39998118,-2.45424988,0.01044037,-0.04879051,0.05342302,-0.11893467,0.14035346,-0.33116005,0.01819765,-0.06065228,0.15305299,-0.34241447
0.53126563,0.83450675,-3.61971462,0.07109057,-0.37875676,0.37859922,-2.51445660,0.00892987,-0.05106997,0.05465615,-0.12317818,0.14722846,-0.34465750,0.01776398,-0.06276717,0.15050731,-0.35475735
0.53726863,0.82451430,-3.70757243,0.07125999,-0.39225814,0.36272580,-2.57113901,0.00773536,-0.05330155,0.05676266,-0.12729862,0.15599987,-0.35830065,0.01758211,-0.06476764,0.15049387,-0.36610923
0.54327164,0.82540565,-3.78904241,0.07221457,-0.40548194,0.35244611,-2.62374984,0.00683567,-0.05546097,0.05980053,-0.13126986,0.16660463,-0.37195701,0.01765569,-0.06664060,0.15308882,-0.37631531
0.54927464,0.83728156,-3.86335378,0.07398996,-0.41827742,0.34782494,-2.67178144,0.00621233,-0.05752510,0.06382202,-0.13507339,0.17896248,-0.38549077,0.01798675,-0.06837451,0.15836936,-0.38524791
0.55527764,0.86018800,-3.92982762,0.07661989,-0.43049695,0.34890322,-2.71477246,0.00584990,-0.05947230,0.06887149,-0.13869787,0.19297657,-0.39876236,0.01857565,-0.06995926,0.16641182,-0.39280912
0.56128064,0.89411065,-3.98788294,0.08013584,-0.44199860,0.35569417,-2.75231378,0.00573625,-0.06128264,0.07498296,-0.14213835,0.20853406,-0.41162821,0.01942088,-0.07138599,0.17728927,-0.39893246
0.56728364,0.93896913,-4.03704047,0.08456667,-0.45264855,0.36817907,-2.78405356,0.00586250,-0.06293810,0.08217787,-0.14539521,0.22550691,-0.42394067,0.02051898,-0.07264684,0.19106851,-0.40358350
0.57328664,0.99461109,-4.07692424,0.08993796,-0.46232362,0.38630302,-2.80970115,0.00622286,-0.06442284,0.09046277,-0.14847283,0.24375289,-0.43554849,0.02186435,-0.07373480,0.20780660,-0.40675938
0.57928964,1.06080633,-4.10726116,0.09627109,-0.47091363,0.40997069,-2.82902993,0.00681430,-0.06572327,0.09982735,-0.15137813,0.26311670,-0.44629771,0.02344919,-0.07464357,0.22754696,-0.40848729
0.58529265,1.13724101,-4.12787924,0.10358211,-0.47832363,0.43904249,-2.84187906,0.00763607,-0.06682826,0.11024265,-0.15411909,0.28343127,-0.45603331,0.02526337,-0.07536747,0.25031507,-0.40882210
0.59129565,1.22351223,-4.13870472,0.11188028,-0.48447598,0.47333112,-2.84815440,0.00868904,-0.06772926,0.12165980,-0.15670327,0.30451924,-0.46460149,0.02729437,-0.07590138,0.27611389,-0.40784313
0.59729865,1.31912316,-4.13975877,0.12116632,-0.48931228,0.51259879,-2.84782866,0.00997499,-0.06842040,0.13400918,-0.15913653,0.32619459,-0.47185268,0.02952724,-0.07624092,0.30491908,-0.40565040
0.60330165,1.42347890,-4.13115437,0.13143045,-0.49279495,0.55655531,-2.84094120,0.01149575,-0.06889857,0.14720026,-0.16142201,0.34826429,-0.47764517,0.03194455,-0.07638250,0.33667430,-0.40236047
0.60930465,1.53588363,-4.11309358,0.14265030,-0.49490864,0.60485728,-2.82759744,0.01325238,-0.06916355,0.16112212,-0.16355931,0.37053010,-0.48184928,0.03452649,-0.07632362,0.37128658,-0.39810208
0.61530765,1.65553923,-4.08586566,0.15478873,-0.49566126,0.65710842,-2.80796823,0.01524420,-0.06921803,0.17564480,-0.16554421,0.39279042,-0.48435183,0.03725089,-0.07606316,0.40862217,-0.39301191
0.62131066,1.78154602,-4.04984603,0.16779170,-0.49508464,0.71286136,-2.78228925,0.01746790,-0.06906764,0.19062140,-0.16736870,0.41484207,-0.48506079,0.04009334,-0.07560175,0.44850301,-0.38723041
0.62731366,1.91290593,-4.00549601,0.18158653,-0.49323472,0.77162099,-2.75086024,0.01991665,-0.06872093,0.20589114,-0.16902141,0.43648216,-0.48390977,0.04302740,-0.07494209,0.49070405,-0.38089817
0.63331666,2.04852876,-3.95336289,0.19608037,-0.49019126,0.83284945,-2.71404420,0.02257936,-0.06818931,0.22128320,-0.17048848,0.45750993,-0.48086209,0.04602481,-0.07408935,0.53495185,-0.37415262
0.63931966,2.18724178,-3.89408004,0.21115942,-0.48605692,0.89597284,-2.67226609,0.02543998,-0.06748689,0.23662135,-0.17175474,0.47772861,-0.47591428,0.04905576,-0.07305149,0.58092443,-0.36712542
0.64532266,2.32780310,-3.82836612,0.22668882,-0.48095575,0.96038962,-2.62601094,0.02847699,-0.06663030,0.25172925,-0.17280514,0.49694727,-0.46909852,0.05208931,-0.07183948,0.62825282,-0.35994030
0.65132566,2.46891883,-3.75702296,0.24251342,-0.47503097,1.02548068,-2.57582088,0.03166312,-0.06563838,0.26643634,-0.17362637,0.51498275,-0.46048407,0.05509375,-0.07046748,0.67652428,-0.35271157
0.65732866,2.60926415,-3.68093120,0.25845955,-0.46844207,1.09062076,-2.52229080,0.03496526,-0.06453184,0.28058399,-0.17420851,0.53166163,-0.45017742,0.05803711,-0.06895286,0.72528744,-0.34554308
0.66333167,2.74750785,-3.60104319,0.27433787,-0.46136122,1.15519109,-2.46606241,0.03834461,-0.06333273,0.29403183,-0.17454663,0.54682227,-0.43832097,0.06088773,-0.06731615,0.77405906,-0.33852763
0.66933467,2.88233986,-3.51837257,0.28994712,-0.45396909,1.21859281,-2.40781627,0.04175714,-0.06206401,0.30666393,-0.17464230,0.56031693,-0.42509044,0.06361482,-0.06558075,0.82233266,-0.33174669
0.67533767,3.01250097,-3.43398040,0.30507897,-0.44645011,1.28026073,-2.34826194,0.04515432,-0.06074887,0.31839455,-0.17450468,0.57201393,-0.41069088,0.06618917,-0.06377264,0.86958845,-0.32527038
0.68134067,3.13681359,-3.34895778,0.31952354,-0.43898739,1.33967682,-2.28812606,0.04848399,-0.05941012,0.32917317,-0.17415145,0.58179988,-0.39535160,0.06858375,-0.06191984,0.91530451,-0.31915755
0.68734367,3.25421242,-3.26440530,0.33307563,-0.43175739,1.39638303,-2.22813880,0.05169168,-0.05806955,0.33898855,-0.17360915,0.58958184,-0.37931995,0.07077445,-0.06005186,0.95896866,-0.31345595
0.69334667,3.36377335,-3.18140996,0.34554119,-0.42492462,1.44999266,-2.16901881,0.05472189,-0.05674724,0.34787150,-0.17291315,0.59528936,-0.36285459,0.07274070,-0.05819903,1.00009060,-0.30820231
0.69934967,3.46473942,-3.10102037,0.35674387,-0.41863657,1.50019971,-2.11145743,0.05751966,-0.05546093,0.35589615,-0.17210714,0.59887632,-0.34621813,0.07446611,-0.05639176,1.03821383,-0.30342252
0.70535268,3.55654199,-3.02422132,0.36653126,-0.41301904,1.54678579,-2.05610270,0.06003224,-0.05422551,0.36317956,-0.17124212,0.60032248,-0.32966980,0.07593898,-0.05465983,1.07292677,-0.29913156
0.71135568,3.63881609,-2.95190896,0.37478047,-0.40817222,1.58962396,-2.00354389,0.06221062,-0.05305248,0.36987954,-0.17037498,0.59963458,-0.31345826,0.07715274,-0.05303164,1.10387263,-0.29533365
0.71735868,3.71140850,-2.88486774,0.38140275,-0.40416763,1.62867923,-1.95429736,0.06401123,-0.05194970,0.37619056,-0.16956673,0.59684683,-0.29781488,0.07810623,-0.05153354,1.13075753,-0.29202223
0.72336168,3.77437803,-2.82375043,0.38634685,-0.40104608,1.66400560,-1.90879444,0.06539728,-0.05092110,0.38233798,-0.16888040,0.59202088,-0.28294781,0.07880377,-0.05018919,1.15335649,-0.28918009
0.72936468,3.82798735,-2.76906226,0.38960092,-0.39881682,1.69573952,-1.86737205,0.06634013,-0.04996666,0.38857046,-0.16837876,0.58524500,-0.26903701,0.07925514,-0.04901901,1.17151716,-0.28677972
0.73536768,3.87268658,-2.72114996,0.39119279,-0.39745791,1.72409000,-1.83026641,0.06682019,-0.04908255,0.39515107,-0.16812196,0.57663253,-0.25623038,0.07947525,-0.04803978,1.18516100,-0.28478378
0.74137069,3.90908907,-2.68019636,0.39118853,-0.39691775,1.74932581,-1.79761040,0.06682770,-0.04826138,0.40234716,-0.16816516,0.56631959,-0.24464114,0.07948364,-0.04726430,1.19428197,-0.28314589
0.74737369,3.93794040,-2.64622074,0.38968940,-0.39711782,1.77176031,-1.76943444,0.06636304,-0.04749261,0.41041947,-0.16855622,0.55446215,-0.23434642,0.07930380,-0.04670115,1.19894300,-0.28181175
0.75337669,3.96008216,-2.61908492,0.38682728,-0.39795631,1.79173456,-1.74567100,0.06543674,-0.04676311,0.41961101,-0.16933371,0.54123241,-0.22538707,0.07896226,-0.04635464,1.19927034,-0.28072055
0.75937969,3.97641210,-2.59850453,0.38275875,-0.39931265,1.80959971,-1.72616233,0.06406915,-0.04605785,0.43013597,-0.17052505,0.52681477,-0.21776871,0.07848755,-0.04622475,1.19544627,-0.27980672
0.76538269,3.98784294,-2.58406492,0.37765828,-0.40105254,1.82569948,-1.71067096,0.06228968,-0.04536056,0.44216942,-0.17214509,0.51140151,-0.21146364,0.07790905,-0.04630729,1.18770065,-0.27900196
0.77138569,3.99526198,-2.57524054,0.37171066,-0.40303329,1.84035375,-1.69889228,0.06013587,-0.04465455,0.45583812,-0.17419509,0.49518828,-0.20641373,0.07725578,-0.04659401,1.17630171,-0.27823745
0.77738869,3.99949356,-2.57141686,0.36510331,-0.40510919,1.85384411,-1.69046849,0.05765204,-0.04392347,0.47121297,-0.17666209,0.47836976,-0.20253399,0.07655513,-0.04707287,1.16154672,-0.27744623
0.78339170,4.00126665,-2.57191345,0.35801867,-0.40713665,1.86640215,-1.68500314,0.05488789,-0.04315198,0.48830352,-0.17951879,0.46113542,-0.19971660,0.07583176,-0.04772828,1.14375284,-0.27656562
0.78939470,4.00118896,-2.57600716,0.35062721,-0.40897884,1.87820118,-1.68207538,0.05189685,-0.04232649,0.50705485,-0.18272381,0.44366590,-0.19783531,0.07510647,-0.04854146,1.12324879,-0.27553949
0.79539770,3.99972925,-2.58295420,0.34308129,-0.41050960,1.88935181,-1.68125339,0.04873448,-0.04143566,0.52734704,-0.18622250,0.42612976,-0.19674996,0.07439539,-0.04949078,1.10036741,-0.27432045
0.80140070,3.99720833,-2.59201012,0.33551035,-0.41161656,1.89990145,-1.68210614,0.04545674,-0.04047084,0.54899726,-0.18994805,0.40868102,-0.19631104,0.07370930,-0.05055207,1.07543955,-0.27287171
0.80740370,3.99379906,-2.60244715,0.32801738,-0.41220330,1.90983782,-1.68421329,0.04211848,-0.03942639,0.57176465,-0.19382306,0.39145735,-0.19636407,0.07305323,-0.05169907,1.04878918,-0.27116865
0.81340670,3.98953510,-2.61356823,0.32067711,-0.41219043,1.91909601,-1.68717281,0.03877199,-0.03829982,0.59535751,-0.19776142,0.37457900,-0.19675377,0.07242636,-0.05290376,1.02072996,-0.26919986
0.81940970,3.98432735,-2.62471772,0.31353566,-0.41151589,1.92756859,-1.69060637,0.03546572,-0.03709178,0.61944275,-0.20167043,0.35814839,-0.19732789,0.07182222,-0.05413684,0.99156280,-0.26696792
0.82541271,3.97798671,-2.63528880,0.30661179,-0.41013420,1.93511801,-1.69416250,0.03224327,-0.03580597,0.64365713,-0.20545318,0.34225037,-0.19794066,0.07122918,-0.05536810,0.96157467,-0.26448956
0.83141571,3.97025146,-2.64472794,0.29989957,-0.40801514,1.94159027,-1.69751799,0.02914264,-0.03444887,0.66761959,-0.20901102,0.32695290,-0.19845584,0.07063116,-0.05656688,0.93103792,-0.26179544
0.83741871,3.96081709,-2.65253692,0.29337209,-0.40514179,1.94682905,-1.70037775,0.02619564,-0.03302943,0.69094438,-0.21224613,0.31230824,-0.19874930,0.07000865,-0.05770260,0.90021027,-0.25892954
0.84342171,3.94936663,-2.65827316,0.28698618,-0.40150822,1.95068912,-1.70247383,0.02342769,-0.03155861,0.71325415,-0.21506410,0.29835427,-0.19871119,0.06933986,-0.05874521,0.86933483,-0.25594808
0.84942471,3.93559913,-2.66154900,0.28068761,-0.39711714,1.95304813,-1.70356398,0.02085773,-0.03004899,0.73419239,-0.21737633,0.28511610,-0.19824769,0.06860196,-0.05966573,0.83864019,-0.25291825
0.85542771,3.91925474,-2.66203074,0.27441659,-0.39197750,1.95381607,-1.70343039,0.01849845,-0.02851428,0.75343483,-0.21910247,0.27260765,-0.19728233,0.06777246,-0.06043684,0.80834023,-0.24991652
0.86143072,3.90013468,-2.65943788,0.26811314,-0.38610243,1.95294167,-1.70187897,0.01635668,-0.02696884,0.77069903,-0.22017243,0.26083326,-0.19575696,0.06683050,-0.06103342,0.77863354,-0.24702682
0.86743372,3.87811502,-2.65354333,0.26172212,-0.37950759,1.95041538,-1.69873955,0.01443389,-0.02542733,0.78575195,-0.22052831,0.24978918,-0.19363238,0.06575809,-0.06143310,0.74970251,-0.24433858
0.87343672,3.85315386,-2.64417465,0.25519757,-0.37221000,1.94626892,-1.69386722,0.01272686,-0.02390435,0.79841513,-0.22012585,0.23946505,-0.19088864,0.06454124,-0.06161688,0.72171198,-0.24194452
0.87943972,3.82529177,-2.63121644,0.24850636,-0.36422747,1.94057141,-1.68714479,0.01122843,-0.02241415,0.80856737,-0.21893558,0.22984529,-0.18752503,0.06317085,-0.06156961,0.69480773,-0.23993847
0.88544272,3.79464612,-2.61461395,0.24163073,-0.35557866,1.93342263,-1.67848629,0.00992822,-0.02097049,0.81614491,-0.21694359,0.22091043,-0.18355994,0.06164348,-0.06128049,0.66911487,-0.23841304
0.89144572,3.76140025,-2.59437728,0.23456998,-0.34628366,1.92494409,-1.66784129,0.00881350,-0.01958656,0.82113929,-0.21415180,0.21263855,-0.17903034,0.05996176,-0.06074352,0.64473637,-0.23745722
0.89744872,3.72578886,-2.57058594,0.22734111,-0.33636505,1.91526863,-1.65519946,0.00786989,-0.01827498,0.82359316,-0.21057784,0.20500671,-0.17399119,0.05813462,-0.05995779,0.62175200,-0.23715404
0.90345173,3.68808139,-2.54339307,0.21997852,-0.32584937,1.90452953,-1.64059523,0.00708212,-0.01704793,0.82359442,-0.20625454,0.19799261,-0.16851467,0.05617727,-0.05892776,0.60021784,-0.23757810
0.90945473,3.64856489,-2.51302873,0.21253298,-0.31476871,1.89285021,-1.62411173,0.00643468,-0.01591734,0.82126916,-0.20122891,0.19157639,-0.16268917,0.05411088,-0.05766335,0.58016666,-0.23879319
0.91545773,3.60752834,-2.47980152,0.20506991,-0.30316246,1.88033531,-1.60588373,0.00591247,-0.01489512,0.81677393,-0.19556086,0.18574263,-0.15661828,0.05196215,-0.05617996,0.56160912,-0.24084999
0.92146073,3.56524975,-2.44409828,0.19766723,-0.29107887,1.86706399,-1.58609906,0.00550125,-0.01399347,0.81028777,-0.18932152,0.18048258,-0.15041952,0.04976261,-0.05449830,0.54453604,-0.24378380
0.92746373,3.52198734,-2.40638113,0.19041286,-0.27857643,1.85308610,-1.56499827,0.00518813,-0.01322522,0.80200459,-0.18259136,0.17579651,-0.14422310,0.04754781,-0.05264413,0.52892160,-0.24761265
0.93346673,3.47797546,-2.36718200,0.18340224,-0.26572479,1.83842156,-1.54287222,0.00496190,-0.01260408,0.79212614,-0.17545805,0.17169619,-0.13817040,0.04535642,-0.05064786,0.51472744,-0.25233555
0.93946973,3.43342567,-2.32709435,0.17673575,-0.25260530,1.82306300,-1.52005773,0.00481330,-0.01214501,0.78085600,-0.16801422,0.16820731,-0.13241240,0.04322924,-0.04854399,0.50190738,-0.25793128
0.94547274,3.38853254,-2.28676247,0.17051636,-0.23931084,1.80698153,-1.49693124,0.00473519,-0.01186438,0.76839481,-0.16035520,0.16537173,-0.12710797,0.04120819,-0.04637047,0.49041254,-0.26435766
0.95147574,3.34348362,-2.24686874,0.16484756,-0.22594525,1.79013511,-1.47390082,0.00472268,-0.01178019,0.75493668,-0.15257677,0.16324944,-0.12242189,0.03933528,-0.04416795,0.48019661,-0.27155147
0.95747874,3.29847236,-2.20811928,0.15983149,-0.21262207,1.77247886,-1.45139683,0.00477316,-0.01191212,0.74066685,-0.14477304,0.16192002,-0.11852279,0.03765163,-0.04197898,0.47122078,-0.27942909
0.96348174,3.25371240,-2.17122870,0.15556736,-0.19946276,1.75397638,-1.42986185,0.00488624,-0.01228147,0.72576055,-0.13703443,0.16148336,-0.11558074,0.03619654,-0.03984709,0.46345803,-0.28788798
0.96948474,3.20945162,-2.13690468,0.15215021,-0.18659451,1.73461108,-1.40974003,0.00506369,-0.01291099,0.71038258,-0.12944602,0.16205964,-0.11376468,0.03500653,-0.03781585,0.45689649,-0.29680899
0.97548774,3.16598424,-2.10583288,0.14966974,-0.17414769,1.71439653,-1.39146667,0.00530927,-0.01382453,0.69468770,-0.12208604,0.16378821,-0.11323951,0.03411461,-0.03592798,0.45154150,-0.30605943
0.98149075,3.12365912,-2.07866289,0.14820931,-0.16225298,1.69338481,-1.37545826,0.00562847,-0.01504659,0.67882120,-0.11502476,0.16682539,-0.11416292,0.03354941,-0.03422438,0.44741609,-0.31549698
0.98749375,3.08288311,-2.05599552,0.14784491,-0.15103847,1.67167201,-1.36210326,0.00602833,-0.01660169,0.66291955,-0.10832373,0.17134107,-0.11668196,0.03333460,-0.03274320,0.44455994,-0.32497421
0.99349675,3.04411815,-2.03837181,0.14864409,-0.14062664,1.64940032,-1.35175408,0.00651703,-0.01851355,0.64711087,-0.10203520,0.17751396,-0.12092932,0.03348821,-0.03151900,0.44302654,-0.33434353
0.99949975,3.00787177,-2.02626370,0.15066469,-0.13113156,1.62675620,-1.34472003,0.00710354,-0.02080420,0.63151491,-0.09620208,0.18552577,-0.12701944,0.03402212,-0.03058191,0.44287879,-0.34346242
1.00550275,2.97468075,-2.02006643,0.15395343,-0.12265615,1.60396473,-1.34126154,0.00779727,-0.02349298,0.61624251,-0.09085799,0.19555408,-0.13504450,0.03494165,-0.02995690,0.44418315,-0.35219866
1.01150575,2.94508867,-2.02009231,0.15854421,-0.11528978,1.58128010,-1.34158527,0.00860751,-0.02659538,0.60139446,-0.08602768,0.20776437,-0.14507032,0.03624513,-0.02966315,0.44700269,-0.36043526
1.01750875,2.91961818,-2.02656558,0.16445627,-0.10910622,1.55897304,-1.34584010,0.00954304,-0.03012189,0.58705982,-0.08172760,0.22230117,-0.15713248,0.03792372,-0.02971344,0.45138930,-0.36807485
1.02351176,2.89873971,-2.03961804,0.17169215,-0.10416188,1.53731573,-1.35411365,0.01061161,-0.03407686,0.57331379,-0.07796663,0.23927882,-0.17123257,0.03996120,-0.03011379,0.45737567,-0.37504318
1.02951476,2.88283836,-2.05928500,0.18023559,-0.10049451,1.51656527,-1.36642928,0.01181940,-0.03845737,0.56021536,-0.07474690,0.25877214,-0.18733493,0.04233399,-0.03086310,0.46496738,-0.38129169
1.03551776,2.87218110,-2.08550137,0.19004953,-0.09812224,1.49694676,-1.38274311,0.01317056,-0.04325219,0.54780492,-0.07206469,0.28080730,-0.20536407,0.04501127,-0.03195301,0.47413569,-0.38679873
1.04152076,2.86688668,-2.11809771,0.20107422,-0.09704310,1.47863715,-1.40294135,0.01466675,-0.04844095,0.53610221,-0.06991123,0.30535349,-0.22520271,0.04795520,-0.03336787,0.48481140,-0.39156945
1.04752376,2.86690011,-2.15679629,0.21322577,-0.09723482,1.46175104,-1.42683765,0.01630668,-0.05399350,0.52510469,-0.06827355,0.33231586,-0.24669100,0.05112143,-0.03508489,0.49688042,-0.39563442
1.05352676,2.87197392,-2.20120739,0.22639522,-0.09865507,1.44632932,-1.45417078,0.01808581,-0.05986948,0.51478665,-0.06713518,0.36152992,-0.26962672,0.05445968,-0.03707443,0.51018111,-0.39904676
1.05952976,2.88165766,-2.25082621,0.24044822,-0.10124201,1.43233156,-1.48460286,0.01999605,-0.06601832,0.50509938,-0.06647676,0.39275827,-0.29376684,0.05791451,-0.03930046,0.52450395,-0.40187817
1.06553277,2.89529676,-2.30503098,0.25522565,-0.10491522,1.41963282,-1.51771846,0.02202564,-0.07237949,0.49597218,-0.06627658,0.42568953,-0.31883035,0.06142632,-0.04172124,0.53959346,-0.40421398
1.07153577,2.91204147,-2.36308294,0.27054502,-0.10957690,1.40802498,-1.55302514,0.02415910,-0.07888313,0.48731464,-0.06651087,0.45994018,-0.34450249,0.06493246,-0.04429010,0.55515249,-0.40614738
1.07753877,2.93086582,-2.42412887,0.28620299,-0.11511339,1.39722286,-1.58995573,0.02637738,-0.08545113,0.47901989,-0.06715416,0.49505928,-0.37044039,0.06836853,-0.04695640,0.57084879,-0.40777336
1.08354177,2.95059598,-2.48720696,0.30197887,-0.12139699,1.38687471,-1.62787283,0.02865810,-0.09199848,0.47096875,-0.06817935,0.53053608,-0.39627982,0.07166969,-0.04966663,0.58632350,-0.40918253
1.08954477,2.96994703,-2.55125642,0.31763903,-0.12828809,1.37657665,-1.66607607,0.03097601,-0.09843504,0.46303478,-0.06955785,0.56581064,-0.42164318,0.07477223,-0.05236561,0.60120146,-0.41045527
1.09554777,2.98756646,-2.61513154,0.33294226,-0.13563748,1.36589016,-1.70381212,0.03330351,-0.10466752,0.45508969,-0.07125956,0.60028699,-0.44614823,0.07761497,-0.05499783,0.61510256,-0.41165650
1.10155078,3.00208241,-2.67762008,0.34764579,-0.14328894,1.35436180,-1.74028774,0.03561143,-0.11060177,0.44700909,-0.07325288,0.63334866,-0.46941754,0.08014084,-0.05750876,0.62765401,-0.41283140
1.10755378,3.01215436,-2.73746616,0.36151192,-0.15108209,1.34154406,-1.77468572,0.03786978,-0.11614516,0.43867819,-0.07550469,0.66437590,-0.49108812,0.08229823,-0.05984621,0.63850261,-0.41400234
1.11355678,3.01652392,-2.79339714,0.37431479,-0.15885527,1.32701623,-1.80618344,0.04004871,-0.12120903,0.42999706,-0.07798035,0.69276404,-0.51082111,0.08404237,-0.06196174,0.64732681,-0.41516713
1.11955978,3.01406325,-2.84415386,0.38584727,-0.16644870,1.31040414,-1.83397348,0.04211941,-0.12571110,0.42088537,-0.08064371,0.71794219,-0.52831097,0.08533645,-0.06381184,0.65384768,-0.41629881
1.12556278,3.00381885,-2.88852329,0.39592746,-0.17370752,1.29139792,-1.85728577,0.04405508,-0.12957779,0.41128622,-0.08345726,0.73939167,-0.54329394,0.08615259,-0.06535915,0.65783860,-0.41734683
1.13156578,2.98504870,-2.92537250,0.40440459,-0.18048494,1.26976667,-1.87541029,0.04583185,-0.13274622,0.40116889,-0.08638225,0.75666308,-0.55555554,0.08647254,-0.06657343,0.65913305,-0.41823971
1.13756878,2.95725097,-2.95368252,0.41116412,-0.18664522,1.24536962,-1.88771961,0.04742958,-0.13516598,0.39053048,-0.08937898,0.76939157,-0.56493658,0.08628815,-0.06743242,0.65763016,-0.41888893
1.14357179,2.92018324,-2.97258078,0.41613155,-0.19206649,1.21816301,-1.89369004,0.04883254,-0.13680046,0.37939625,-0.09240713,0.77730940,-0.57133773,0.08560145,-0.06792241,0.65329798,-0.41919389
1.14957479,2.87387123,-2.98137074,0.41927496,-0.19664332,1.18820270,-1.89292075,0.05002993,-0.13762776,0.36781875,-0.09542619,0.78025522,-0.57472226,0.08442460,-0.06803864,0.64617412,-0.41904766
1.15557779,2.81860704,-2.97955737,0.42060604,-0.20028890,1.15564231,-1.88514973,0.05101618,-0.13764114,0.35587580,-0.09839605,0.77817981,-0.57511707,0.08277939,-0.06778540,0.63636393,-0.41834326
1.16158079,2.75493696,-2.96686728,0.42017946,-0.20293686,1.12072720,-1.87026595,0.05179101,-0.13684894,0.34366742,-0.10127756,0.77114779,-0.57261178,0.08069658,-0.06717593,0.62403627,-0.41698003
1.16758379,2.68363972,-2.94326278,0.41809072,-0.20454258,1.08378459,-1.84831712,0.05235929,-0.13527406,0.33131183,-0.10403329,0.75933540,-0.56735615,0.07821495,-0.06623204,0.60941710,-0.41486998
1.17358679,2.60569631,-2.90894889,0.41447240,-0.20508401,1.04521055,-1.81951257,0.05273064,-0.13295302,0.31894088,-0.10662827,0.74302434,-0.55955573,0.07538019,-0.06498349,0.59278124,-0.41194365
1.17958979,2.52225288,-2.86437329,0.40948903,-0.20456194,1.00545441,-1.78422115,0.05291879,-0.12993454,0.30669494,-0.10903083,0.72259209,-0.54946607,0.07224355,-0.06346725,0.57444263,-0.40815526
1.18559280,2.43457847,-2.81021884,0.40333081,-0.20299970,0.96500152,-1.74296419,0.05294083,-0.12627788,0.29471758,-0.11121342,0.69849901,-0.53738561,0.06886054,-0.06172644,0.55474359,-0.40348695
1.19159580,2.34401963,-2.74738922,0.39620641,-0.20044233,0.92435507,-1.69640366,0.05281623,-0.12205097,0.28315031,-0.11315342,0.67127302,-0.52364761,0.06528940,-0.05980922,0.53404342,-0.39795190
1.19759880,2.25195379,-2.67698797,0.38833512,-0.19695530,0.88401791,-1.64532611,0.05256583,-0.11732823,0.27212749,-0.11483391,0.64149233,-0.50861119,0.06158971,-0.05776755,0.51270700,-0.39159629
1.20360180,2.15974340,-2.60029181,0.37993881,-0.19262269,0.84447517,-1.59062288,0.05221075,-0.11218853,0.26177164,-0.11624435,0.60976718,-0.49265194,0.05782100,-0.05565585,0.49109361,-0.38449987
1.20960480,2.06869272,-2.51871921,0.37123398,-0.18754503,0.80617825,-1.53326740,0.05177134,-0.10671299,0.25218938,-0.11738110,0.57672118,-0.47615225,0.05404144,-0.05352965,0.46954656,-0.37677531
1.21560780,1.98000882,-2.43379522,0.36242419,-0.18183681,0.76953101,-1.47429036,0.05126624,-0.10098299,0.24346803,-0.11824782,0.54297311,-0.45949171,0.05030668,-0.05144418,0.44838386,-0.36856631
1.22161081,1.89476812,-2.34711381,0.35369328,-0.17562377,0.73487841,-1.41475355,0.05071150,-0.09507831,0.23567302,-0.11885558,0.50911987,-0.44303772,0.04666884,-0.04945300,0.42789026,-0.36004449
1.22761381,1.81388964,-2.26029886,0.34519965,-0.16903997,0.70249806,-1.35572341,0.05011994,-0.08907548,0.22884613,-0.11922278,0.47572105,-0.42713657,0.04317570,-0.04760678,0.40831095,-0.35140540
1.23361681,1.73811538,-2.17496507,0.33707165,-0.16222492,0.67259486,-1.29824491,0.04950071,-0.08304642,0.22300466,-0.11937484,0.44328574,-0.41210523,0.03986999,-0.04595199,0.38984685,-0.34286350
1.23961981,1.66799844,-2.09267984,0.32940458,-0.15532055,0.64529867,-1.24331676,0.04885906,-0.07705731,0.21814141,-0.11934351,0.41226186,-0.39822397,0.03678897,-0.04452983,0.37265183,-0.33464663
1.24562281,1.60389866,-2.01492724,0.32225895,-0.14846842,0.62066492,-1.19186848,0.04819632,-0.07116783,0.21422551,-0.11916600,0.38302820,-0.38572999,0.03396414,-0.04337521,0.35683158,-0.32698993
1.25162581,1.54598546,-1.94307502,0.31566040,-0.14180694,0.59867801,-1.14474001,0.04751022,-0.06543061,0.21120402,-0.11888389,0.35588930,-0.37481222,0.03142102,-0.04251595,0.34244418,-0.32012952
1.25762881,1.49424733,-1.87834543,0.30960100,-0.13546888,0.57925702,-1.10266436,0.04679526,-0.05989099,0.20900418,-0.11854172,0.33107308,-0.36560738,0.02917923,-0.04197207,0.32950230,-0.31429611
1.26363182,1.44850706,-1.82179053,0.30404184,-0.12957903,0.56226340,-1.06625359,0.04604341,-0.05458700,0.20753625,-0.11818554,0.30873110,-0.35819737,0.02725254,-0.04175529,0.31797661,-0.30970875
1.26963482,1.40844166,-1.77427260,0.29891689,-0.12425216,0.54751021,-1.03598850,0.04524480,-0.04954957,0.20669675,-0.11786131,0.28894119,-0.35260822,0.02564909,-0.04186872,0.30780045,-0.30656883
1.27563782,1.37360595,-1.73644995,0.29413766,-0.11959120,0.53477224,-1.01221206,0.04438857,-0.04480284,0.20637212,-0.11761332,0.27171212,-0.34881038,0.02437166,-0.04230677,0.29887533,-0.30505463
1.28164082,1.34345848,-1.70876832,0.28959865,-0.11568573,0.52379675,-0.99512668,0.04346377,-0.04036472,0.20644248,-0.11748266,0.25698998,-0.34672069,0.02341798,-0.04305527,0.29107708,-0.30531639
1.28764382,1.31738873,-1.69145813,0.28518315,-0.11261070,0.51431417,-0.98479520,0.04246016,-0.03624740,0.20678551,-0.11750587,0.24466590,-0.34620577,0.02278108,-0.04409179,0.28426238,-0.30747211
1.29364682,1.29474449,-1.68453721,0.28076929,-0.11042543,0.50604847,-0.98114541,0.04136901,-0.03245798,0.20728028,-0.11771379,0.23458471,-0.34708693,0.02244969,-0.04538621,0.27827545,-0.31160419
1.29964982,1.27485829,-1.68781910,0.27623589,-0.10917290,0.49872676,-0.98397804,0.04018372,-0.02899915,0.20781089,-0.11813069,0.22655411,-0.34914633,0.02240861,-0.04690149,0.27295459,-0.31775689
1.30565283,1.25707212,-1.70092627,0.27146807,-0.10887916,0.49208792,-0.99297753,0.03890043,-0.02586978,0.20826983,-0.11877382,0.22035421,-0.35213447,0.02263914,-0.04859464,0.26813851,-0.32593474
1.31165583,1.24075975,-1.72330791,0.26636222,-0.10955313,0.48588987,-1.00772551,0.03751827,-0.02306557,0.20856100,-0.11965324,0.21574684,-0.35577855,0.02311953,-0.05041791,0.26367213,-0.33610195
1.31765883,1.22534597,-1.75426169,0.26083033,-0.11118655,0.47991564,-1.02771637,0.03603963,-0.02057954,0.20860227,-0.12077211,0.21248463,-0.35979167,0.02382537,-0.05232011,0.25941174,-0.34818271
1.32366183,1.21032257,-1.79295862,0.25480342,-0.11375418,0.47397789,-1.05237441,0.03447010,-0.01840261,0.20832748,-0.12212731,0.21031953,-0.36388236,0.02473014,-0.05424808,0.25522956,-0.36206251
1.32966483,1.19526067,-1.83847030,0.24823411,-0.11721426,0.46792210,-1.08107208,0.03281837,-0.01652397,0.20768801,-0.12371045,0.20901053,-0.36776429,0.02580569,-0.05614820,0.25101731,-0.37759036
1.33566783,1.17981952,-1.88979771,0.24109815,-0.12150923,0.46162831,-1.11314873,0.03109588,-0.01493148,0.20665359,-0.12550913,0.20833059,-0.37116569,0.02702279,-0.05796803,0.24668910,-0.39458194
1.34167084,1.16375173,-1.94590051,0.23339499,-0.12656671,0.45501175,-1.14792935,0.02931642,-0.01361201,0.20521274,-0.12750848,0.20807259,-0.37383814,0.02835171,-0.05965782,0.24218334,-0.41282350
1.34767384,1.14690513,-2.00572615,0.22514755,-0.13230079,0.44802229,-1.18474267,0.02749558,-0.01255163,0.20337246,-0.12969276,0.20805428,-0.37556447,0.02976283,-0.06117207,0.23746382,-0.43207661
1.35367684,1.12922164,-2.06823769,0.21640098,-0.13861360,0.44064294,-1.22293822,0.02565022,-0.01173584,0.20115745,-0.13204717,0.20812214,-0.37616529,0.03122729,-0.06247085,0.23251999,-0.45208345
1.35967984,1.11073332,-2.13243980,0.20722084,-0.14539719,0.43288768,-1.26190183,0.02379784,-0.01114976,0.19860889,-0.13455950,0.20815425,-0.37550404,0.03271758,-0.06352109,0.22736641,-0.47257264
1.36568284,1.09155609,-2.19740197,0.19769056,-0.15253571,0.42479853,-1.30106921,0.02195600,-0.01077820,0.19578267,-0.13722180,0.20806206,-0.37349036,0.03420822,-0.06429753,0.22204151,-0.49326546
1.37168584,1.07188145,-2.26227859,0.18790856,-0.15990786,0.41644231,-1.33993722,0.02014174,-0.01060578,0.19274731,-0.14003188,0.20779116,-0.37008149,0.03567633,-0.06478347,0.21660570,-0.51388222
1.37768884,1.05196659,-2.32632521,0.17798495,-0.16738963,0.40790697,-1.37807272,0.01837109,-0.01061701,0.18958163,-0.14299448,0.20732106,-0.36528191,0.03710215,-0.06497129,0.21113893,-0.53414870
1.38369185,1.03212326,-2.38891092,0.16803811,-0.17485722,0.39929775,-1.41511876,0.01665867,-0.01079636,0.18637215,-0.14612237,0.20666400,-0.35914112,0.03846951,-0.06486260,0.20573779,-0.55380227
1.38969485,1.01270577,-2.44952654,0.15819126,-0.18219008,0.39073325,-1.45079803,0.01501733,-0.01112834,0.18321037,-0.14943705,0.20586289,-0.35174979,0.03976619,-0.06446814,0.20051214,-0.57259782
1.39569785,0.99409835,-2.50778860,0.14856908,-0.18927405,0.38234142,-1.48491378,0.01345791,-0.01159755,0.18019005,-0.15296913,0.20498841,-0.34323447,0.04098409,-0.06380740,0.19558157,-0.59031296
1.40170085,0.97670236,-2.56343944,0.13929458,-0.19600448,0.37425559,-1.51734812,0.01198910,-0.01218875,0.17740456,-0.15675851,0.20413533,-0.33375123,0.04211934,-0.06290796,0.19107152,-0.60675255
1.40770385,0.96092341,-2.61634348,0.13048620,-0.20228914,0.36661061,-1.54805803,0.01061740,-0.01288699,0.17494422,-0.16085413,0.20341814,-0.32347847,0.04317224,-0.06180462,0.18710933,-0.62175226
1.41370685,0.94715882,-2.66648013,0.12225536,-0.20805098,0.35953909,-1.57706933,0.00934716,-0.01367763,0.17289398,-0.16531353,0.20296610,-0.31260946,0.04414700,-0.06053831,0.18382024,-0.63518120
1.41970985,0.93578551,-2.71393380,0.11470429,-0.21323047,0.35316784,-1.60446890,0.00818066,-0.01454652,0.17133124,-0.17020201,0.20291780,-0.30134483,0.04505138,-0.05915488,0.18132337,-0.64694337
1.42571286,0.92714869,-2.75888150,0.10792438,-0.21778744,0.34761451,-1.63039549,0.00711829,-0.01548003,0.17032399,-0.17559158,0.20341527,-0.28988547,0.04589618,-0.05770374,0.17972784,-0.65697806
1.43171586,0.92155152,-2.80157859,0.10199487,-0.22170244,0.34298457,-1.65502954,0.00615878,-0.01646515,0.16992925,-0.18155950,0.20459801,-0.27842624,0.04669464,-0.05623648,0.17912911,-0.66525914
1.43771886,0.91924589,-2.84234321,0.09698202,-0.22497737,0.33936851,-1.67858231,0.00529944,-0.01748964,0.17019188,-0.18818663,0.20659676,-0.26715068,0.04746175,-0.05480545,0.17960550,-0.67179338
1.44372186,0.92042463,-2.88154002,0.09293856,-0.22763539,0.33683960,-1.70128487,0.00453640,-0.01854203,0.17114370,-0.19555534,0.20952750,-0.25622698,0.04821349,-0.05346236,0.18121518,-0.67661793
1.44972486,0.92521533,-2.91956365,0.08990355,-0.22972020,0.33545197,-1.72337704,0.00386495,-0.01961172,0.17280301,-0.20374722,0.21348568,-0.24580535,0.04896610,-0.05225696,0.18399355,-0.67979713
1.45572786,0.93367590,-2.95682252,0.08790248,-0.23129441,0.33523930,-1.74509689,0.00327974,-0.02068902,0.17517445,-0.21284033,0.21854085,-0.23601693,0.04973538,-0.05123579,0.18795117,-0.68141889
1.46173087,0.94579208,-2.99372335,0.08694760,-0.23243732,0.33621407,-1.76667090,0.00277511,-0.02176515,0.17824914,-0.22290626,0.22473206,-0.22697402,0.05053603,-0.05044099,0.19307231,-0.68159088
1.46773387,0.96147708,-3.03065678,0.08703853,-0.23324201,0.33836738,-1.78830519,0.00234528,-0.02283224,0.18200526,-0.23400685,0.23206409,-0.21877167,0.05138111,-0.04990935,0.19931426,-0.68043667
1.47373687,0.98057334,-3.06798450,0.08816288,-0.23381189,0.34166955,-1.81017791,0.00198462,-0.02388330,0.18640880,-0.24619071,0.24050460,-0.21149043,0.05228159,-0.04967140,0.20660734,-0.67809224
1.47973987,1.00285650,-3.10602805,0.09029709,-0.23425678,0.34607126,-1.83243303,0.00168780,-0.02491220,0.19141467,-0.25948968,0.24998266,-0.20519991,0.05324612,-0.04975068,0.21485578,-0.67470275
1.48574287,1.02804160,-3.14505964,0.09340733,-0.23468878,0.35150538,-1.85517568,0.00145001,-0.02591360,0.19696798,-0.27391517,0.26038841,-0.19996296,0.05428084,-0.05016321,0.22393947,-0.67042000
1.49174587,1.05579128,-3.18529499,0.09745045,-0.23521798,0.35788946,-1.87846903,0.00126707,-0.02688289,0.20300565,-0.28945476,0.27157424,-0.19584006,0.05538945,-0.05091711,0.23371656,-0.66540038
1.49774887,1.08572597,-3.22688838,0.10237499,-0.23594826,0.36512870,-1.90233278,0.00113556,-0.02781616,0.20945805,-0.30606912,0.28335732,-0.19289361,0.05657333,-0.05201236,0.24402684,-0.65980355
1.50375188,1.11743561,-3.26992991,0.10812224,-0.23697328,0.37311935,-1.92674331,0.00105289,-0.02871012,0.21625087,-0.32368941,0.29552355,-0.19119183,0.05783187,-0.05344083,0.25469594,-0.65379157
1.50975488,1.15049264,-3.31444484,0.11462732,-0.23837293,0.38175251,-1.95163522,0.00101737,-0.02956208,0.22330708,-0.34221545,0.30783284,-0.19081182,0.05916282,-0.05518637,0.26554016,-0.64752858
1.51575788,1.18446590,-3.36039500,0.12182035,-0.24021026,0.39091800,-1.97690440,0.00102827,-0.03036995,0.23054894,-0.36151484,0.32002552,-0.19184167,0.06056275,-0.05722527,0.27637172,-0.64118061
1.52176088,1.21893467,-3.40768195,0.12962756,-0.24252915,0.40050833,-2.00241220,0.00108577,-0.03113218,0.23789996,-0.38142315,0.33182971,-0.19438124,0.06202753,-0.05952669,0.28700448,-0.63491560
1.52776388,1.25350258,-3.45615175,0.13797249,-0.24535264,0.41042244,-2.02799069,0.00119096,-0.03184784,0.24528689,-0.40174541,0.34296942,-0.19854159,0.06355283,-0.06205349,0.29725958,-0.62890305
1.53376688,1.28781055,-3.50560085,0.14677723,-0.24868220,0.42056913,-2.05344863,0.00134582,-0.03251656,0.25264151,-0.42225883,0.35317301,-0.20444278,0.06513453,-0.06476305,0.30697114,-0.62331346
1.53976988,1.32154826,-3.55578289,0.15596354,-0.25249766,0.43086994,-2.07857792,0.00155308,-0.03313857,0.25990229,-0.44271702,0.36218172,-0.21221024,0.06676910,-0.06760837,0.31599139,-0.61831703
1.54577289,1.35446355,-3.60641579,0.16545401,-0.25675814,0.44126137,-2.10316023,0.00181615,-0.03371471,0.26701577,-0.46285533,0.36975796,-0.22196960,0.06845386,-0.07053917,0.32419538,-0.61408167
1.55177589,1.38636914,-3.65718878,0.17517312,-0.26140353,0.45169627,-2.12697338,0.00213892,-0.03424638,0.27393765,-0.48239748,0.37569291,-0.23384023,0.07018711,-0.07350323,0.33148473,-0.61077012
1.55777889,1.41714633,-3.70776889,0.18504820,-0.26635672,0.46214429,-2.14979731,0.00252567,-0.03473549,0.28063348,-0.50106309,0.37981326,-0.24792768,0.07196813,-0.07644762,0.33779037,-0.60853622
1.56378189,1.44674527,-3.75780653,0.19501017,-0.27152632,0.47259132,-2.17141922,0.00298077,-0.03518441,0.28707895,-0.51857576,0.38198672,-0.26431531,0.07379704,-0.07932007,0.34307419,-0.60752030
1.56978489,1.47518163,-3.80693965,0.20499411,-0.27680977,0.48303793,-2.19163768,0.00350848,-0.03559577,0.29325967,-0.53467163,0.38212602,-0.28305548,0.07567450,-0.08207019,0.34732927,-0.60784394
1.57578789,1.50252970,-3.85479653,0.21493953,-0.28209666,0.49349677,-2.21026547,0.00411269,-0.03597232,0.29917050,-0.54910774,0.38019147,-0.30416081,0.07760128,-0.08465064,0.35057897,-0.60960418
1.58179090,1.52891215,-3.90099678,0.22479046,-0.28727209,0.50398908,-2.22713115,0.00479664,-0.03631674,0.30481439,-0.56166993,0.37619163,-0.32759578,0.07957776,-0.08701821,0.35287458,-0.61286760
1.58779390,1.55448676,-3.94515098,0.23449505,-0.29222006,0.51454040,-2.24207926,0.00556259,-0.03663132,0.31020076,-0.57218000,0.37018250,-0.35326933,0.08160328,-0.08913463,0.35429195,-0.61766453
1.59379690,1.57943069,-3.98685881,0.24400508,-0.29682653,0.52517569,-2.25496925,0.00641159,-0.03691779,0.31534343,-0.58050148,0.36226492,-0.38102883,0.08367550,-0.09096725,0.35492698,-0.62398368
1.59979990,1.60392320,-4.02570654,0.25327501,-0.30098230,0.53591412,-2.26567344,0.00734313,-0.03717697,0.32025832,-0.58654411,0.35258067,-0.41065587,0.08578974,-0.09248948,0.35489045,-0.63176780
1.60580290,1.62812750,-4.06126406,0.26226088,-0.30458543,0.54676372,-2.27407421,0.00835491,-0.03740861,0.32496085,-0.59026646,0.34130712,-0.44186431,0.08793837,-0.09368095,0.35430223,-0.64091048
1.61180590,1.65217286,-4.09308249,0.27091904,-0.30754330,0.55771633,-2.28006090,0.00944263,-0.03761110,0.32946325,-0.59167685,0.32865109,-0.47430088,0.09011022,-0.09452754,0.35328534,-0.65125459
1.61780890,1.67613807,-4.12069293,0.27920480,-0.30977421,0.56874298,-2.28352687,0.01059984,-0.03778141,0.33377203,-0.59083236,0.31484178,-0.50754847,0.09229023,-0.09502111,0.35196004,-0.66259251
1.62381191,1.70003700,-4.14360733,0.28707106,-0.31120855,0.57979021,-2.28436716,0.01181777,-0.03791498,0.33788556,-0.58783613,0.30012353,-0.54113239,0.09445915,-0.09515910,0.35043842,-0.67466847
1.62981491,1.72380762,-4.16132208,0.29446714,-0.31178968,0.59077746,-2.28247719,0.01308541,-0.03800574,0.34179203,-0.58283315,0.28474831,-0.57452939,0.09659353,-0.09494401,0.34881953,-0.68718293
1.63581791,1.74730487,-4.17332491,0.30133790,-0.31147435,0.60159576,-2.27775303,0.01438951,-0.03804628,0.34546802,-0.57600467,0.26896851,-0.60717927,0.09866582,-0.09438276,0.34718557,-0.69979911
1.64182091,1.77029821,-4.17910554,0.30762315,-0.31023301,0.61210803,-2.27009331,0.01571480,-0.03802804,0.34887762,-0.56756171,0.25303021,-0.63849895,0.10064486,-0.09348604,0.34559898,-0.71215139
1.64782391,1.79247420,-4.17817014,0.31325765,-0.30804979,0.62215091,-2.25940319,0.01704422,-0.03794165,0.35197228,-0.55773794,0.23716708,-0.66789829,0.10249644,-0.09226759,0.34410097,-0.72385557
1.65382691,1.81344402,-4.17005920,0.31817159,-0.30492246,0.63153830,-2.24560012,0.01835932,-0.03777733,0.35469154,-0.54678231,0.22159523,-0.69479722,0.10418418,-0.09074360,0.34271106,-0.73452028
1.65982991,1.83275585,-4.15436854,0.32229165,-0.30086223,0.64006635,-2.22862134,0.01964071,-0.03752537,0.35696445,-0.53495179,0.20650896,-0.71864350,0.10567054,-0.08893219,0.34142797,-0.74375953
1.66583292,1.84991140,-4.13077219,0.32554278,-0.29589351,0.64751987,-2.20843272,0.02086856,-0.03717663,0.35871179,-0.52250456,0.19207764,-0.73893033,0.10691803,-0.08685288,0.34023154,-0.75120546
1.67183592,1.86438593,-4.09904616,0.32785035,-0.29005364,0.65367971,-2.18503837,0.02202322,-0.03672305,0.35984899,-0.50969386,0.17844349,-0.75521310,0.10789048,-0.08452635,0.33908559,-0.75652115
1.67783892,1.87565063,-4.05909163,0.32914288,-0.28339256,0.65833101,-2.15849027,0.02308583,-0.03615819,0.36028952,-0.49676269,0.16572054,-0.76712445,0.10855438,-0.08197410,0.33794142,-0.75941257
1.68384192,1.88319610,-4.01095592,0.32935507,-0.27597242,0.66127164,-2.12889732,0.02403892,-0.03547762,0.35994865,-0.48393951,0.15399439,-0.77438704,0.10888011,-0.07921842,0.33674176,-0.75963944
1.68984492,1.88655564,-3.95484976,0.32843102,-0.26786706,0.66232057,-2.09643286,0.02486703,-0.03467934,0.35874743,-0.47143494,0.14332282,-0.77682334,0.10884321,-0.07628232,0.33542493,-0.75702426
1.69584792,1.88532713,-3.89115928,0.32632741,-0.25916136,0.66132570,-2.06133998,0.02555726,-0.03376403,0.35661647,-0.45943937,0.13373710,-0.77436205,0.10842537,-0.07318953,0.33392878,-0.75145930
1.70185093,1.87919209,-3.82045162,0.32301649,-0.24995039,0.65817066,-2.02393390,0.02609975,-0.03273523,0.35349963,-0.44812153,0.12524383,-0.76704080,0.10761524,-0.06996457,0.33219438,-0.74291101
1.70785393,1.86793093,-3.74347299,0.31848870,-0.24033836,0.65278025,-1.98460101,0.02648799,-0.03159936,0.34935703,-0.43762766,0.11782722,-0.75500498,0.10640902,-0.06663280,0.33016905,-0.73142183
1.71385693,1.85143360,-3.66113888,0.31275463,-0.23043725,0.64512426,-1.94379405,0.02671912,-0.03036560,0.34416760,-0.42808133,0.11145168,-0.73850279,0.10481071,-0.06322043,0.32780874,-0.71710928
1.71985993,1.82970504,-3.57451615,0.30584640,-0.22036524,0.63521941,-1.90202366,0.02679403,-0.02904571,0.33793064,-0.41958362,0.10606450,-0.71787673,0.10283205,-0.05975450,0.32507959,-0.70016221
1.72586293,1.80286523,-3.48479765,0.29781803,-0.21024478,0.62312934,-1.85984618,0.02671727,-0.02765367,0.33066670,-0.41221349,0.10159878,-0.69355192,0.10049219,-0.05626274,0.32195866,-0.68083462
1.73186593,1.77114400,-3.39326991,0.28874508,-0.20020050,0.60896272,-1.81784833,0.02649688,-0.02620529,0.32241739,-0.40602832,0.09797622,-0.66602181,0.09781704,-0.05277343,0.31843389,-0.65943717
1.73786893,1.73487108,-3.30127559,0.27872330,-0.19035686,0.59286956,-1.77662922,0.02614409,-0.02471767,0.31324445,-0.40106436,0.09511003,-0.63583184,0.09483837,-0.04931509,0.31450340,-0.63632681
1.74387194,1.69446213,-3.21017208,0.26786647,-0.18083561,0.57503597,-1.73678077,0.02567280,-0.02320871,0.30322791,-0.39733719,0.09290770,-0.60356203,0.09159276,-0.04591614,0.31017422,-0.61189492
1.74987494,1.65040177,-3.12128815,0.25630350,-0.17175327,0.55567776,-1.69886719,0.02509910,-0.02169657,0.29246365,-0.39484208,0.09127370,-0.56980885,0.08812032,-0.04260446,0.30546077,-0.58655462
1.75587794,1.60322476,-3.03588085,0.24417488,-0.16321851,0.53503318,-1.66340480,0.02444057,-0.02019908,0.28106043,-0.39355433,0.09011213,-0.53516755,0.08446343,-0.03940695,0.30038311,-0.56072754
1.76188094,1.55349653,-2.95509442,0.23162877,-0.15532962,0.51335529,-1.63084299,0.02371564,-0.01873332,0.26913661,-0.39342953,0.08932929,-0.50021535,0.08066541,-0.03634901,0.29496531,-0.53483085
1.76788394,1.50179440,-2.87992324,0.21881688,-0.14817226,0.49090437,-1.60154748,0.02294292,-0.01731514,0.25681674,-0.39440401,0.08883609,-0.46549617,0.07676932,-0.03345404,0.28923410,-0.50926472
1.77388694,1.44869034,-2.81118038,0.20589024,-0.14181729,0.46794069,-1.57578645,0.02214048,-0.01595883,0.24422823,-0.39639539,0.08855046,-0.43150754,0.07281678,-0.03074300,0.28321784,-0.48440101
1.77988994,1.39473658,-2.74947312,0.19299532,-0.13631913,0.44471817,-1.55372041,0.02132530,-0.01467687,0.23149825,-0.39930334,0.08839954,-0.39868991,0.06884704,-0.02823394,0.27694607,-0.46057326
1.78589295,1.34045442,-2.69518634,0.18027038,-0.13171433,0.42147898,-1.53539614,0.02051270,-0.01347971,0.21875106,-0.40301074,0.08832178,-0.36741866,0.06489623,-0.02594169,0.27044960,-0.43806847
1.79189595,1.28632690,-2.64847432,0.16784250,-0.12802073,0.39844948,-1.52074493,0.01971594,-0.01237580,0.20610584,-0.40738510,0.08826883,-0.33799898,0.06099682,-0.02387752,0.26376120,-0.41712088
1.79789895,1.23279535,-2.60926105,0.15582515,-0.12523711,0.37583743,-1.50958511,0.01894587,-0.01137150,0.19367504,-0.41228046,0.08820721,-0.31066351,0.05717731,-0.02204904,0.25691675,-0.39790772
1.80390195,1.18025975,-2.57724874,0.14431659,-0.12334326,0.35383062,-1.50162871,0.01821083,-0.01047132,0.18156339,-0.41753961,0.08811964,-0.28557265,0.05346212,-0.02046005,0.24995683,-0.38054721
1.80990495,1.12908241,-2.55193393,0.13339902,-0.12230072,0.33259668,-1.49649181,0.01751652,-0.00967801,0.16986745,-0.42299670,0.08800607,-0.26281729,0.04987171,-0.01911063,0.24292861,-0.36509854
1.81590795,1.07959431,-2.53263027,0.12313841,-0.12205396,0.31228404,-1.49370808,0.01686613,-0.00899285,0.15867567,-0.42848020,0.08788422,-0.24242365,0.04642282,-0.01799725,0.23588780,-0.35156387
1.82191096,1.03210347,-2.51849686,0.11358512,-0.12253211,0.29302375,-1.49274485,0.01626053,-0.00841594,0.14806884,-0.43381601,0.08778971,-0.22435983,0.04312882,-0.01711300,0.22890047,-0.33989215
1.82791396,0.98690414,-2.50857086,0.10477510,-0.12365119,0.27493185,-1.49302109,0.01569854,-0.00794650,0.13812095,-0.43883087,0.08777559,-0.20854369,0.04000020,-0.01644794,0.22204469,-0.32998442
1.83391696,0.94428614,-2.50180303,0.09673151,-0.12531669,0.25811214,-1.49392646,0.01517733,-0.00758324,0.12890011,-0.44335580,0.08791131,-0.19485166,0.03704503,-0.01598945,0.21541164,-0.32170049
1.83991996,0.90454329,-2.49709501,0.08946678,-0.12742660,0.24265889,-1.49484088,0.01469282,-0.00732460,0.12046957,-0.44722954,0.08828111,-0.18312804,0.03426940,-0.01572277,0.20910609,-0.31486658
1.84592296,0.86798012,-2.49333683,0.08298484,-0.12987469,0.22865942,-1.49515399,0.01424012,-0.00716913,0.11288869,-0.45030198,0.08898181,-0.17319439,0.03167790,-0.01563145,0.20324624,-0.30928370
1.85192596,0.83491626,-2.48944367,0.07728339,-0.13255397,0.21619610,-1.49428371,0.01381401,-0.00711570,0.10621372,-0.45243740,0.09011996,-0.16485877,0.02927392,-0.01569791,0.19796264,-0.30473629
1.85792896,0.80568785,-2.48439076,0.07235616,-0.13536023,0.20534783,-1.49169366,0.01340933,-0.00716375,0.10049826,-0.45351754,0.09180849,-0.15792435,0.02705998,-0.01590402,0.19339636,-0.30100110
1.86393197,0.78064592,-2.47724531,0.06819491,-0.13819560,0.19619067,-1.48690886,0.01302137,-0.00731345,0.09579353,-0.45344434,0.09416290,-0.15219729,0.02503782,-0.01623166,0.18969633,-0.29785566
1.86993497,0.76015149,-2.46719485,0.06479120,-0.14097186,0.18879774,-1.47952937,0.01264620,-0.00756577,0.09214814,-0.45214245,0.09729703,-0.14749361,0.02320849,-0.01666321,0.18701586,-0.29508638
1.87593797,0.74456758,-2.45357113,0.06213785,-0.14361361,0.18323825,-1.46924157,0.01228091,-0.00792259,0.08960760,-0.44956123,0.10131858,-0.14364493,0.02157234,-0.01718210,0.18550864,-0.29249573
1.88194097,0.73424864,-2.43586907,0.06022988,-0.14606087,0.17957583,-1.45582685,0.01192379,-0.00838664,0.08821347,-0.44567641,0.10632454,-0.14050294,0.02012886,-0.01777322,0.18532417,-0.28990861
1.88794397,0.72952772,-2.41376022,0.05906519,-0.14827129,0.17786622,-1.43916755,0.01157440,-0.00896138,0.08800224,-0.44049115,0.11239662,-0.13794253,0.01887653,-0.01842329,0.18660291,-0.28717739
1.89394697,0.73070235,-2.38710047,0.05864477,-0.15022163,0.17815454,-1.41924996,0.01123358,-0.00965092,0.08900400,-0.43403659,0.11959693,-0.13586373,0.01781260,-0.01912114,0.18947139,-0.28418572
1.89994997,0.73801965,-2.35593167,0.05897253,-0.15190856,0.18047221,-1.39616424,0.01090339,-0.01045975,0.09124096,-0.42637177,0.12796399,-0.13419222,0.01693284,-0.01985788,0.19403737,-0.28085095
1.90595298,0.75166179,-2.32047718,0.06005489,-0.15334865,0.18483398,-1.37010133,0.01058700,-0.01139246,0.09472604,-0.41758278,0.13750943,-0.13287874,0.01623136,-0.02062698,0.20038539,-0.27712508
1.91195598,0.77173254,-2.28113141,0.06190003,-0.15457754,0.19123492,-1.34134680,0.01028848,-0.01245345,0.09946142,-0.40778137,0.14821530,-0.13189735,0.01570037,-0.02142424,0.20857294,-0.27299433
1.91795898,0.79824570,-2.23844353,0.06451704,-0.15564824,0.19964797,-1.31027169,0.01001263,-0.01364658,0.10543736,-0.39710260,0.16003238,-0.13124274,0.01533009,-0.02224760,0.21862729,-0.26847732
1.92396198,0.83111641,-2.19309589,0.06791488,-0.15662865,0.21002199,-1.27732069,0.00976472,-0.01497472,0.11263125,-0.38570193,0.17287949,-0.13092673,0.01510867,-0.02309692,0.23054334,-0.26362209
1.92996498,0.87015557,-2.14587777,0.07210142,-0.15759837,0.22228055,-1.24299771,0.00955028,-0.01643937,0.12100698,-0.37375147,0.18664390,-0.13097420,0.01502220,-0.02397366,0.24428248,-0.25850191
1.93596798,0.91506831,-2.09765527,0.07708236,-0.15864482,0.23632161,-1.20784945,0.00937487,-0.01804029,0.13051480,-0.36143570,0.20118296,-0.13141853,0.01505486,-0.02488041,0.25977261,-0.25321042
1.94197099,0.96545623,-2.04933856,0.08286037,-0.15985893,0.25201809,-1.17244741,0.00924386,-0.01977503,0.14109152,-0.34894655,0.21632685,-0.13229695,0.01518906,-0.02582051,0.27690933,-0.24785599
1.94797399,1.02082399,-2.00184748,0.08943425,-0.16133054,0.26921947,-1.13736884,0.00916223,-0.02163861,0.15266118,-0.33647812,0.23188250,-0.13364582,0.01540579,-0.02679754,0.29555828,-0.24255577
1.95397699,1.08058957,-1.95607704,0.09679831,-0.16314362,0.28775426,-1.10317749,0.00913448,-0.02362321,0.16513624,-0.32422123,0.24763850,-0.13549626,0.01568492,-0.02781489,0.31555853,-0.23742972
1.95997999,1.14409819,-1.91286422,0.10494186,-0.16537164,0.30743334,-1.07040481,0.00916442,-0.02571789,0.17841902,-0.31235788,0.26337080,-0.13787014,0.01600570,-0.02887538,0.33672690,-0.23259470
1.96598299,1.21063900,-1.87295745,0.11384883,-0.16807326,0.32805392,-1.03953237,0.00925516,-0.02790847,0.19240353,-0.30105591,0.27884916,-0.14077674,0.01634719,-0.02998091,0.35886299,-0.22815911
1.97198599,1.27946387,-1.83699015,0.12349763,-0.17128855,0.34940414,-1.01097631,0.00940902,-0.03017743,0.20697753,-0.29046420,0.29384381,-0.14421023,0.01668878,-0.03113230,0.38175473,-0.22421817
1.97798899,1.34980739,-1.80545968,0.13386094,-0.17503593,0.37126776,-0.98507452,0.00962748,-0.03250403,0.22202465,-0.28070835,0.30813238,-0.14814803,0.01701072,-0.03232918,0.40518413,-0.22085008
1.98399200,1.42090690,-1.77871253,0.14490573,-0.17931000,0.39342911,-0.96207707,0.00991120,-0.03486442,0.23742656,-0.27188738,0.32150649,-0.15255016,0.01729463,-0.03357008,0.42893300,-0.21811322
1.98999500,1.49202176,-1.75693657,0.15659313,-0.18408045,0.41567760,-0.94214046,0.01026002,-0.03723205,0.25306493,-0.26407132,0.33377788,-0.15735965,0.01752395,-0.03485265,0.45278832,-0.21604447
1.99599800,1.56245066,-1.74016071,0.16887843,-0.18929198,0.43781193,-0.92532587,0.01067295,-0.03957801,0.26882323,-0.25730003,0.34478381,-0.16250388,0.01768436,-0.03617397,0.47654699,-0.21465870
2.00200100,1.63154624,-1.72826194,0.18171090,-0.19486552,0.45964358,-0.91160161,0.01114821,-0.04187171,0.28458811,-0.25158316,0.35439139,-0.16789693,0.01776411,-0.03753109,0.50001976,-0.21394941
2.00800400,1.69872620,-1.72097929,0.19503358,-0.20070042,0.48099941,-0.90084943,0.01168328,-0.04408151,0.30025035,-0.24690136,0.36250076,-0.17344265,0.01775432,-0.03892153,0.52303412,-0.21389041
2.01400700,1.76348043,-1.71793401,0.20878297,-0.20667779,0.50172329,-0.89287457,0.01227487,-0.04617550,0.31570542,-0.24320861,0.36904693,-0.17903847,0.01764909,-0.04034393,0.54543607,-0.21443844
2.02001001,1.82537392,-1.71865463,0.22288860,-0.21266475,0.52167677,-0.88741882,0.01291899,-0.04812238,0.33085343,-0.24043561,0.37400025,-0.18457957,0.01744555,-0.04179860,0.56709061,-0.21553655
2.02601301,1.88404549,-1.72260565,0.23727255,-0.21851937,0.54073859,-0.88417592,0.01361094,-0.04989234,0.34559868,-0.23849395,0.37736547,-0.18996328,0.01714387,-0.04328816,0.58788117,-0.21711794
2.03201601,1.93920248,-1.72921807,0.25184894,-0.22409616,0.55880335,-0.88280844,0.01434538,-0.05145793,0.35984884,-0.23728099,0.37917967,-0.19509349,0.01674703,-0.04481789,0.60770785,-0.21911014
2.03801901,1.99061221,-1.73791996,0.26652347,-0.22925180,0.57577935,-0.88296519,0.01511630,-0.05279493,0.37351379,-0.23668502,0.37950890,-0.19988474,0.01626066,-0.04639611,0.62648485,-0.22143913
2.04402201,2.03809070,-1.74816538,0.28119303,-0.23385092,0.59158577,-0.88429820,0.01591710,-0.05388315,0.38650430,-0.23659055,0.37844405,-0.20426585,0.01569267,-0.04803420,0.64413716,-0.22403329
2.05002501,2.08148982,-1.75945990,0.29574555,-0.23777151,0.60614957,-0.88647829,0.01674064,-0.05470705,0.39873078,-0.23688344,0.37609600,-0.20818277,0.01505291,-0.04974650,0.66059697,-0.22682682
2.05602801,2.12068376,-1.77138126,0.31006010,-0.24090989,0.61940237,-0.88920846,0.01757923,-0.05525632,0.41010214,-0.23745549,0.37259038,-0.21160064,0.01435271,-0.05154990,0.67579989,-0.22976254
2.06203102,2.15555606,-1.78359406,0.32400734,-0.24318483,0.63127737,-0.89223433,0.01842478,-0.05552619,0.42052500,-0.23820850,0.36806224,-0.21450478,0.01360448,-0.05346318,0.68968150,-0.23279379
2.06803402,2.18598816,-1.79585761,0.33745044,-0.24454084,0.64170701,-0.89535120,0.01926879,-0.05551761,0.42990337,-0.23905731,0.36265084,-0.21690068,0.01282127,-0.05550611,0.70217443,-0.23588548
2.07403702,2.21185041,-1.80802672,0.35024646,-0.24495018,0.65062114,-0.89840740,0.02010250,-0.05523718,0.43813903,-0.23993202,0.35649486,-0.21881285,0.01201629,-0.05769835,0.71320625,-0.23901411
2.08004002,2.23299648,-1.82004549,0.36224828,-0.24441384,0.65794633,-0.90130390,0.02091694,-0.05469690,0.44513249,-0.24077909,0.34972817,-0.22028278,0.01120257,-0.06005816,0.72269839,-0.24216684
2.08604302,2.24926147,-1.83193473,0.37330702,-0.24296122,0.66360607,-0.90399045,0.02170308,-0.05391368,0.45078477,-0.24156141,0.34247637,-0.22136589,0.01039258,-0.06260103,0.73056626,-0.24533978
2.09204602,2.26046427,-1.84377396,0.38327498,-0.24064869,0.66752223,-0.90645851,0.02245187,-0.05290875,0.45499989,-0.24225743,0.33485415,-0.22212790,0.00959796,-0.06533829,0.73672059,-0.24853547
2.09804902,2.26641398,-1.85567946,0.39200903,-0.23755696,0.66961754,-0.90873184,0.02315442,-0.05170681,0.45768803,-0.24285946,0.32696354,-0.22264058,0.00882930,-0.06827579,0.74107001,-0.25175992
2.10405203,2.26692024,-1.86777986,0.39937427,-0.23378770,0.66981910,-0.91085528,0.02380205,-0.05033512,0.45876915,-0.24337131,0.31889306,-0.22297734,0.00809598,-0.07141267,0.74352475,-0.25501930
2.11005503,2.26180686,-1.88019117,0.40524799,-0.22945922,0.66806271,-0.91288270,0.02438643,-0.04882258,0.45817706,-0.24380538,0.31071768,-0.22320876,0.00740609,-0.07474047,0.74400134,-0.25831666
2.11605803,2.25092797,-1.89299298,0.40952366,-0.22470174,0.66429773,-0.91486504,0.02489969,-0.04719863,0.45586361,-0.24417967,0.30249953,-0.22339835,0.00676643,-0.07824240,0.74242790,-0.26164879
2.12206103,2.23418589,-1.90620754,0.41211484,-0.21965232,0.65849230,-0.91683923,0.02533452,-0.04549232,0.45180278,-0.24451462,0.29428921,-0.22359890,0.00618253,-0.08189311,0.73874998,-0.26500355
2.12806403,2.21154938,-1.91978326,0.41295883,-0.21444976,0.65063850,-0.91881881,0.02568424,-0.04373139,0.44599449,-0.24483024,0.28612765,-0.22384936,0.00565877,-0.08565876,0.73293640,-0.26835793
2.13406703,2.18307142,-1.93358377,0.41201988,-0.20922961,0.64075718,-0.92078691,0.02594296,-0.04194142,0.43846783,-0.24514358,0.27804821,-0.22417273,0.00519849,-0.08949752,0.72498484,-0.27167683
2.14007004,2.14890519,-1.94738331,0.40929187,-0.20411960,0.62890209,-0.92269193,0.02610562,-0.04014523,0.42928355,-0.24546671,0.27007903,-0.22457476,0.00480419,-0.09336057,0.71492689,-0.27491283
2.14607304,2.10931735,-1.96086884,0.40480024,-0.19923560,0.61516317,-0.92444640,0.02616811,-0.03836233,0.41853556,-0.24580534,0.26224535,-0.22504373,0.00447764,-0.09719332,0.70283208,-0.27800691
2.15207604,2.06469758,-1.97364871,0.39860309,-0.19467820,0.59966854,-0.92592868,0.02612738,-0.03660864,0.40635147,-0.24615806,0.25457176,-0.22555122,0.00422011,-0.10093712,0.68881091,-0.28089013
2.15807904,2.01556373,-1.98526732,0.39079145,-0.19053015,0.58258527,-0.92698770,0.02598146,-0.03489638,0.39289182,-0.24651630,0.24708414,-0.22605373,0.00403252,-0.10453111,0.67301630,-0.28348616
2.16408204,1.96256198,-1.99522478,0.38148855,-0.18685456,0.56411861,-0.92745003,0.02572961,-0.03323415,0.37834830,-0.24686483,0.23981136,-0.22649510,0.00391553,-0.10791428,0.65564361,-0.28571450
2.17008504,1.90646178,-2.00300027,0.37084818,-0.18369386,0.54450978,-0.92712893,0.02537237,-0.03162713,0.36294076,-0.24718278,0.23278639,-0.22680965,0.00386973,-0.11102753,0.63692899,-0.28749416
2.17608804,1.84814536,-2.00807758,0.35905221,-0.18106976,0.52403233,-0.92583459,0.02491156,-0.03007752,0.34691325,-0.24744511,0.22604702,-0.22692555,0.00389563,-0.11381579,0.61714611,-0.28874770
2.18209105,1.78859218,-2.00997120,0.34630722,-0.17898369,0.50298708,-0.92338486,0.02435041,-0.02858501,0.33052910,-0.24762424,0.21963596,-0.22676862,0.00399373,-0.11622985,0.59660126,-0.28940517
2.18809405,1.72885857,-2.00825120,0.33284046,-0.17741817,0.48169600,-0.91961583,0.02369346,-0.02714736,0.31406541,-0.24769186,0.21360035,-0.22626596,0.00416446,-0.11822808,0.57562708,-0.28940786
2.19409705,1.67005323,-2.00256555,0.31889519,-0.17633858,0.46049504,-0.91439132,0.02294662,-0.02576105,0.29780694,-0.24762071,0.20799074,-0.22534948,0.00440815,-0.11977771,0.55457498,-0.28871152
2.20010005,1.61330937,-1.99265831,0.30472561,-0.17569547,0.43972628,-0.90761095,0.02211709,-0.02442189,0.28203979,-0.24738614,0.20285948,-0.22395899,0.00472488,-0.12085579,0.53380654,-0.28728889
2.20610305,1.55975441,-1.97838299,0.29059143,-0.17542728,0.41972969,-0.89921610,0.02121324,-0.02312559,0.26704495,-0.24696750,0.19825861,-0.22204481,0.00511435,-0.12144973,0.51368420,-0.28513142
2.21210605,1.51047827,-1.95971008,0.27675232,-0.17546325,0.40083461,-0.88919357,0.02024452,-0.02186836,0.25309209,-0.24634917,0.19423744,-0.21956973,0.00557571,-0.12155732,0.49456157,-0.28224994
2.21810905,1.46650132,-1.93672878,0.26346240,-0.17572658,0.38335151,-0.87757673,0.01922129,-0.02064732,0.24043351,-0.24552120,0.19083972,-0.21651028,0.00610735,-0.12118647,0.47677355,-0.27867441
2.22411206,1.42874319,-1.90964277,0.25096473,-0.17613757,0.36756403,-0.86444417,0.01815461,-0.01946083,0.22929874,-0.24447970,0.18810074,-0.21285737,0.00670668,-0.12035440,0.46062681,-0.27445265
2.23011506,1.39799340,-1.87876075,0.23948624,-0.17661684,0.35372164,-0.84991618,0.01705601,-0.01830880,0.21988956,-0.24322673,0.18604439,-0.20861615,0.00737000,-0.11908659,0.44639081,-0.26964823
2.23611806,1.37488506,-1.84448235,0.22923286,-0.17708835,0.34203327,-0.83414910,0.01593728,-0.01719274,0.21237582,-0.24177001,0.18468042,-0.20380537,0.00809224,-0.11741545,0.43428970,-0.26433756
2.24212106,1.35987236,-1.80728045,0.22038517,-0.17748227,0.33266178,-0.81732836,0.01481018,-0.01611581,0.20689191,-0.24012238,0.18400198,-0.19845617,0.00886691,-0.11537880,0.42449543,-0.25860645
2.24812406,1.35321297,-1.76768122,0.21309462,-0.17773762,0.32571977,-0.79966026,0.01368621,-0.01508270,0.20353405,-0.23830104,0.18398370,-0.19261051,0.00968595,-0.11301825,0.41712226,-0.25254636
2.25412706,1.35495576,-1.72624296,0.20748022,-0.17780441,0.32126649,-0.78136346,0.01257633,-0.01409948,0.20235827,-0.23632670,0.18458045,-0.18631931,0.01053974,-0.11037754,0.41222290,-0.24625045
2.26013007,1.36493454,-1.68353494,0.20362599,-0.17764558,0.31930622,-0.76266035,0.01149078,-0.01317331,0.20337919,-0.23422278,0.18572681,-0.17964047,0.01141712,-0.10750107,0.40978647,-0.23980985
2.26613307,1.38276805,-1.64011760,0.20157898,-0.17723820,0.31978790,-0.74376895,0.01043884,-0.01231213,0.20656952,-0.23201447,0.18733741,-0.17263680,0.01230552,-0.10443237,0.40973822,-0.23331010
2.27213607,1.40786634,-1.59652468,0.20134803,-0.17657434,0.32260613,-0.72489574,0.00942867,-0.01152432,0.21186025,-0.22972802,0.18930831,-0.16537411,0.01319114,-0.10121302,0.41194116,-0.22682829
2.27813907,1.43944332,-1.55324838,0.20290323,-0.17566117,0.32760351,-0.70622962,0.00846719,-0.01081833,0.21914152,-0.22739000,0.19151910,-0.15791939,0.01405922,-0.09788158,0.41619960,-0.22043070
2.28414207,1.47653524,-1.51072783,0.20617615,-0.17452058,0.33457416,-0.68793732,0.00756000,-0.01020227,0.22826421,-0.22502664,0.19383606,-0.15033927,0.01489437,-0.09447294,0.42226426,-0.21417126
2.29014507,1.51802455,-1.46934112,0.21106075,-0.17318805,0.34326838,-0.67016031,0.00671135,-0.00968356,0.23904208,-0.22266338,0.19611593,-0.14269870,0.01568099,-0.09101790,0.42983906,-0.20809082
2.29614807,1.56266831,-1.42940110,0.21741510,-0.17171101,0.35339837,-0.65301321,0.00592413,-0.00926863,0.25125469,-0.22032434,0.19821044,-0.13505998,0.01640363,-0.08754299,0.43858921,-0.20221719
2.30215108,1.60913033,-1.39115449,0.22506388,-0.17014659,0.36464477,-0.63658360,0.00519993,-0.00896254,0.26465083,-0.21803195,0.19997113,-0.12748203,0.01704753,-0.08407054,0.44815032,-0.19656601
2.30815408,1.65601603,-1.35478414,0.23380158,-0.16855891,0.37666397,-0.62093310,0.00453911,-0.00876874,0.27895275,-0.21580661,0.20125450,-0.12001995,0.01759900,-0.08061902,0.45813840,-0.19114224
2.31415708,1.70190878,-1.32041384,0.24339645,-0.16701600,0.38909587,-0.60609950,0.00394095,-0.00868887,0.29386083,-0.21366630,0.20192703,-0.11272487,0.01804595,-0.07720346,0.46816018,-0.18594223
2.32016008,1.74540670,-1.28811523,0.25359516,-0.16558647,0.40157213,-0.59209965,0.00340373,-0.00872256,0.30905902,-0.21162633,0.20186999,-0.10564397,0.01837821,-0.07383605,0.47782361,-0.18095622
2.32616308,1.78515871,-1.25791599,0.26412809,-0.16433614,0.41372448,-0.57893298,0.00292496,-0.00886734,0.32422071,-0.20969898,0.20098376,-0.09882073,0.01858793,-0.07052680,0.48674816,-0.17617104
2.33216608,1.81989860,-1.22980908,0.27471515,-0.16332470,0.42519307,-0.56658527,0.00250145,-0.00911855,0.33901511,-0.20789333,0.19919135,-0.09229530,0.01866985,-0.06728424,0.49457455,-0.17157303
2.33816908,1.84847630,-1.20376220,0.28507206,-0.16260269,0.43563455,-0.55503262,0.00212956,-0.00946940,0.35311404,-0.20621498,0.19644113,-0.08610497,0.01862146,-0.06411606,0.50097368,-0.16715075
2.34417209,1.86988524,-1.17972715,0.29491691,-0.16220886,0.44472971,-0.54424524,0.00180529,-0.00991099,0.36619888,-0.20466599,0.19270849,-0.08028475,0.01844314,-0.06102980,0.50565446,-0.16289760
2.35017509,1.88328515,-1.15764881,0.30397686,-0.16216816,0.45219056,-0.53419119,0.00152444,-0.01043246,0.37796761,-0.20324493,0.18799647,-0.07486795,0.01813806,-0.05803337,0.50837036,-0.15881406
2.35617809,1.88801970,-1.13747332,0.31199479,-0.16249040,0.45776659,-0.52483971,0.00128277,-0.01102120,0.38814177,-0.20194702,0.18233526,-0.06988683,0.01771215,-0.05513548,0.50892458,-0.15490959
2.36218109,1.88362855,-1.11915542,0.31873569,-0.16316977,0.46125001,-0.51616424,0.00107607,-0.01166311,0.39647299,-0.20076455,0.17578066,-0.06537314,0.01717383,-0.05234605,0.50717351,-0.15120390
2.36818409,1.86985372,-1.10266478,0.32399257,-0.16418515,0.46247998,-0.50814508,0.00090028,-0.01234289,0.40274905,-0.19968749,0.16841160,-0.06135873,0.01653374,-0.04967635,0.50302879,-0.14772788
2.37418709,1.84664016,-1.08799133,0.32759174,-0.16550138,0.46134555,-0.50077161,0.00075155,-0.01304446,0.40679910,-0.19870428,0.16032687,-0.05787607,0.01580437,-0.04713917,0.49645762,-0.14452380
2.38019010,1.81413080,-1.07514954,0.32939714,-0.16707124,0.45778737,-0.49404412,0.00062631,-0.01375139,0.40849789,-0.19780285,0.15164116,-0.05495862,0.01499961,-0.04474872,0.48748160,-0.14164517
2.38619310,1.77265646,-1.06418167,0.32931367,-0.16883825,0.45179796,-0.48797530,0.00052127,-0.01444731,0.40776883,-0.19697187,0.14248075,-0.05264119,0.01413433,-0.04252055,0.47617411,-0.13915597
2.39219610,1.72272107,-1.05516002,0.32728935,-0.17074002,0.44342074,-0.48259125,0.00043347,-0.01511646,0.40458572,-0.19620205,0.13297898,-0.05096010,0.01322389,-0.04047129,0.46265644,-0.13712947
2.39819910,1.66498285,-1.04818819,0.32331613,-0.17271207,0.43274765,-0.47793209,0.00036029,-0.01574415,0.39897309,-0.19548753,0.12327165,-0.04995325,0.01228371,-0.03861829,0.44709274,-0.13564676
2.40420210,1.60023227,-1.04340126,0.31742945,-0.17469178,0.41991560,-0.47405215,0.00029942,-0.01631729,0.39100497,-0.19482721,0.11349271,-0.04965997,0.01132878,-0.03697922,0.42968412,-0.13479484
2.41020510,1.52936753,-1.04096496,0.30970641,-0.17662243,0.40510175,-0.47101968,0.00024884,-0.01682483,0.38080231,-0.19422606,0.10377030,-0.05012071,0.01037333,-0.03557159,0.41066205,-0.13466460
2.41620810,1.45336841,-1.04107365,0.30026273,-0.17845704,0.38851790,-0.46891595,0.00020685,-0.01725818,0.36852902,-0.19369607,0.09422332,-0.05137656,0.00943046,-0.03441222,0.39028126,-0.13534856
2.42221111,1.37326938,-1.04394723,0.28924852,-0.18016166,0.37040408,-0.46783392,0.00017199,-0.01761162,0.35438670,-0.19325705,0.08495858,-0.05346854,0.00851190,-0.03351665,0.36881249,-0.13693860
2.42821411,1.29013282,-1.04982678,0.27684322,-0.18171822,0.35102158,-0.46787620,0.00014303,-0.01788251,0.33860848,-0.19293692,0.07606871,-0.05643670,0.00762777,-0.03289856,0.34653519,-0.13952361
2.43421711,1.20502308,-1.05896911,0.26324958,-0.18312651,0.33064572,-0.46915250,0.00011894,-0.01807153,0.32145195,-0.19277173,0.06763076,-0.06031916,0.00678651,-0.03256919,0.32373049,-0.14318728
2.44022011,1.11898222,-1.07164009,0.24868737,-0.18440526,0.30955853,-0.47177643,0.00009888,-0.01818271,0.30319170,-0.19280503,0.05970551,-0.06515087,0.00599479,-0.03253676,0.30067458,-0.14800590
2.44622311,1.03300793,-1.08810707,0.23338662,-0.18559240,0.28804167,-0.47586190,0.00008216,-0.01822343,0.28411154,-0.19308697,0.05233745,-0.07096236,0.00525752,-0.03280590,0.27763269,-0.15404639
2.45222611,0.94803434,-1.10863045,0.21758104,-0.18674425,0.26636969,-0.48151898,0.00006819,-0.01820420,0.26449691,-0.19367282,0.04555530,-0.07777849,0.00457794,-0.03337724,0.25485382,-0.16136451
2.45822911,0.86491590,-1.13345467,0.20150165,-0.18793385,0.24480398,-0.48884957,0.00005651,-0.01813844,0.24462765,-0.19462126,0.03937315,-0.08561713,0.00395775,-0.03424692,0.23256630,-0.17000330
2.46423212,0.78441491,-1.16279894,0.18537085,-0.18924846,0.22358752,-0.49794294,0.00004674,-0.01804201,0.22477130,-0.19599223,0.03379184,-0.09448792,0.00339722,-0.03540635,0.21097438,-0.17999181
2.47023512,0.70719255,-1.19684807,0.16939732,-0.19078637,0.20294053,-0.50887129,0.00003856,-0.01793274,0.20517747,-0.19784477,0.02880077,-0.10439126,0.00289543,-0.03684202,0.19025569,-0.19134405
2.47623812,0.63380365,-1.23574370,0.15377164,-0.19265315,0.18305723,-0.52168572,0.00003172,-0.01782986,0.18607298,-0.20023470,0.02437977,-0.11531734,0.00245044,-0.03853544,0.17055980,-0.20405832
2.48224112,0.56469504,-1.27957631,0.13866294,-0.19495755,0.16410361,-0.53641252,0.00002601,-0.01775328,0.16765841,-0.20321240,0.02050114,-0.12724550,0.00205950,-0.04046327,0.15200765,-0.21811678
2.48824412,0.50020719,-1.32837840,0.12421657,-0.19780725,0.14621637,-0.55305029,0.00002124,-0.01772292,0.15010563,-0.20682078,0.01713164,-0.14014377,0.00171924,-0.04259759,0.13469199,-0.23348535
2.49424712,0.44057891,-1.38211891,0.11055276,-0.20130458,0.12950285,-0.57156772,0.00001727,-0.01775797,0.13355666,-0.21109358,0.01423439,-0.15396868,0.00142592,-0.04490630,0.11867855,-0.25011384
2.50025013,0.38595465,-1.44069928,0.09776631,-0.20554251,0.11404191,-0.59190244,0.00001398,-0.01787616,0.11812366,-0.21605398,0.01177066,-0.16866533,0.00117552,-0.04735378,0.10400805,-0.26793635
2.50625313,0.33639405,-1.50395106,0.08592712,-0.21060095,0.09988576,-0.61396075,0.00001126,-0.01809303,0.10388993,-0.22171372,0.00970143,-0.18416762,0.00096397,-0.04990154,0.09069866,-0.28687195
2.51225613,0.29188296,-1.57163518,0.07508156,-0.21654354,0.08706239,-0.63761835,0.00000902,-0.01842131,0.09091184,-0.22807260,0.00798880,-0.20039873,0.00078728,-0.05250912,0.07874908,-0.30682540
2.51825913,0.25234579,-1.64344270,0.06525446,-0.22341504,0.07557860,-0.66272205,0.00000719,-0.01887034,0.07922153,-0.23511852,0.00659713,-0.21727163,0.00064159,-0.05513500,0.06814182,-0.32768820
2.52426213,0.21765831,-1.71899688,0.05645166,-0.23123939,0.06542338,-0.68909217,0.00000569,-0.01944561,0.06883008,-0.24282785,0.00549398,-0.23468968,0.00052333,-0.05773757,0.05884669,-0.34933955
2.53026513,0.18766054,-1.79785637,0.04866277,-0.24001844,0.05657156,-0.71652570,0.00000448,-0.02014836,0.05973108,-0.25116622,0.00465081,-0.25254721,0.00042925,-0.06027613,0.05082437,-0.37164747
2.53626813,0.16216930,-1.87951926,0.04186420,-0.24973138,0.04898737,-0.74479986,0.00000351,-0.02097544,0.05190436,-0.26008948,0.00404353,-0.27073004,0.00035648,-0.06271184,0.04402980,-0.39446995
2.54227114,0.14098988,-1.96342775,0.03602220,-0.26033481,0.04262800,-0.77367593,0.00000273,-0.02191916,0.04531968,-0.26954494,0.00365280,-0.28911588,0.00030252,-0.06500858,0.03841544,-0.41765608
2.54827414,0.12392640,-2.04897313,0.03109575,-0.27176355,0.03744684,-0.80290321,0.00000211,-0.02296740,0.03994017,-0.27947262,0.00346420,-0.30757465,0.00026532,-0.06713368,0.03393408,-0.44104713
2.55427714,0.11079078,-2.13550110,0.02703925,-0.28393186,0.03339632,-0.83222284,0.00000162,-0.02410385,0.03572550,-0.28980650,0.00346824,-0.32596865,0.00024321,-0.06905855,0.03054137,-0.46447774
2.56028014,0.10140980,-2.22231723,0.02380486,-0.29673531,0.03043031,-0.86137141,0.00000123,-0.02530833,0.03263451,-0.30047568,0.00366022,-0.34415270,0.00023494,-0.07075904,0.02819775,-0.48777700
2.56628314,0.09563017,-2.30869261,0.02134448,-0.31005301,0.02850596,-0.89008429,0.00000093,-0.02655736,0.03062732,-0.31140544,0.00403999,-0.36197429,0.00023961,-0.07221575,0.02686988,-0.51076968
2.57228614,0.09332162,-2.39386976,0.01961124,-0.32375016,0.02758488,-0.91809850,0.00000070,-0.02782477,0.02966677,-0.32251806,0.00461158,-0.37927382,0.00025668,-0.07341400,0.02653142,-0.53327747
2.57828914,0.09437771,-2.47706901,0.01856064,-0.33768095,0.02763380,-0.94515536,0.00000053,-0.02908241,0.02971929,-0.33373350,0.00538270,-0.39588506,0.00028588,-0.07434370,0.02716325,-0.55512039
2.58429215,0.09871466,-2.55749552,0.01815107,-0.35169157,0.02862449,-0.97100263,0.00000039,-0.03030101,0.03075501,-0.34496993,0.00636414,-0.41163597,0.00032724,-0.07499908,0.02875309,-0.57611832
2.59029515,0.10626807,-2.63434713,0.01834406,-0.36562333,0.03053321,-0.99539661,0.00000029,-0.03145101,0.03274731,-0.35614406,0.00756910,-0.42634994,0.00038098,-0.07537827,0.03129441,-0.59609277
2.59629815,0.11698791,-2.70682316,0.01910401,-0.37931585,0.03333947,-1.01810387,0.00000021,-0.03250347,0.03567174,-0.36717144,0.00901233,-0.43984758,0.00044747,-0.07548274,0.03478495,-0.61486881
2.60230115,0.13083174,-2.77413440,0.02039765,-0.39261017,0.03702447,-1.03890306,0.00000015,-0.03343093,0.03950452,-0.37796668,0.01070927,-0.45194916,0.00052718,-0.07531679,0.03922458,-0.63227718
2.60830415,0.14775677,-2.83551412,0.02219319,-0.40535169,0.04156899,-1.05758660,0.00000011,-0.03420824,0.04422055,-0.38844366,0.01267499,-0.46247766,0.00062064,-0.07488699,0.04461283,-0.64815670
2.61430715,0.16771088,-2.89023003,0.02445929,-0.41739291,0.04695113,-1.07396250,0.00000008,-0.03481336,0.04979115,-0.39851583,0.01492319,-0.47126244,0.00072835,-0.07420162,0.05094605,-0.66235659
2.62031016,0.19062303,-2.93759702,0.02716385,-0.42859596,0.05314383,-1.08785622,0.00000006,-0.03522798,0.05618176,-0.40809656,0.01746500,-0.47814348,0.00085071,-0.07327028,0.05821440,-0.67473905
2.62631316,0.21639368,-2.97699016,0.03027287,-0.43883461,0.06011232,-1.09911256,0.00000004,-0.03543806,0.06334942,-0.41709956,0.02030786,-0.48297599,0.00098798,-0.07210346,0.06639873,-0.68518161
2.63231616,0.24488546,-3.00785752,0.03374922,-0.44799605,0.06781178,-1.10759759,0.00000003,-0.03543423,0.07124060,-0.42543945,0.02345435,-0.48563524,0.00114021,-0.07071235,0.07546751,-0.69357944
2.63831916,0.27591480,-3.02973228,0.03755166,-0.45598210,0.07618512,-1.11320044,0.00000002,-0.03521203,0.07978918,-0.43303240,0.02690113,-0.48602144,0.00130719,-0.06910869,0.08537404,-0.69984734
2.64432216,0.30924490,-3.04224350,0.04163397,-0.46270999,0.08516127,-1.11583495,0.00000001,-0.03477195,0.08891489,-0.43979680,0.03063792,-0.48406428,0.00148836,-0.06730473,0.09605402,-0.70392137
2.65032516,0.34458047,-3.04512501,0.04594440,-0.46811264,0.09465390,-1.11544096,0.00000001,-0.03411934,0.09852232,-0.44565410,0.03464666,-0.47972698,0.00168282,-0.06531331,0.10742360,-0.70575997
2.65632816,0.38156486,-3.03822181,0.05042538,-0.47213854,0.10456080,-1.11198527,0.00000001,-0.03326417,0.10850054,-0.45052951,0.03890091,-0.47300960,0.00188926,-0.06314799,0.11937823,-0.70534460
2.66233117,0.41977967,-3.02149381,0.05501367,-0.47475119,0.11476393,-1.10546204,0.00000000,-0.03222060,0.11872349,-0.45435285,0.04336547,-0.46395126,0.00210596,-0.06082323,0.13179220,-0.70267981
2.66833417,0.45874727,-2.99501639,0.05964079,-0.47592820,0.12513033,-1.09589267,0.00000000,-0.03100645,0.12905119,-0.45705935,0.04799634,-0.45263119,0.00233076,-0.05835452,0.14451915,-0.69779265
2.67433717,0.49793632,-2.95897802,0.06423390,-0.47566019,0.13551372,-1.08332518,0.00000000,-0.02964261,0.13933162,-0.45859041,0.05274096,-0.43916843,0.00256111,-0.05575859,0.15739355,-0.69073163
2.68034017,0.53677021,-2.91367485,0.06871695,-0.47394950,0.14575693,-1.06783299,0.00000000,-0.02815229,0.14940351,-0.45889439,0.05753889,-0.42372018,0.00279406,-0.05305348,0.17023310,-0.68156516
2.68634317,0.57463831,-2.85950267,0.07301226,-0.47080894,0.15569512,-1.04951327,0.00000000,-0.02656030,0.15909971,-0.45792739,0.06232281,-0.40647868,0.00302634,-0.05025852,0.18284215,-0.67037961
2.69234617,0.61090979,-2.79694670,0.07704229,-0.46626055,0.16515948,-1.02848504,0.00000000,-0.02489232,0.16825119,-0.45565406,0.06701991,-0.38766692,0.00325441,-0.04739431,0.19501597,-0.65727714
2.69834917,0.64494935,-2.72656980,0.08073155,-0.46033455,0.17398159,-1.00488688,0.00000000,-0.02317409,0.17669146,-0.45204848,0.07155359,-0.36753311,0.00347455,-0.04448254,0.20654572,-0.64237334
2.70435218,0.67613454,-2.64899963,0.08400874,-0.45306860,0.18199801,-0.97887475,0.00000000,-0.02143079,0.18426124,-0.44709502,0.07584543,-0.34634433,0.00368295,-0.04154570,0.21722406,-0.62579496
2.71035518,0.70387373,-2.56491556,0.08680877,-0.44450728,0.18905505,-0.95061970,0.00000000,-0.01968638,0.19081316,-0.44078929,0.07981742,-0.32437957,0.00387582,-0.03860672,0.22685103,-0.60767767
2.71635818,0.72762408,-2.47503581,0.08907478,-0.43470195,0.19501348,-0.92030586,0.00000000,-0.01796305,0.19621636,-0.43313917,0.08339425,-0.30192240,0.00404950,-0.03568858,0.23524010,-0.58816409
2.72236118,0.74690874,-2.38010547,0.09075990,-0.42371087,0.19975293,-0.88812865,0.00000000,-0.01628080,0.20036064,-0.42416573,0.08650566,-0.27925367,0.00420059,-0.03281385,0.24222405,-0.56740208
2.72836418,0.76133239,-2.28088563,0.09182879,-0.41159961,0.20317583,-0.85429324,0.00000000,-0.01465710,0.20316010,-0.41390423,0.08908878,-0.25664455,0.00432602,-0.03000415,0.24766037,-0.54554335
2.73436718,0.77059448,-2.17814407,0.09225878,-0.39844166,0.20521065,-0.81901337,0.00000000,-0.01310668,0.20455602,-0.40240494,0.09109016,-0.23435009,0.00442320,-0.02727972,0.25143603,-0.52274241
2.74037019,0.77449940,-2.07264745,0.09204061,-0.38431911,0.20581439,-0.78251040,0.00000000,-0.01164139,0.20451880,-0.38973383,0.09246766,-0.21260371,0.00449009,-0.02465897,0.25347137,-0.49915578
2.74637319,0.77296323,-1.96515512,0.09117876,-0.36932330,0.20497395,-0.74501253,0.00000000,-0.01027024,0.20304902,-0.37597298,0.09319193,-0.19161261,0.00452526,-0.02215807,0.25372283,-0.47494145
2.75237619,0.76601668,-1.85641425,0.08969120,-0.35355543,0.20270665,-0.70675410,0.00000000,-0.00899944,0.20017734,-0.36122069,0.09324738,-0.17155439,0.00452795,-0.01979066,0.25218445,-0.45025844
2.75837919,0.75380391,-1.74715609,0.08760884,-0.33712679,0.19905956,-0.66797493,0.00000000,-0.00783260,0.19596343,-0.34559123,0.09263284,-0.15257489,0.00449811,-0.01756763,0.24888813,-0.42526651
2.76438219,0.73657758,-1.63809311,0.08497434,-0.32015884,0.19410790,-0.62891941,0.00000000,-0.00677092,0.19049389,-0.32921410,0.09136150,-0.13478713,0.00443638,-0.01549700,0.24390249,-0.40012573
2.77038519,0.71469009,-1.52991662,0.08184072,-0.30278280,0.18795243,-0.58983547,0.00000000,-0.00581347,0.18387927,-0.31223288,0.08946053,-0.11827158,0.00434407,-0.01358389,0.23733046,-0.37499604
2.77638819,0.68858158,-1.42329462,0.07826958,-0.28513885,0.18071602,-0.55097313,0.00000000,-0.00495755,0.17625037,-0.29480364,0.08697003,-0.10307727,0.00422313,-0.01183060,0.22930580,-0.35003657
2.78239120,0.65876518,-1.31886962,0.07432903,-0.26737492,0.17253959,-0.51258283,0.00000000,-0.00419892,0.16775393,-0.27709292,0.08394170,-0.08922391,0.00407608,-0.01023675,0.21998852,-0.32540477
2.78839420,0.62581028,-1.21725627,0.07009158,-0.24964511,0.16357755,-0.47491335,0.00000000,-0.00353218,0.15854791,-0.25927533,0.08043699,-0.07670474,0.00390590,-0.00879954,0.20955958,-0.30125535
2.79439720,0.59032448,-1.11903877,0.06563196,-0.23210774,0.15399298,-0.43820942,0.00000000,-0.00295106,0.14879673,-0.24153094,0.07652509,-0.06548977,0.00371594,-0.00751405,0.19821507,-0.27773902
2.80040020,0.55293509,-1.02476796,0.06102489,-0.21492324,0.14395269,-0.40270920,0.00000000,-0.00244873,0.13866633,-0.22404243,0.07228061,-0.05552954,0.00350984,-0.00637352,0.18616010,-0.25500101
2.80640320,0.51427096,-0.93495825,0.05634311,-0.19825176,0.13362254,-0.36864154,0.00000000,-0.00201802,0.12831968,-0.20699219,0.06778128,-0.04675887,0.00329136,-0.00536974,0.17360269,-0.23317957
2.81240620,0.47494523,-0.85008455,0.05165553,-0.18225087,0.12316295,-0.33622329,0.00000000,-0.00165170,0.11791249,-0.19055950,0.06310556,-0.03910065,0.00306431,-0.00449342,0.16074793,-0.21240442
2.81840920,0.43553991,-0.77057919,0.04702568,-0.16707324,0.11272501,-0.30565675,0.00000000,-0.00134261,0.10758965,-0.17491783,0.05833047,-0.03246951,0.00283244,-0.00373449,0.14779256,-0.19279526
2.82441221,0.39659250,-0.69682923,0.04251044,-0.15286446,0.10244711,-0.27712728,0.00000000,-0.00108387,0.09748212,-0.16023232,0.05352951,-0.02677513,0.00259931,-0.00308248,0.13492025,-0.17446040
2.83041521,0.35858517,-0.62917408,0.03815912,-0.13976109,0.09245228,-0.25080128,0.00000000,-0.00086899,0.08770472,-0.14665764,0.04877093,-0.02192526,0.00236824,-0.00252679,0.12229769,-0.15749557
2.83641821,0.32193683,-0.56790365,0.03401287,-0.12788894,0.08284636,-0.22682450,0.00000000,-0.00069192,0.07835455,-0.13433608,0.04411626,-0.01782826,0.00214222,-0.00205696,0.11007156,-0.14198304
2.84242121,0.28699787,-0.51325704,0.03010443,-0.11736165,0.07371680,-0.20532077,0.00000000,-0.00054713,0.06951017,-0.12339603,0.03961926,-0.01439523,0.00192385,-0.00166287,0.09836643,-0.12799088
2.84842421,0.25404788,-0.46542163,0.02645816,-0.10827940,0.06513224,-0.18639109,0.00000000,-0.00042966,0.06123152,-0.11395071,0.03532514,-0.01154167,0.00171533,-0.00133492,0.08728363,-0.11557258
2.85442721,0.22329580,-0.42453264,0.02309037,-0.10072799,0.05714279,-0.17011307,0.00000000,-0.00033508,0.05356041,-0.10609717,0.03127026,-0.00918871,0.00151844,-0.00106417,0.07690101,-0.10476685
2.86043022,0.19488248,-0.39067284,0.02000987,-0.09477795,0.04978082,-0.15654059,0.00000000,-0.00025952,0.04652159,-0.09991549,0.02748204,-0.00726396,0.00133449,-0.00084240,0.06727346,-0.09559764
2.86643322,0.16888515,-0.36387236,0.01721866,-0.09048383,0.04306228,-0.14570370,0.00000000,-0.00019960,0.04012422,-0.09546804,0.02397929,-0.00570194,0.00116440,-0.00066217,0.05843422,-0.08807427
2.87243622,0.14532348,-0.34410825,0.01471282,-0.08788341,0.03698841,-0.13760848,0.00000000,-0.00015245,0.03436368,-0.09279880,0.02077274,-0.00444428,0.00100869,-0.00051684,0.05039665,-0.08219164
2.87843922,0.12416664,-0.33130387,0.01248344,-0.08699700,0.03154768,-0.13223698,0.00000000,-0.00011564,0.02922357,-0.09193266,0.01786575,-0.00343965,0.00086753,-0.00040059,0.04315651,-0.07793053
2.88444222,0.10534116,-0.32532768,0.01051754,-0.08782658,0.02671785,-0.12954700,0.00000000,-0.00008710,0.02467783,-0.09287460,0.01525522,-0.00264345,0.00074077,-0.00030832,0.03669445,-0.07525774
2.89044522,0.08873899,-0.32599166,0.00879904,-0.09035490,0.02246813,-0.12947174,0.00000000,-0.00006515,0.02069286,-0.09560878,0.01293260,-0.00201741,0.00062799,-0.00023567,0.03097870,-0.07412627
2.89644822,0.07422553,-0.33304917,0.00730967,-0.09454443,0.01876132,-0.13191935,0.00000000,-0.00004839,0.01722951,-0.10009755,0.01088487,-0.00152908,0.00052855,-0.00017893,0.02596772,-0.07447540
2.90245123,0.06164726,-0.34619267,0.00602978,-0.10033641,0.01555571,-0.13677230,0.00000000,-0.00003570,0.01424506,-0.10628045,0.00909559,-0.00115127,0.00044167,-0.00013497,0.02161284,-0.07623062
2.90845423,0.05083878,-0.36505120,0.00493909,-0.10764980,0.01280694,-0.14388676,0.00000001,-0.00002615,0.01169483,-0.11407315,0.00754586,-0.00086142,0.00036641,-0.00010123,0.01786061,-0.07930362
2.91445723,0.04162906,-0.38918829,0.00401730,-0.11638048,0.01046959,-0.15309212,0.00000001,-0.00001902,0.00953369,-0.12336664,0.00621523,-0.00064109,0.00030180,-0.00007558,0.01465502,-0.08359222
2.92046023,0.03384681,-0.41810055,0.00324463,-0.12640067,0.00849850,-0.16419066,0.00000002,-0.00001374,0.00771730,-0.13402665,0.00508250,-0.00047531,0.00024680,-0.00005631,0.01193938,-0.08898046
2.92646323,0.02732487,-0.45121736,0.00260223,-0.13755881,0.00684986,-0.17695775,0.00000002,-0.00000985,0.00620307,-0.14589356,0.00412639,-0.00035216,0.00020037,-0.00004206,0.00965788,-0.09533882
2.93246623,0.02190370,-0.48790229,0.00207243,-0.14967995,0.00548210,-0.19114253,0.00000004,-0.00000702,0.00495089,-0.15878283,0.00332613,-0.00026224,0.00016150,-0.00003175,0.00775685,-0.10252475
2.93846923,0.01743398,-0.52745652,0.00163901,-0.16256690,0.00435651,-0.20646949,0.00000006,-0.00000496,0.00392370,-0.17248619,0.00266188,-0.00019829,0.00012924,-0.00002456,0.00618576,-0.11038358
2.94447224,0.01377835,-0.56912478,0.00128731,-0.17600205,0.00343761,-0.22264088,0.00000009,-0.00000349,0.00308776,-0.18677371,0.00211510,-0.00015485,0.00010269,-0.00001991,0.00489783,-0.11874984
2.95047524,0.01081246,-0.61210394,0.00100423,-0.18975020,0.00269338,-0.23934017,0.00000014,-0.00000243,0.00241282,-0.20139669,0.00166872,-0.00012795,0.00008100,-0.00001735,0.00385050,-0.12744919
2.95647824,0.00842534,-0.65555444,0.00077830,-0.20356218,0.00209540,-0.25623655,0.00000021,-0.00000168,0.00187215,-0.21609165,0.00130735,-0.00011492,0.00006344,-0.00001664,0.00300563,-0.13630080
2.96248124,0.00651937,-0.69861451,0.00059955,-0.21717941,0.00161868,-0.27299056,0.00000032,-0.00000116,0.00144241,-0.23058509,0.00101727,-0.00011412,0.00004933,-0.00001765,0.00232949,-0.14512034
2.96848424,0.00500978,-0.74041692,0.00045948,-0.23033913,0.00124162,-0.28926058,0.00000048,-0.00000079,0.00110350,-0.24459920,0.00078644,-0.00012493,0.00003808,-0.00002039,0.00179266,-0.15372345
2.97448724,0.00382386,-0.78010782,0.00035096,-0.24278045,0.00094571,-0.30471021,0.00000071,-0.00000054,0.00083827,-0.25785823,0.00060450,-0.00014754,0.00002920,-0.00002500,0.00136980,-0.16192971
2.98049025,0.00290005,-0.81686714,0.00026808,-0.25425071,0.00071529,-0.31901618,0.00000105,-0.00000036,0.00063231,-0.27009531,0.00046261,-0.00018296,0.00002223,-0.00003171,0.00103935,-0.16956678
2.98649325,0.00218685,-0.84992975,0.00020607,-0.26451212,0.00053728,-0.33187658,0.00000153,-0.00000024,0.00047359,-0.28105961,0.00035340,-0.00023300,0.00001681,-0.00004090,0.00078317,-0.17647488
2.99249625,0.00164174,-0.87860656,0.00016118,-0.27334838,0.00040085,-0.34301904,0.00000223,-0.00000016,0.00035222,-0.29052339,0.00027083,-0.00030021,0.00001264,-0.00005306,0.00058618,-0.18251115
2.99849925,0.00123008,-0.90230458,0.00013060,-0.28057090,0.00029715,-0.35220847,0.00000321,-0.00000011,0.00026010,-0.29828869,0.00021009,-0.00038797,0.00000946,-0.00006881,0.00043597,-0.18755383
3.00450225,0.00092412,-0.92054516,0.00011242,-0.28602450,0.00021900,-0.35925419,0.00000460,-0.00000007,0.00019072,-0.30419341,0.00016752,-0.00050044,0.00000705,-0.00008893,0.00032246,-0.19150608
3.01050525,0.00070206,-0.93297929,0.00010553,-0.28959212,0.00016068,-0.36401575,0.00000654,-0.00000005,0.00013887,-0.30811648,0.00014051,-0.00064267,0.00000527,-0.00011432,0.00023754,-0.19429918
3.01650825,0.00054719,-0.93939932,0.00010962,-0.29119851,0.00011763,-0.36640756,0.00000923,-0.00000003,0.00010040,-0.30998174,0.00012744,-0.00082058,0.00000396,-0.00014604,0.00017478,-0.19589505
3.02251126,0.00044728,-0.93974646,0.00012521,-0.29081253,0.00008633,-0.36640169,0.00001293,-0.00000002,0.00007207,-0.30976046,0.00012771,-0.00104098,0.00000305,-0.00018531,0.00012917,-0.19628776
3.02851426,0.00039396,-0.93411343,0.00015370,-0.28844803,0.00006406,-0.36402894,0.00001800,-0.00000002,0.00005137,-0.30747235,0.00014170,-0.00131160,0.00000244,-0.00023351,0.00009682,-0.19550411
3.03451726,0.00038230,-0.92274221,0.00019739,-0.28416327,0.00004877,-0.35937792,0.00002487,-0.00000001,0.00003636,-0.30318491,0.00017086,-0.00164103,0.00000208,-0.00029218,0.00007485,-0.19360318
3.04052026,0.00041056,-0.90601668,0.00025967,-0.27805873,0.00003897,-0.35259226,0.00003411,-0.00000001,0.00002555,-0.29701113,0.00021780,-0.00203866,0.00000195,-0.00036299,0.00006116,-0.19067465
3.04652326,0.00047995,-0.88445052,0.00034511,-0.27027367,0.00003361,-0.34386588,0.00004647,-0.00000001,0.00001783,-0.28910571,0.00028643,-0.00251457,0.00000201,-0.00044774,0.00005430,-0.18683623
3.05252626,0.00059466,-0.85867062,0.00045965,-0.26098130,0.00003203,-0.33343662,0.00006286,-0.00000001,0.00001236,-0.27965989,0.00038219,-0.00307940,0.00000228,-0.00054831,0.00005340,-0.18223002
3.05852926,0.00076185,-0.82939686,0.00061083,-0.25038293,0.00003389,-0.32157852,0.00008442,-0.00000002,0.00000850,-0.26889512,0.00051225,-0.00374406,0.00000276,-0.00066666,0.00005807,-0.17701800
3.06453227,0.00099186,-0.79741877,0.00080800,-0.23870139,0.00003912,-0.30859281,0.00011258,-0.00000003,0.00000581,-0.25705578,0.00068585,-0.00451953,0.00000347,-0.00080475,0.00006835,-0.17137691
3.07053527,0.00129843,-0.76357022,0.00106261,-0.22617383,0.00004789,-0.29479828,0.00014907,-0.00000004,0.00000394,-0.24440140,0.00091460,-0.00541646,0.00000446,-0.00096445,0.00008468,-0.16549251
3.07653827,0.00169898,-0.72870294,0.00138845,-0.21304438,0.00006064,-0.28052119,0.00019599,-0.00000006,0.00000265,-0.23119852,0.00121287,-0.00644479,0.00000578,-0.00114756,0.00010789,-0.15955362
3.08254127,0.00221503,-0.69366005,0.00180191,-0.19955688,0.00007799,-0.26608520,0.00025584,-0.00000008,0.00000177,-0.21771266,0.00159822,-0.00761329,0.00000750,-0.00135562,0.00013918,-0.15374601
3.08854427,0.00287252,-0.65925034,0.00232228,-0.18594799,0.00010082,-0.25180164,0.00033162,-0.00000012,0.00000118,-0.20420062,0.00209180,-0.00892906,0.00000970,-0.00158990,0.00018013,-0.14824649
3.09454727,0.00370223,-0.62622446,0.00297190,-0.17244088,0.00013024,-0.23796054,0.00042680,-0.00000019,0.00000078,-0.19090343,0.00271877,-0.01039704,0.00001248,-0.00185129,0.00023272,-0.14321719
3.10055028,0.00474004,-0.59525364,0.00377638,-0.15923975,0.00016760,-0.22482268,0.00054540,-0.00000027,0.00000051,-0.17804016,0.00350874,-0.01201943,0.00001597,-0.00214017,0.00029936,-0.13880056
3.10655328,0.00602726,-0.56691171,0.00476460,-0.14652543,0.00021449,-0.21261285,0.00069203,-0.00000040,0.00000033,-0.16580276,0.00449602,-0.01379520,0.00002030,-0.00245636,0.00038287,-0.13511490
3.11255628,0.00761071,-0.54166098,0.00596874,-0.13445192,0.00027276,-0.20151464,0.00087187,-0.00000059,0.00000021,-0.15435220,0.00571996,-0.01571964,0.00002562,-0.00279902,0.00048654,-0.13225083
3.11855928,0.00954270,-0.51984219,0.00742409,-0.12314421,0.00034453,-0.19166678,0.00109067,-0.00000085,0.00000014,-0.14381575,0.00722503,-0.01778393,0.00003212,-0.00316657,0.00061409,-0.13026867
3.12456228,0.01188077,-0.50166898,0.00916866,-0.11269718,0.00043215,-0.18316116,0.00135471,-0.00000123,0.00000009,-0.13428565,0.00906074,-0.01997483,0.00003999,-0.00355667,0.00076966,-0.12919687
3.13056528,0.01468716,-0.48722667,0.01124271,-0.10317562,0.00053822,-0.17604244,0.00167078,-0.00000176,0.00000005,-0.12581897,0.01128145,-0.02227457,0.00004943,-0.00396614,0.00095783,-0.12903153
3.13656828,0.01802799,-0.47647547,0.01368793,-0.09461528,0.00066556,-0.17030931,0.00204600,-0.00000251,0.00000003,-0.11843877,0.01394573,-0.02466075,0.00006068,-0.00439100,0.00118353,-0.12973697
3.14257129,0.02197205,-0.46925768,0.01654654,-0.08702480,0.00081714,-0.16591721,0.00248775,-0.00000353,0.00000002,-0.11213620,0.01711561,-0.02710655,0.00007395,-0.00482645,0.00145198,-0.13124741
3.14857429,0.02658930,-0.46530865,0.01985998,-0.08038839,0.00099605,-0.16278235,0.00300347,-0.00000495,0.00000001,-0.10687364,0.02085540,-0.02958106,0.00008948,-0.00526701,0.00176857,-0.13346962
3.15457729,0.03194887,-0.46427097,0.02366756,-0.07466913,0.00120544,-0.16078691,0.00360043,-0.00000688,0.00000001,-0.10258853,0.02523010,-0.03204977,0.00010752,-0.00570651,0.00213877,-0.13628647
3.16058029,0.03811674,-0.46571126,0.02800472,-0.06981269,0.00144837,-0.15978512,0.00428550,-0.00000951,0.00000000,-0.09919788,0.03030357,-0.03447535,0.00012827,-0.00613829,0.00256794,-0.13956131
3.16658329,0.04515307,-0.46913907,0.03290126,-0.06575129,0.00172777,-0.15961007,0.00506482,-0.00001303,0.00000000,-0.09660304,0.03613624,-0.03681844,0.00015194,-0.00655536,0.00306115,-0.14314291
3.17258629,0.05310921,-0.47402703,0.03837936,-0.06240786,0.00204627,-0.16008086,0.00594348,-0.00001774,0.00000000,-0.09469482,0.04278250,-0.03903878,0.00017871,-0.00695051,0.00362294,-0.14687091
3.17858929,0.06202447,-0.47983162,0.04445156,-0.05970004,0.00240609,-0.16100998,0.00692520,-0.00002397,0.00000000,-0.09335851,0.05028789,-0.04109627,0.00020870,-0.00731659,0.00425710,-0.15058150
3.18459230,0.07192284,-0.48601382,0.05111883,-0.05754410,0.00280887,-0.16221055,0.00801196,-0.00003217,0.00000000,-0.09247883,0.05868601,-0.04295220,0.00024200,-0.00764670,0.00496642,-0.15411320
3.19059530,0.08280960,-0.49205895,0.05836864,-0.05585857,0.00325554,-0.16350326,0.00920365,-0.00004285,0.00000000,-0.09194448,0.06799542,-0.04457049,0.00027863,-0.00793437,0.00575242,-0.15731245
3.19659830,0.09466826,-0.49749485,0.06617342,-0.05456745,0.00374614,-0.16472268,0.01049774,-0.00005668,0.00000000,-0.09165231,0.07821653,-0.04591887,0.00031852,-0.00817383,0.00661506,-0.16003881
3.20260130,0.10745775,-0.50190803,0.07448915,-0.05360298,0.00427974,-0.16572279,0.01188902,-0.00007443,0.00000000,-0.09151084,0.08932874,-0.04696997,0.00036154,-0.00836016,0.00755254,-0.16216968
3.20860430,0.12111009,-0.50495701,0.08325464,-0.05290792,0.00485424,-0.16638155,0.01336936,-0.00009705,0.00000000,-0.09144309,0.10128788,-0.04770233,0.00040746,-0.00848947,0.00856108,-0.16360425
3.21460730,0.13552891,-0.50638253,0.09239107,-0.05243719,0.00546633,-0.16660434,0.01492758,-0.00012564,0.00000000,-0.09138871,0.11402428,-0.04810116,0.00045596,-0.00855907,0.00963475,-0.16426655
3.22061031,0.15058866,-0.50601428,0.10180243,-0.05215906,0.00611141,-0.16632623,0.01654940,-0.00016149,0.00000000,-0.09130517,0.12744145,-0.04815889,0.00050661,-0.00856751,0.01076535,-0.16410753
3.22661331,0.16613493,-0.50377387,0.11137640,-0.05205560,0.00678357,-0.16551287,0.01821751,-0.00020611,0.00000000,-0.09116826,0.14141567,-0.04787555,0.00055889,-0.00851469,0.01194240,-0.16310608
3.23261631,0.18198591,-0.49967417,0.12098608,-0.05212265,0.00747559,-0.16416022,0.01991176,-0.00026120,0.00000000,-0.09097163,0.15579652,-0.04725880,0.00061220,-0.00840182,0.01315318,-0.16126894
3.23861931,0.19793488,-0.49381494,0.13049237,-0.05236917,0.00817906,-0.16229299,0.02160946,-0.00032866,0.00000000,-0.09072564,0.17040850,-0.04632375,0.00066583,-0.00823140,0.01438288,-0.15862957
3.24462231,0.21375405,-0.48637510,0.13974706,-0.05281612,0.00888448,-0.15996191,0.02328581,-0.00041064,0.00000000,-0.09045542,0.18505380,-0.04509252,0.00071903,-0.00800716,0.01561479,-0.15524599
3.25062531,0.22919942,-0.47760197,0.14859643,-0.05349479,0.00958146,-0.15724009,0.02491450,-0.00050947,0.00000000,-0.09019834,0.19951610,-0.04359360,0.00077096,-0.00773386,0.01683070,-0.15119772
3.25662831,0.24401668,-0.46779804,0.15688540,-0.05444480,0.01025893,-0.15421844,0.02646830,-0.00062764,0.00000000,-0.09000094,0.21356545,-0.04186100,0.00082078,-0.00741720,0.01801122,-0.14658207
3.26263132,0.25794789,-0.45730581,0.16446194,-0.05571166,0.01090544,-0.15100055,0.02791983,-0.00076784,0.00000000,-0.08991554,0.22696407,-0.03993331,0.00086761,-0.00706361,0.01913637,-0.14150970
3.26863432,0.27073888,-0.44649143,0.17118171,-0.05734416,0.01150946,-0.14769718,0.02924234,-0.00093283,0.00000000,-0.08999651,0.23947281,-0.03785261,0.00091061,-0.00667999,0.02018604,-0.13610000
3.27463732,0.28214678,-0.43572783,0.17691255,-0.05939149,0.01205973,-0.14442059,0.03041052,-0.00112544,0.00000000,-0.09029662,0.25085817,-0.03566346,0.00094896,-0.00627357,0.02114061,-0.13047622
3.28064032,0.29194770,-0.42537808,0.18153884,-0.06190035,0.01254558,-0.14127902,0.03140131,-0.00134848,0.00000000,-0.09086337,0.26089945,-0.03341183,0.00098189,-0.00585164,0.02198158,-0.12476067
3.28664332,0.29994400,-0.41577965,0.18496535,-0.06491206,0.01295730,-0.13837146,0.03219465,-0.00160471,0.00000000,-0.09173566,0.26939585,-0.03114415,0.00100876,-0.00542139,0.02269213,-0.11907023
3.29264632,0.30597089,-0.40723030,0.18712051,-0.06845977,0.01328645,-0.13578311,0.03277415,-0.00189667,0.00000000,-0.09294081,0.27617312,-0.02890650,0.00102900,-0.00498965,0.02325767,-0.11351228
3.29864932,0.30990209,-0.39997608,0.18795889,-0.07256588,0.01352615,-0.13358148,0.03312765,-0.00222671,0.00000000,-0.09449221,0.28108950,-0.02674399,0.00104220,-0.00456279,0.02366638,-0.10818126
3.30465233,0.31165424,-0.39420199,0.18746279,-0.07723984,0.01367131,-0.13181345,0.03324767,-0.00259680,0.00000000,-0.09638751,0.28404064,-0.02470027,0.00104806,-0.00414656,0.02390958,-0.10315594
3.31065533,0.31118980,-0.39002551,0.18564287,-0.08247629,0.01371881,-0.13050343,0.03313162,-0.00300850,0.00000000,-0.09860761,0.28496331,-0.02281736,0.00104648,-0.00374599,0.02398207,-0.09849753
3.31665833,0.30851841,-0.38749339,0.18253776,-0.08825373,0.01366764,-0.12965250,0.03278196,-0.00346287,0.00000000,-0.10111646,0.28383763,-0.02113559,0.00103747,-0.00336530,0.02388227,-0.09424862
3.32266133,0.30369659,-0.38658158,0.17821269,-0.09453376,0.01351889,-0.12923867,0.03220606,-0.00396039,0.00000000,-0.10386162,0.28068777,-0.01969379,0.00102123,-0.00300790,0.02361233,-0.09043298
3.32866433,0.29682568,-0.38719827,0.17275725,-0.10126090,0.01327576,-0.12921826,0.03141597,-0.00450096,0.00000000,-0.10677559,0.27558112,-0.01852971,0.00099810,-0.00267636,0.02317802,-0.08705619
3.33466733,0.28804835,-0.38918989,0.16628226,-0.10836313,0.01294339,-0.12952818,0.03042800,-0.00508383,0.00000000,-0.10977787,0.26862586,-0.01768045,0.00096856,-0.00237243,0.02258853,-0.08410696
3.34067034,0.27754368,-0.39234960,0.15891604,-0.11575296,0.01252874,-0.13008902,0.02926213,-0.00570763,0.00000000,-0.11277765,0.25996719,-0.01718313,0.00093322,-0.00209713,0.02185615,-0.08155917
3.34667334,0.26552106,-0.39642792,0.15080022,-0.12332928,0.01204030,-0.13080892,0.02794138,-0.00637038,0.00000000,-0.11567707,0.24978225,-0.01707546,0.00089277,-0.00185075,0.02099584,-0.07937432
3.35267634,0.25221326,-0.40114488,0.14208519,-0.13097974,0.01148782,-0.13158778,0.02649102,-0.00706958,0.00000000,-0.11837468,0.23827411,-0.01739639,0.00084801,-0.00163301,0.02002473,-0.07750439
3.35867934,0.23786898,-0.40620314,0.13292556,-0.13858363,0.01088199,-0.13232186,0.02493782,-0.00780227,0.00000000,-0.12076928,0.22566507,-0.01818655,0.00079976,-0.00144308,0.01896156,-0.07589491
3.36468234,0.22274518,-0.41130147,0.12347563,-0.14601526,0.01023411,-0.13290829,0.02330916,-0.00856518,0.00000000,-0.12276371,0.21218956,-0.01948864,0.00074889,-0.00127974,0.01782605,-0.07448807
3.37068534,0.20709950,-0.41614791,0.11388517,-0.15314760,0.00955569,-0.13324957,0.02163231,-0.00935482,0.00000000,-0.12426844,0.19808692,-0.02134747,0.00069627,-0.00114145,0.01663833,-0.07322571
3.37668834,0.19118319,-0.42047202,0.10429573,-0.15985609,0.00885817,-0.13325756,0.01993367,-0.01016762,0.00000000,-0.12520498,0.18359450,-0.02380975,0.00064275,-0.00102641,0.01541836,-0.07205210
3.38269135,0.17523460,-0.42403569,0.09483736,-0.16602251,0.00815262,-0.13285704,0.01823807,-0.01100012,0.00000000,-0.12550877,0.16894120,-0.02692353,0.00058912,-0.00093272,0.01418534,-0.07091639
3.38869435,0.15947375,-0.42664212,0.08562610,-0.17153864,0.00744939,-0.13198849,0.01656830,-0.01184902,0.00000000,-0.12513145,0.15434177,-0.03073727,0.00053612,-0.00085838,0.01295732,-0.06977462
3.39469735,0.14409782,-0.42814234,0.07676208,-0.17630967,0.00675794,-0.13061015,0.01494458,-0.01271136,0.00000000,-0.12404254,0.13999204,-0.03529842,0.00048442,-0.00080143,0.01175070,-0.06859116
3.40070035,0.12927783,-0.42843942,0.06832842,-0.18025713,0.00608665,-0.12869918,0.01338432,-0.01358455,0.00000000,-0.12223036,0.12606518,-0.04065164,0.00043459,-0.00075991,0.01058000,-0.06733969
3.40670335,0.11515659,-0.42748986,0.06039072,-0.18332123,0.00544268,-0.12625194,0.01190186,-0.01446641,0.00000000,-0.11970220,0.11270905,-0.04683669,0.00038711,-0.00073200,0.00945760,-0.06600360
3.41270635,0.10184772,-0.42530245,0.05299726,-0.18546246,0.00483190,-0.12328346,0.01050847,-0.01535517,0.00000000,-0.11648373,0.10004475,-0.05388586,0.00034236,-0.00071598,0.00839362,-0.06457583
3.41870935,0.08943577,-0.42193457,0.04617969,-0.18666251,0.00425886,-0.11982604,0.00921233,-0.01624937,0.00000000,-0.11261773,0.08816610,-0.06182126,0.00030063,-0.00071025,0.00739590,-0.06305827
3.42471236,0.07797731,-0.41748631,0.03995428,-0.18692427,0.00372683,-0.11592720,0.00801872,-0.01714774,0.00000000,-0.10816227,0.07714019,-0.07065189,0.00026211,-0.00071338,0.00647002,-0.06146067
3.43071536,0.06750282,-0.41209269,0.03432339,-0.18627108,0.00323784,-0.11164713,0.00693019,-0.01804907,0.00000000,-0.10318828,0.06700875,-0.08037074,0.00022690,-0.00072406,0.00561944,-0.05979931
3.43671836,0.05801924,-0.40591451,0.02927736,-0.18474517,0.00279282,-0.10705560,0.00594689,-0.01895193,0.00000000,-0.09777687,0.05779018,-0.09095198,0.00019502,-0.00074110,0.00484567,-0.05809529
3.44272136,0.04951287,-0.39912826,0.02479639,-0.18240543,0.00239166,-0.10222871,0.00506686,-0.01985448,0.00000000,-0.09201631,0.04948211,-0.10234850,0.00016642,-0.00076344,0.00414846,-0.05637281
3.44872436,0.04195269,-0.39191579,0.02085258,-0.17932459,0.00203342,-0.09724561,0.00428640,-0.02075416,0.00000000,-0.08599897,0.04206433,-0.11448990,0.00014101,-0.00079010,0.00352609,-0.05465733
3.45472736,0.03529367,-0.38445407,0.01741191,-0.17558601,0.00171643,-0.09218517,0.00360038,-0.02164752,0.00000000,-0.07981831,0.03550188,-0.12728109,0.00011862,-0.00082018,0.00297558,-0.05297381
3.46073037,0.02948010,-0.37690578,0.01443604,-0.17128015,0.00143845,-0.08712298,0.00300268,-0.02252991,0.00000000,-0.07356601,0.02974818,-0.14060178,0.00009908,-0.00085281,0.00249301,-0.05134510
3.46673337,0.02444869,-0.36941112,0.01188406,-0.16650099,0.00119683,-0.08212875,0.00248640,-0.02339539,0.00000000,-0.06732937,0.02474804,-0.15430677,0.00008217,-0.00088720,0.00207371,-0.04979057
3.47273637,0.02013152,-0.36208118,0.00971397,-0.16134258,0.00098865,-0.07726403,0.00204426,-0.02423654,0.00000000,-0.06118912,0.02044056,-0.16822742,0.00006766,-0.00092253,0.00171256,-0.04832501
3.47873937,0.01645855,-0.35499324,0.00788395,-0.15589572,0.00081081,-0.07258062,0.00166879,-0.02504450,0.00000000,-0.05521764,0.01676164,-0.18217404,0.00005531,-0.00095803,0.00140416,-0.04695789
3.48474237,0.01335982,-0.34818819,0.00635340,-0.15024524,0.00066019,-0.06811945,0.00135261,-0.02580901,0.00000000,-0.04947758,0.01364619,-0.19593948,0.00004490,-0.00099289,0.00114303,-0.04569293
3.49074537,0.01076720,-0.34167003,0.00508375,-0.14446758,0.00053369,-0.06391008,0.00108853,-0.02651857,0.00000000,-0.04402105,0.01103007,-0.20930366,0.00003619,-0.00102635,0.00092379,-0.04452808
3.49674837,0.00861586,-0.33540751,0.00403904,-0.13862919,0.00042833,-0.05997074,0.00086979,-0.02716071,0.00000000,-0.03888921,0.00885150,-0.22203899,0.00002896,-0.00105762,0.00074124,-0.04345575
3.50275138,0.00684524,-0.32933768,0.00318631,-0.13278538,0.00034131,-0.05630888,0.00069006,-0.02772236,0.00000001,-0.03411229,0.00705225,-0.23391657,0.00002301,-0.00108595,0.00059051,-0.04246347
3.50875438,0.00539974,-0.32337110,0.00249584,-0.12697999,0.00027001,-0.05292215,0.00054357,-0.02819028,0.00000001,-0.02970999,0.00557842,-0.24471279,0.00001815,-0.00111060,0.00046705,-0.04153465
3.51475738,0.00422916,-0.31739830,0.00194117,-0.12124558,0.00021208,-0.04979972,0.00042514,-0.02855151,0.00000002,-0.02569222,0.00438096,-0.25421622,0.00001421,-0.00113088,0.00036676,-0.04064965
3.52076038,0.00328878,-0.31129717,0.00149911,-0.11560420,0.00016539,-0.04692385,0.00033014,-0.02879397,0.00000003,-0.02206003,0.00341590,-0.26223441,0.00001106,-0.00114618,0.00028595,-0.03978692
3.52676338,0.00253938,-0.30494075,0.00114957,-0.11006866,0.00012805,-0.04427164,0.00025455,-0.02890691,0.00000004,-0.01880677,0.00264440,-0.26860026,0.00000854,-0.00115595,0.00022135,-0.03892422
3.53276638,0.00194691,-0.29820505,0.00087536,-0.10464404,0.00009845,-0.04181672,0.00019487,-0.02888150,0.00000007,-0.01591932,0.00203257,-0.27317777,0.00000655,-0.00115975,0.00017015,-0.03803975
3.53876938,0.00148229,-0.29097643,0.00066195,-0.09932958,0.00007517,-0.03953103,0.00014812,-0.02871119,0.00000010,-0.01337937,0.00155128,-0.27586681,0.00000500,-0.00115725,0.00012988,-0.03711333
3.54477239,0.00112088,-0.28315810,0.00049719,-0.09412049,0.00005701,-0.03738636,0.00011178,-0.02839218,0.00000015,-0.01116471,0.00117574,-0.27660668,0.00000379,-0.00114826,0.00009848,-0.03612734
3.55077539,0.00084213,-0.27467562,0.00037104,-0.08900988,0.00004297,-0.03535577,0.00008376,-0.02792364,0.00000023,-0.00925035,0.00088516,-0.27537834,0.00000286,-0.00113272,0.00007422,-0.03506753
3.55677839,0.00062906,-0.26548085,0.00027531,-0.08399041,0.00003222,-0.03341473,0.00006232,-0.02730787,0.00000035,-0.00760970,0.00066227,-0.27220511,0.00000217,-0.00111071,0.00005564,-0.03392360
3.56278139,0.00046785,-0.25555455,0.00020338,-0.07905578,0.00002409,-0.03154203,0.00004603,-0.02655036,0.00000051,-0.00621549,0.00049293,-0.26715189,0.00000165,-0.00108247,0.00004159,-0.03268958
3.56878439,0.00034739,-0.24490732,0.00014998,-0.07420194,0.00001802,-0.02972034,0.00003376,-0.02565967,0.00000076,-0.00504058,0.00036570,-0.26032287,0.00000128,-0.00104836,0.00003112,-0.03136396
3.57478739,0.00025890,-0.23357900,0.00011100,-0.06942790,0.00001360,-0.02793653,0.00002459,-0.02464722,0.00000111,-0.00405866,0.00027147,-0.25185788,0.00000104,-0.00100886,0.00002348,-0.02994957
3.58079040,0.00019559,-0.22163673,0.00008326,-0.06473618,0.00001049,-0.02618178,0.00001778,-0.02352692,0.00000162,-0.00324476,0.00020311,-0.24192758,0.00000090,-0.00096458,0.00001812,-0.02845333
3.58679340,0.00015240,-0.20917170,0.00006440,-0.06013296,0.00000845,-0.02445133,0.00001276,-0.02231482,0.00000234,-0.00257560,0.00015521,-0.23072764,0.00000086,-0.00091619,0.00001461,-0.02688579
3.59279640,0.00012571,-0.19629499,0.00005275,-0.05562788,0.00000733,-0.02274418,0.00000910,-0.02102850,0.00000335,-0.00202988,0.00012377,-0.21847229,0.00000093,-0.00086446,0.00001269,-0.02526047
3.59879940,0.00011321,-0.18313267,0.00004722,-0.05123355,0.00000704,-0.02106252,0.00000644,-0.01968661,0.00000477,-0.00158840,0.00010607,-0.20538747,0.00000110,-0.00081019,0.00001221,-0.02359324
3.60480240,0.00011379,-0.16982055,0.00004727,-0.04696491,0.00000755,-0.01941118,0.00000452,-0.01830823,0.00000675,-0.00123408,0.00010050,-0.19170388,0.00000140,-0.00075419,0.00001312,-0.02190149
3.61080540,0.00012741,-0.15649874,0.00005283,-0.04283836,0.00000892,-0.01779687,0.00000316,-0.01691236,0.00000947,-0.00095197,0.00010645,-0.17765034,0.00000185,-0.00069727,0.00001552,-0.02020346
3.61680840,0.00015516,-0.14330648,0.00006430,-0.03887092,0.00001127,-0.01622759,0.00000219,-0.01551736,0.00001320,-0.00072912,0.00012431,-0.16344748,0.00000251,-0.00064022,0.00001962,-0.01851742
3.62281141,0.00019928,-0.13037728,0.00008259,-0.03507929,0.00001479,-0.01471189,0.00000151,-0.01414044,0.00001827,-0.00055446,0.00015542,-0.14930231,0.00000342,-0.00058379,0.00002577,-0.01686104
3.62881441,0.00026323,-0.11783475,0.00010913,-0.03147902,0.00001976,-0.01325834,0.00000104,-0.01279733,0.00002510,-0.00041863,0.00020215,-0.13540358,0.00000466,-0.00052863,0.00003445,-0.01525078
3.63481741,0.00035189,-0.10578914,0.00014593,-0.02808376,0.00002658,-0.01187494,0.00000071,-0.01150188,0.00003423,-0.00031383,0.00026801,-0.12191814,0.00000633,-0.00047535,0.00004634,-0.01370143
3.64082041,0.00047171,-0.09433471,0.00019566,-0.02490467,0.00003574,-0.01056875,0.00000050,-0.01026586,0.00004635,-0.00023359,0.00035775,-0.10898847,0.00000856,-0.00042445,0.00006231,-0.01222570
3.64682341,0.00063101,-0.08354799,0.00026176,-0.02194994,0.00004788,-0.00934555,0.00000036,-0.00909883,0.00006231,-0.00017262,0.00047752,-0.09673111,0.00001150,-0.00037633,0.00008347,-0.01083399
3.65282641,0.00084021,-0.07348696,0.00034857,-0.01922451,0.00006380,-0.00820963,0.00000027,-0.00800804,0.00008316,-0.00012666,0.00063515,-0.08523634,0.00001534,-0.00033132,0.00011122,-0.00953428
3.65882941,0.00111217,-0.06419089,0.00046141,-0.01673000,0.00008447,-0.00716369,0.00000024,-0.00699855,0.00011020,-0.00009227,0.00084032,-0.07456861,0.00002032,-0.00028964,0.00014725,-0.00833207
3.66483242,0.00146258,-0.05568109,0.00060678,-0.01446475,0.00011109,-0.00620879,0.00000024,-0.00607324,0.00014499,-0.00006674,0.00110482,-0.06476785,0.00002674,-0.00025140,0.00019364,-0.00723049
3.67083542,0.00191026,-0.04796210,0.00079250,-0.01242399,0.00014508,-0.00534447,0.00000029,-0.00523307,0.00018938,-0.00004793,0.00144289,-0.05585151,0.00003493,-0.00021667,0.00025288,-0.00623045
3.67683842,0.00247756,-0.04102343,0.00102783,-0.01060014,0.00018813,-0.00456881,0.00000038,-0.00447723,0.00024560,-0.00003418,0.00187139,-0.04781696,0.00004530,-0.00018541,0.00032791,-0.00533085
3.68284142,0.00319068,-0.03484160,0.00132363,-0.00898323,0.00024223,-0.00387865,0.00000054,-0.00380340,0.00031622,-0.00002420,0.00241016,-0.04064438,0.00005834,-0.00015753,0.00042218,-0.00452888
3.68884442,0.00407997,-0.02938241,0.00169247,-0.00756132,0.00030967,-0.00326979,0.00000078,-0.00320804,0.00040422,-0.00001701,0.00308215,-0.03429970,0.00007459,-0.00013289,0.00053967,-0.00382026
3.69484742,0.00518012,-0.02460322,0.00214872,-0.00632097,0.00039304,-0.00273719,0.00000113,-0.00268663,0.00051302,-0.00001187,0.00391364,-0.02873764,0.00009468,-0.00011130,0.00068492,-0.00319962
3.70085043,0.00653029,-0.02045526,0.00270862,-0.00524772,0.00049531,-0.00227522,0.00000164,-0.00223395,0.00064644,-0.00000823,0.00493433,-0.02390469,0.00011934,-0.00009256,0.00086304,-0.00266072
3.70685343,0.00817408,-0.01688578,0.00339019,-0.00432655,0.00061973,-0.00187787,0.00000237,-0.00184429,0.00080872,-0.00000566,0.00617730,-0.01974176,0.00014934,-0.00007642,0.00107971,-0.00219682
3.71285643,0.01015933,-0.01383998,0.00421323,-0.00354227,0.00076987,-0.00153894,0.00000340,-0.00151174,0.00100450,-0.00000387,0.00767891,-0.01618675,0.00018557,-0.00006265,0.00134110,-0.00180085
3.71885943,0.01253767,-0.01126274,0.00519909,-0.00287991,0.00094956,-0.00125224,0.00000485,-0.00123030,0.00123875,-0.00000262,0.00947846,-0.01317663,0.00022894,-0.00005099,0.00165388,-0.00146570
3.72486243,0.01536395,-0.00910006,0.00637040,-0.00232498,0.00116286,-0.00101170,0.00000687,-0.00099411,0.00151671,-0.00000177,0.01161781,-0.01064929,0.00028044,-0.00004120,0.00202503,-0.00118440
3.73086543,0.01869535,-0.00730018,0.00775075,-0.00186379,0.00141394,-0.00081154,0.00000967,-0.00079751,0.00184378,-0.00000118,0.01414068,-0.00854494,0.00034111,-0.00003306,0.00246176,-0.00095024
3.73686843,0.02259018,-0.00581450,0.00936414,-0.00148356,0.00170703,-0.00064635,0.00001350,-0.00063522,0.00222538,-0.00000079,0.01709188,-0.00680725,0.00041198,-0.00002633,0.00297133,-0.00075692
3.74287144,0.02710657,-0.00459814,0.01123443,-0.00117258,0.00204625,-0.00051111,0.00001872,-0.00050234,0.00266681,-0.00000053,0.02051628,-0.00538409,0.00049408,-0.00002083,0.00356084,-0.00059861
3.74887444,0.03230081,-0.00361035,0.01338467,-0.00092026,0.00243554,-0.00040128,0.00002576,-0.00039442,0.00317305,-0.00000035,0.02445766,-0.00422802,0.00058838,-0.00001636,0.00423692,-0.00047002
3.75487744,0.03822554,-0.00281468,0.01583626,-0.00071717,0.00287843,-0.00031281,0.00003521,-0.00030748,0.00374854,-0.00000024,0.02895740,-0.00329657,0.00069580,-0.00001276,0.00500555,-0.00036642
3.76088044,0.04492780,-0.00217899,0.01860821,-0.00055502,0.00337791,-0.00024212,0.00004776,-0.00023800,0.00439696,-0.00000018,0.03405308,-0.00255221,0.00081711,-0.00000989,0.00587165,-0.00028362
3.76688344,0.05244703,-0.00167529,0.02171622,-0.00042662,0.00393625,-0.00018608,0.00006434,-0.00018293,0.00512099,-0.00000015,0.03977707,-0.00196226,0.00095294,-0.00000762,0.00683884,-0.00021798
3.77288644,0.06081309,-0.00127958,0.02517185,-0.00032582,0.00455481,-0.00014203,0.00008604,-0.00013964,0.00592204,-0.00000015,0.04615515,-0.00149865,0.00110371,-0.00000584,0.00790906,-0.00016637
3.77888944,0.07004444,-0.00097151,0.02898178,-0.00024740,0.00523388,-0.00010768,0.00011424,-0.00010590,0.00680007,-0.00000017,0.05320519,-0.00113756,0.00126963,-0.00000447,0.00908229,-0.00012611
3.78489245,0.08014654,-0.00073409,0.03314703,-0.00018702,0.00597252,-0.00008114,0.00015059,-0.00007984,0.00775333,-0.00000023,0.06093611,-0.00085907,0.00145060,-0.00000342,0.01035627,-0.00009499
3.79089545,0.09111069,-0.00055333,0.03766254,-0.00014112,0.00676845,-0.00006082,0.00019708,-0.00005991,0.00877820,-0.00000032,0.06934710,-0.00064679,0.00164625,-0.00000265,0.01172624,-0.00007115
3.79689845,0.10291326,-0.00041794,0.04251676,-0.00010683,0.00761795,-0.00004545,0.00025607,-0.00004485,0.00986907,-0.00000046,0.07842718,-0.00048740,0.00185591,-0.00000211,0.01318481,-0.00005308
3.80290145,0.11551561,-0.00031901,0.04769162,-0.00008190,0.00851582,-0.00003398,0.00033034,-0.00003366,0.01101828,-0.00000066,0.08815519,-0.00037038,0.00207855,-0.00000176,0.01472186,-0.00003957
3.80890445,0.12886456,-0.00024974,0.05316268,-0.00006463,0.00945540,-0.00002561,0.00042309,-0.00002555,0.01221610,-0.00000096,0.09850033,-0.00028763,0.00231287,-0.00000159,0.01632454,-0.00002965
3.81490745,0.14289363,-0.00020523,0.05889965,-0.00005381,0.01042863,-0.00001971,0.00053799,-0.00001991,0.01345086,-0.00000139,0.10942311,-0.00023323,0.00255725,-0.00000159,0.01797741,-0.00002258
3.82091046,0.15752492,-0.00018236,0.06486713,-0.00004870,0.01142622,-0.00001583,0.00067920,-0.00001631,0.01470909,-0.00000200,0.12087680,-0.00020325,0.00280982,-0.00000178,0.01966267,-0.00001780
3.82691346,0.17267164,-0.00017962,0.07102569,-0.00004900,0.01243780,-0.00001365,0.00085133,-0.00001448,0.01597580,-0.00000286,0.13280939,-0.00019558,0.00306849,-0.00000217,0.02136050,-0.00001492
3.83291646,0.18824119,-0.00019714,0.07733316,-0.00005483,0.01345221,-0.00001299,0.00105943,-0.00001425,0.01723479,-0.00000405,0.14516584,-0.00020991,0.00333102,-0.00000281,0.02304952,-0.00001370
3.83891946,0.20413857,-0.00023674,0.08374606,-0.00006681,0.01445777,-0.00001380,0.00130897,-0.00001562,0.01846912,-0.00000570,0.15789055,-0.00024773,0.00359507,-0.00000376,0.02470733,-0.00001404
3.84492246,0.22027013,-0.00030203,0.09022122,-0.00008602,0.01544267,-0.00001614,0.00160572,-0.00001870,0.01966151,-0.00000797,0.17092999,-0.00031246,0.00385832,-0.00000512,0.02631119,-0.00001595
3.85092546,0.23654712,-0.00039863,0.09671732,-0.00011413,0.01639528,-0.00002022,0.00195566,-0.00002373,0.02079491,-0.00001107,0.18423517,-0.00040964,0.00411848,-0.00000699,0.02783863,-0.00001959
3.85692846,0.25288914,-0.00053450,0.10319641,-0.00015345,0.01730456,-0.00002636,0.00236485,-0.00003113,0.02185300,-0.00001526,0.19776391,-0.00054719,0.00437343,-0.00000955,0.02926822,-0.00002524
3.86293147,0.26922703,-0.00072028,0.10962523,-0.00020709,0.01816041,-0.00003503,0.00283927,-0.00004143,0.02282071,-0.00002090,0.21148257,-0.00073583,0.00462124,-0.00001299,0.03058026,-0.00003335
3.86893447,0.28550496,-0.00096979,0.11597622,-0.00027904,0.01895398,-0.00004689,0.00338459,-0.00005539,0.02368475,-0.00002843,0.22536730,-0.00098953,0.00486026,-0.00001757,0.03175744,-0.00004453
3.87493747,0.30168174,-0.00130063,0.12222815,-0.00037437,0.01967798,-0.00006280,0.00400596,-0.00007398,0.02443401,-0.00003840,0.23940443,-0.00132607,0.00508917,-0.00002362,0.03278544,-0.00005957
3.88094047,0.31773094,-0.00173477,0.12836640,-0.00049942,0.02032686,-0.00008383,0.00470777,-0.00009839,0.02505996,-0.00005152,0.25359012,-0.00176772,0.00530697,-0.00003154,0.03365349,-0.00007951
3.88694347,0.33363994,-0.00229929,0.13438269,-0.00066200,0.02089701,-0.00011135,0.00549338,-0.00013012,0.02555692,-0.00006865,0.26792916,-0.00234191,0.00551304,-0.00004182,0.03435466,-0.00010565
3.89294647,0.34940791,-0.00302721,0.14027437,-0.00087162,0.02138674,-0.00014702,0.00636488,-0.00017098,0.02592220,-0.00009086,0.28243304,-0.00308204,0.00570709,-0.00005507,0.03488622,-0.00013960
3.89894947,0.36504268,-0.00395822,0.14604330,-0.00113970,0.02179633,-0.00019289,0.00732282,-0.00022315,0.02615619,-0.00011945,0.29711729,-0.00402828,0.00588912,-0.00007200,0.03524967,-0.00018331
3.90495248,0.38055697,-0.00513957,0.15169432,-0.00147985,0.02212787,-0.00025141,0.00836598,-0.00028921,0.02626226,-0.00015597,0.31199848,-0.00522836,0.00605942,-0.00009348,0.03545077,-0.00023915
3.91095548,0.39596396,-0.00662683,0.15723354,-0.00190807,0.02238508,-0.00032548,0.00949126,-0.00037216,0.02624667,-0.00020230,0.32709106,-0.00673836,0.00621844,-0.00012051,0.03549936,-0.00030996
3.91695848,0.41127282,-0.00848455,0.16266643,-0.00244294,0.02257313,-0.00041857,0.01069349,-0.00047549,0.02611820,-0.00026063,0.34240433,-0.00862337,0.00636677,-0.00015425,0.03540910,-0.00039908
3.92296148,0.42648445,-0.01078688,0.16799599,-0.00310581,0.02269826,-0.00053466,0.01196541,-0.00060317,0.02588794,-0.00033357,0.35793996,-0.01095802,0.00650502,-0.00019605,0.03519715,-0.00051043
3.92896448,0.44158790,-0.01361787,0.17322115,-0.00392087,0.02276756,-0.00067839,0.01329775,-0.00075965,0.02556879,-0.00042411,0.37369049,-0.01382677,0.00663375,-0.00024743,0.03488372,-0.00064853
3.93496748,0.45655791,-0.01707155,0.17833545,-0.00491518,0.02278863,-0.00085501,0.01467933,-0.00094986,0.02517515,-0.00053569,0.38963899,-0.01732393,0.00675342,-0.00031007,0.03449174,-0.00081860
3.94097049,0.47135393,-0.02125166,0.18332638,-0.00611858,0.02276931,-0.00107046,0.01609736,-0.00117918,0.02472244,-0.00067221,0.40576034,-0.02155331,0.00686433,-0.00038585,0.03404640,-0.00102651
3.94697349,0.48592088,-0.02627090,0.18817519,-0.00756352,0.02271743,-0.00133135,0.01753774,-0.00145337,0.02422677,-0.00083806,0.42202428,-0.02662745,0.00696654,-0.00047679,0.03357490,-0.00127888
3.95297649,0.50019188,-0.03224977,0.19285760,-0.00928465,0.02264070,-0.00164493,0.01898560,-0.00177847,0.02370458,-0.00103810,0.43840026,-0.03266631,0.00705994,-0.00058504,0.03310609,-0.00158301
3.95897949,0.51409296,-0.03931475,0.19734514,-0.01131836,0.02254653,-0.00201907,0.02042579,-0.00216068,0.02317239,-0.00127765,0.45486429,-0.03979543,0.00714419,-0.00071287,0.03267045,-0.00194693
3.96498249,0.52754974,-0.04759601,0.20160731,-0.01370206,0.02244209,-0.00246221,0.02184352,-0.00260622,0.02264665,-0.00156250,0.47140730,-0.04814355,0.00721881,-0.00086258,0.03229995,-0.00237930
3.97098549,0.54049570,-0.05722437,0.20561436,-0.01647335,0.02233430,-0.00298321,0.02322510,-0.00312112,0.02214360,-0.00189879,0.48804501,-0.05783950,0.00728322,-0.00103649,0.03202816,-0.00288939
3.97698849,0.55288173,-0.06832780,0.20934064,-0.01966899,0.02223003,-0.00359124,0.02455853,-0.00371097,0.02167929,-0.00229300,0.50482861,-0.06900870,0.00733686,-0.00123683,0.03189046,-0.00348695
3.98299150,0.56468644,-0.08102729,0.21276824,-0.02332369,0.02213623,-0.00429564,0.02583430,-0.00438074,0.02126966,-0.00275186,0.52185576,-0.08176904,0.00737927,-0.00146570,0.03192418,-0.00418212
3.98899450,0.57592649,-0.09543232,0.21589082,-0.02746882,0.02206020,-0.00510569,0.02704592,-0.00513441,0.02093064,-0.00328219,0.53928126,-0.09622639,0.00741024,-0.00172498,0.03216897,-0.00498526
3.99499750,0.58666636,-0.11163593,0.21871726,-0.03213099,0.02200980,-0.00603037,0.02819055,-0.00597477,0.02067831,-0.00389080,0.55732644,-0.11246992,0.00742990,-0.00201619,0.03266698,-0.00590680
4.00100050,0.59702665,-0.12970975,0.22127488,-0.03733055,0.02199370,-0.00707815,0.02926933,-0.00690309,0.02052911,-0.00458435,0.57628663,-0.13056734,0.00743887,-0.00234046,0.03346312,-0.00695704
4.00700350,0.60719036,-0.14969901,0.22361209,-0.04308022,0.02202154,-0.00825668,0.03028771,-0.00791884,0.02049993,-0.00536915,0.59653597,-0.15056036,0.00743833,-0.00269839,0.03460505,-0.00814598
4.01300650,0.61740641,-0.17161791,0.22580006,-0.04938369,0.02210408,-0.00957249,0.03125546,-0.00901950,0.02060823,-0.00625101,0.61852857,-0.17246059,0.00743011,-0.00308997,0.03614317,-0.00948310
4.01900950,0.62798973,-0.19544554,0.22793328,-0.05623442,0.02225320,-0.01103076,0.03218656,-0.01020032,0.02087207,-0.00723501,0.64279579,-0.19624630,0.00741677,-0.00351452,0.03813020,-0.01097720
4.02501251,0.63931779,-0.22112273,0.23012889,-0.06361475,0.02248181,-0.01263497,0.03309880,-0.01145419,0.02131004,-0.00832537,0.66993886,-0.22186019,0.00740155,-0.00397060,0.04062068,-0.01263621
4.03101551,0.65182313,-0.24855002,0.23252473,-0.07149526,0.02280371,-0.01438672,0.03401325,-0.01277164,0.02194103,-0.00952523,0.70061691,-0.24920854,0.00738840,-0.00445596,0.04367002,-0.01446714
4.03701851,0.66598196,-0.27758701,0.23527589,-0.07983455,0.02323320,-0.01628544,0.03495339,-0.01414081,0.02278394,-0.01083653,0.73553008,-0.27816206,0.00738192,-0.00496754,0.04733330,-0.01647592
4.04302151,0.68229914,-0.30805345,0.23855017,-0.08857952,0.02378466,-0.01832828,0.03594421,-0.01554767,0.02385716,-0.01225983,0.77539824,-0.30855860,0.00738723,-0.00550147,0.05166382,-0.01866747
4.04902451,0.70128981,-0.33973204,0.24252221,-0.09766614,0.02447201,-0.02051002,0.03701104,-0.01697626,0.02517808,-0.01379428,0.82093561,-0.34020786,0.00740983,-0.00605311,0.05671125,-0.02104579
4.05502751,0.72345853,-0.37237319,0.24736688,-0.10702077,0.02530808,-0.02282299,0.03817834,-0.01840903,0.02676230,-0.01543753,0.87282209,-0.37289824,0.00745548,-0.00661709,0.06251960,-0.02361408
4.06103052,0.74927652,-0.40570172,0.25325188,-0.11656202,0.02630387,-0.02525720,0.03946842,-0.01982742,0.02862291,-0.01718575,0.93167233,-0.40640571,0.00752996,-0.00718748,0.06912504,-0.02637507
4.06703352,0.77915822,-0.43942531,0.26033013,-0.12620317,0.02746790,-0.02780051,0.04090017,-0.02121235,0.03076962,-0.01903372,0.99800350,-0.44050462,0.00763896,-0.00775787,0.07655350,-0.02933142
4.07303652,0.81343808,-0.47324472,0.26873212,-0.13585500,0.02880543,-0.03043883,0.04248788,-0.02254497,0.03320794,-0.02097495,1.07220339,-0.47498010,0.00778777,-0.00832156,0.08481837,-0.03248612
4.07903952,0.85234869,-0.50686520,0.27855875,-0.14542909,0.03031788,-0.03315660,0.04424016,-0.02380736,0.03593830,-0.02300190,1.15449985,-0.50964164,0.00798120,-0.00887175,0.09391827,-0.03584319
4.08504252,0.89600155,-0.54000892,0.28987491,-0.15484126,0.03200218,-0.03593718,0.04615908,-0.02498333,0.03895535,-0.02510624,1.24493346,-0.54433738,0.00822339,-0.00940173,0.10383495,-0.03940821
4.09104552,0.94437127,-0.57242789,0.30270426,-0.16401532,0.03385041,-0.03876341,0.04823954,-0.02605918,0.04224727,-0.02727918,1.34333449,-0.57896844,0.00851763,-0.00990515,0.11453162,-0.04318912
4.09704852,0.99728435,-0.60391669,0.31702542,-0.17288667,0.03584952,-0.04161830,0.05046894,-0.02702444,0.04579532,-0.02951188,1.44930563,-0.61350250,0.00886636,-0.01037619,0.12595167,-0.04719685
4.10305153,1.05441320,-0.63432455,0.33276992,-0.18140572,0.03798117,-0.04448564,0.05282716,-0.02787258,0.04957351,-0.03179585,1.56221173,-0.64798596,0.00927107,-0.01080981,0.13801791,-0.05144608
4.10905453,1.11527598,-0.66356602,0.34982205,-0.18954105,0.04022196,-0.04735074,0.05528684,-0.02860154,0.05354863,-0.03412339,1.68117736,-0.68255381,0.00973237,-0.01120191,0.15063249,-0.05595576
4.11505753,1.17924257,-0.69162972,0.36802075,-0.19728188,0.04254365,-0.05020111,0.05781405,-0.02921417,0.05768035,-0.03648802,1.80509289,-0.71743642,0.01025000,-0.01154957,0.16367751,-0.06074962
4.12106053,1.24554675,-0.71858448,0.38716350,-0.20463995,0.04491379,-0.05302712,0.06036923,-0.02971853,0.06192178,-0.03888487,1.93262954,-0.75296255,0.01082304,-0.01185111,0.17701633,-0.06585640
4.12706353,1.31330441,-0.74458244,0.40701230,-0.21165050,0.04729643,-0.05582253,0.06290842,-0.03012793,0.06622016,-0.04131106,2.06226320,-0.78955795,0.01145006,-0.01210628,0.19049571,-0.07130990
4.13306653,1.38153716,-0.76985861,0.42730134,-0.21837230,0.04965301,-0.05858501,0.06538474,-0.03046083,0.07051792,-0.04376593,2.19230682,-0.82773911,0.01212936,-0.01231623,0.20394865,-0.07714860
4.13906953,1.44920077,-0.79472667,0.44774640,-0.22488664,0.05194350,-0.06131638,0.06775006,-0.03074046,0.07475390,-0.04625116,2.32095048,-0.86810174,0.01285924,-0.01248359,0.21719787,-0.08341502
4.14507254,1.51521732,-0.81957083,0.46805544,-0.23129523,0.05412749,-0.06402272,0.06995676,-0.03099429,0.07886488,-0.04877082,2.44630811,-0.91130409,0.01363832,-0.01261239,0.23006003,-0.09015462
4.15107554,1.57850999,-0.84483387,0.48794005,-0.23771709,0.05616552,-0.06671429,0.07195953,-0.03125326,0.08278714,-0.05133118,2.56646920,-0.95804520,0.01446582,-0.01270796,0.24235026,-0.09741436
4.15707854,1.63803907,-0.87100141,0.50712739,-0.24428441,0.05802025,-0.06940516,0.07371714,-0.03155087,0.08645827,-0.05394039,2.67955406,-1.00903850,0.01534189,-0.01277685,0.25388714,-0.10524069
4.16308154,1.69283779,-0.89858308,0.52537203,-0.25113747,0.05965772,-0.07211266,0.07519415,-0.03192200,0.08981897,-0.05660798,2.78377031,-1.06498151,0.01626783,-0.01282659,0.26449780,-0.11367732
4.16908454,1.74204657,-0.92809090,0.54246721,-0.25841896,0.06104850,-0.07485649,0.07636228,-0.03240178,0.09281483,-0.05934418,2.87746872,-1.12652271,0.01724633,-0.01286555,0.27402297,-0.12276257
4.17508754,1.78494411,-0.96001589,0.55825503,-0.26626771,0.06216859,-0.07765774,0.07720175,-0.03302425,0.09539803,-0.06215910,2.95919613,-1.19422654,0.01828166,-0.01290267,0.28232185,-0.13252645
4.18109055,1.82097409,-0.99480355,0.57263504,-0.27481215,0.06300035,-0.08053762,0.07770209,-0.03382100,0.09752892,-0.06506178,3.02774314,-1.26853830,0.01937963,-0.01294724,0.28927648,-0.14298765
4.18709355,1.84976615,-1.03282955,0.58557081,-0.28416384,0.06353300,-0.08351604,0.07786277,-0.03481991,0.09917730,-0.06805914,3.08218488,-1.34975022,0.02054763,-0.01300865,0.29479557,-0.15415047
4.19309655,1.87115026,-1.07437634,0.59709402,-0.29441128,0.06376300,-0.08661020,0.07769336,-0.03604384,0.10032353,-0.07115491,3.12191260,-1.43797054,0.02179444,-0.01309621,0.29881744,-0.16600194
4.19909955,1.88516357,-1.11961223,0.60730584,-0.30561430,0.06369421,-0.08983303,0.07721335,-0.03750954,0.10095920,-0.07434856,3.14665502,-1.53309721,0.02312990,-0.01321887,0.30131214,-0.17850925
4.20510255,1.89204935,-1.16857362,0.61637523,-0.31779942,0.06333760,-0.09319175,0.07645158,-0.03922664,0.10108751,-0.07763436,3.15648796,-1.63479775,0.02456454,-0.01338512,0.30228240,-0.19161760
4.21110555,1.89224798,-1.22115171,0.62453428,-0.33095637,0.06271094,-0.09668661,0.07544525,-0.04119689,0.10072320,-0.08100050,3.15183188,-1.74249692,0.02610903,-0.01360280,0.30176356,-0.20524880
4.21710855,1.88637992,-1.27708449,0.63207038,-0.34503601,0.06183806,-0.10030973,0.07423872,-0.04341363,0.09989209,-0.08442854,3.13343706,-1.85537305,0.02777352,-0.01387904,0.29982229,-0.21930061
4.22311156,1.87522147,-1.33595457,0.63931552,-0.35994984,0.06074798,-0.10404438,0.07288191,-0.04586156,0.09863028,-0.08789298,3.10235670,-1.97236426,0.02956693,-0.01422021,0.29655428,-0.23364703
4.22911456,1.85967400,-1.39719358,0.64663293,-0.37557129,0.05947384,-0.10786444,0.07142852,-0.04851676,0.09698289,-0.09136126,3.05990916,-2.09218474,0.03149613,-0.01463191,0.29208080,-0.24813959
4.23511756,1.84072799,-1.46009305,0.65440158,-0.39173867,0.05805168,-0.11173449,0.06993414,-0.05134706,0.09500255,-0.09479405,3.00763038,-2.21335121,0.03356516,-0.01511902,0.28654449,-0.26260972
4.24112056,1.81942306,-1.52382189,0.66299895,-0.40825998,0.05651919,-0.11561013,0.06845420,-0.05431269,0.09274756,-0.09814591,2.94721856,-2.33421911,0.03577443,-0.01568579,0.28010428,-0.27687219
4.24712356,1.79680594,-1.58744989,0.67278287,-0.42491921,0.05491430,-0.11943895,0.06704194,-0.05736727,0.09027987,-0.10136630,2.88047327,-2.45302739,0.03811996,-0.01633595,0.27292989,-0.29072943
4.25312656,1.77388782,-1.64997657,0.68407310,-0.44148413,0.05327394,-0.12316177,0.06574649,-0.06045902,0.08766300,-0.10440093,2.80923141,-2.56795056,0.04059277,-0.01707283,0.26519598,-0.30397684
4.25912956,1.75160316,-1.71036433,0.69713344,-0.45771517,0.05163276,-0.12671446,0.06461101,-0.06353229,0.08495981,-0.10719341,2.73530273,-2.67715594,0.04317842,-0.01789950,0.25707626,-0.31640867
4.26513257,1.73077163,-1.76757459,0.71215527,-0.47337509,0.05002200,-0.13002996,0.06367113,-0.06652920,0.08223037,-0.10968714,2.66040758,-2.77886396,0.04585670,-0.01881887,0.24873782,-0.32782444
4.27113557,1.71206478,-1.82060542,0.72924322,-0.48823901,0.04846854,-0.13304068,0.06295358,-0.06939149,0.07953006,-0.11182729,2.58611938,-2.87140884,0.04860157,-0.01983381,0.24033583,-0.33803545
4.27713857,1.69597918,-1.86852905,0.74840387,-0.50210444,0.04699414,-0.13568099,0.06247521,-0.07206241,0.07690772,-0.11356296,2.51381428,-2.95329707,0.05138137,-0.02094716,0.23200898,-0.34687127
4.28314157,1.68281693,-1.91052751,0.76953805,-0.51480070,0.04561489,-0.13788979,0.06224234,-0.07448867,0.07440424,-0.11484922,2.44462999,-3.02326091,0.05415924,-0.02216176,0.22387564,-0.35418580
4.28914457,1.67267472,-1.94592485,0.79243723,-0.52619743,0.04434093,-0.13961301,0.06225054,-0.07662227,0.07205144,-0.11564905,2.37943532,-3.08030437,0.05689385,-0.02348037,0.21603115,-0.35986265
4.29514757,1.66544169,-1.97421414,0.81678452,-0.53621175,0.04317643,-0.14080590,0.06248473,-0.07842222,0.06987132,-0.11593507,2.31881158,-3.12373940,0.05954035,-0.02490554,0.20854598,-0.36381953
4.30115058,1.66080642,-1.99507824,0.84216028,-0.54481357,0.04211972,-0.14143503,0.06291981,-0.07985602,0.06787577,-0.11569095,2.26304637,-3.15321044,0.06205156,-0.02643939,0.20146517,-0.36601149
4.30715358,1.65827251,-2.00840291,0.86805239,-0.55202890,0.04116382,-0.14147981,0.06352151,-0.08090095,0.06606671,-0.11491243,2.21213960,-3.16870593,0.06437933,-0.02808335,0.19480881,-0.36643278
4.31315658,1.65718219,-2.01428180,0.89387090,-0.55794087,0.04029698,-0.14093360,0.06424779,-0.08154494,0.06443660,-0.11360793,2.16582130,-3.17055602,0.06647600,-0.02983785,0.18857348,-0.36511720
4.31915958,1.65674676,-2.01301273,0.91896653,-0.56268837,0.03950354,-0.13980420,0.06505032,-0.08178707,0.06296933,-0.11179865,2.12357995,-3.15941654,0.06829598,-0.03170192,0.18273470,-0.36213703
4.32516258,1.65608246,-2.00508554,0.94265239,-0.56646218,0.03876483,-0.13811373,0.06587634,-0.08163776,0.06164146,-0.10951816,2.08469975,-3.13623960,0.06979731,-0.03367283,0.17725013,-0.35760031
4.33116558,1.65425008,-1.99116177,0.96422793,-0.56949890,0.03806022,-0.13589797,0.06667066,-0.08111843,0.06042371,-0.10681160,2.04830495,-3.10223237,0.07094309,-0.03574568,0.17206331,-0.35164693
4.33716858,1.65029656,-1.97204715,0.98300435,-0.57207257,0.03736811,-0.13320506,0.06737770,-0.08026083,0.05928262,-0.10373433,2.01340888,-3.05880566,0.07170287,-0.03791306,0.16710778,-0.34444336
4.34317159,1.64329655,-1.94865812,0.99833006,-0.57448462,0.03666701,-0.13009375,0.06794357,-0.07910590,0.05818235,-0.10035023,1.97896551,-3.00751479,0.07205379,-0.04016471,0.16231144,-0.33617649
4.34917459,1.63239217,-1.92198383,1.00961534,-0.57705212,0.03593649,-0.12663120,0.06831804,-0.07770239,0.05708644,-0.09672970,1.94392090,-2.94999558,0.07198140,-0.04248730,0.15760079,-0.32704681
4.35517759,1.61682917,-1.89304533,1.01635500,-0.58009510,0.03515808,-0.12289041,0.06845636,-0.07610506,0.05595954,-0.09294733,1.90726254,-2.88789830,0.07148035,-0.04486427,0.15290495,-0.31726112
4.36118059,1.59598794,-1.86285385,1.01814793,-0.58392322,0.03431601,-0.11894753,0.06832085,-0.07437275,0.05476904,-0.08907952,1.86806423,-2.82282286,0.07055456,-0.04727585,0.14815928,-0.30702532
4.36718359,1.56940817,-1.83237007,1.01471282,-0.58882237,0.03339776,-0.11487900,0.06788218,-0.07256620,0.05348643,-0.08520200,1.82552495,-2.75625811,0.06921721,-0.04969911,0.14330845,-0.29653738
4.37318659,1.53680623,-1.80246612,1.00589927,-0.59504171,0.03239455,-0.11075885,0.06712027,-0.07074589,0.05208840,-0.08138741,1.77900017,-2.68952802,0.06749034,-0.05210825,0.13830882,-0.28598095
4.37918959,1.49808470,-1.77389198,0.99169378,-0.60278164,0.03130149,-0.10665608,0.06602488,-0.06896986,0.05055772,-0.07770300,1.72802470,-2.62374732,0.06540411,-0.05447494,0.13313011,-0.27551979
4.38519260,1.45333396,-1.74724781,0.97222049,-0.61218320,0.03011767,-0.10263239,0.06459576,-0.06729158,0.04888371,-0.07420864,1.67232658,-2.55978809,0.06299586,-0.05676887,0.12775628,-0.26529335
4.39119560,1.40282608,-1.72296325,0.94773663,-0.62331938,0.02884601,-0.09874031,0.06284240,-0.06575809,0.04706246,-0.07095505,1.61183180,-2.49825899,0.06030886,-0.05895835,0.12218576,-0.25541345
4.39719860,1.34700159,-1.70128450,0.91862293,-0.63618856,0.02749300,-0.09502176,0.06078348,-0.06440836,0.04509667,-0.06798241,1.54666046,-2.43949743,0.05739100,-0.06101104,0.11643083,-0.24596247
4.40320160,1.28645006,-1.68226963,0.88536955,-0.65071062,0.02606827,-0.09150714,0.05844591,-0.06327196,0.04299528,-0.06531949,1.47711487,-2.38357480,0.05429323,-0.06289473,0.11051652,-0.23699269
4.40920460,1.22188565,-1.66579204,0.84855827,-0.66672569,0.02458406,-0.08821501,0.05586364,-0.06236809,0.04077277,-0.06298304,1.40366084,-2.33031396,0.05106806,-0.06457817,0.10447890,-0.22852716
4.41520760,1.15411890,-1.65155185,0.80884164,-0.68399584,0.02305466,-0.08515216,0.05307627,-0.06170508,0.03844837,-0.06097779,1.32690332,-2.27931768,0.04776804,-0.06603191,0.09836302,-0.22056160
4.42121061,1.08402632,-1.63909439,0.76692028,-0.70220968,0.02149577,-0.08231436,0.05012749,-0.06128023,0.03604499,-0.05929677,1.24755799,-2.23000623,0.04444432,-0.06722911,0.09222056,-0.21306752
4.42721361,1.01251909,-1.62783486,0.72351918,-0.72098978,0.01992382,-0.07968741,0.04706345,-0.06108016,0.03358820,-0.05792211,1.16642036,-2.18166186,0.04114531,-0.06814629,0.08610730,-0.20599604
4.43321661,0.94051229,-1.61708789,0.67936405,-0.73990269,0.01835542,-0.07724863,0.04393115,-0.06108145,0.03110509,-0.05682613,1.08433378,-2.13347774,0.03791557,-0.06876400,0.08008068,-0.19928246
4.43921961,0.86889596,-1.60610047,0.63515881,-0.75847139,0.01680672,-0.07496864,0.04077691,-0.06125180,0.02862320,-0.05597285,1.00215796,-2.08460865,0.03479479,-0.06906740,0.07419731,-0.19285116
4.44522261,0.79850904,-1.59408689,0.59156490,-0.77618965,0.01529295,-0.07281327,0.03764491,-0.06155139,0.02616947,-0.05531960,0.92073934,-2.03422095,0.03181714,-0.06904666,0.06851081,-0.18662061
4.45122561,0.73011705,-1.58026399,0.54918334,-0.79253792,0.01382798,-0.07074557,0.03457599,-0.06193458,0.02376940,-0.05481894,0.84088423,-1.98153924,0.02901071,-0.06869730,0.06306985,-0.18050826
4.45722861,0.66439412,-1.56388522,0.50853994,-0.80700020,0.01242396,-0.06872787,0.03160661,-0.06235178,0.02144624,-0.05442055,0.76333583,-1.92588783,0.02639727,-0.06802031,0.05791660,-0.17443513
4.46323162,0.60190979,-1.54427217,0.47007420,-0.81908118,0.01109113,-0.06672364,0.02876809,-0.06275142,0.01922041,-0.05407323,0.68875556,-1.86672503,0.02399219,-0.06702215,0.05308544,-0.16832985
4.46923462,0.54312064,-1.52084221,0.43413197,-0.82832321,0.00983765,-0.06469918,0.02608606,-0.06308201,0.01710909,-0.05372680,0.61770918,-1.80366907,0.02180466,-0.06571461,0.04860225,-0.16213197
4.47523762,0.48836665,-1.49313139,0.40096205,-0.83432218,0.00866954,-0.06262511,0.02358018,-0.06329408,0.01512592,-0.05333387,0.55065766,-1.73651491,0.01983796,-0.06411453,0.04448394,-0.15579451
4.48124062,0.43787205,-1.46081173,0.37071648,-0.83674202,0.00759074,-0.06047749,0.02126417,-0.06334205,0.01328096,-0.05285140,0.48795281,-1.66524163,0.01808996,-0.06224336,0.04073843,-0.14928573
4.48724362,0.39175008,-1.42370241,0.34345420,-0.83532684,0.00660322,-0.05823861,0.01914590,-0.06318587,0.01158071,-0.05224206,0.42983724,-1.59001062,0.01655377,-0.06012667,0.03736500,-0.14258992
4.49324662,0.35001119,-1.38177474,0.31914785,-0.82991058,0.00570709,-0.05589748,0.01722785,-0.06279244,0.01002830,-0.05147527,0.37644815,-1.51115535,0.01521839,-0.05779353,0.03435488,-0.13570744
4.49924962,0.31257388,-1.33515104,0.29769296,-0.82042346,0.00490088,-0.05344992,0.01550759,-0.06213665,0.00862378,-0.05052795,0.32782443,-1.42916366,0.01406948,-0.05527583,0.03169219,-0.12865394
4.50525263,0.27927758,-1.28409761,0.27891921,-0.80689515,0.00418171,-0.05089836,0.01397844,-0.06120214,0.00736447,-0.04938493,0.28391628,-1.34465417,0.01309017,-0.05260755,0.02935492,-0.12145898
4.51125563,0.24989681,-1.22901255,0.26260298,-0.78945431,0.00354559,-0.04825135,0.01263019,-0.05998167,0.00624539,-0.04803903,0.24459670,-1.25834807,0.01226181,-0.04982404,0.02731625,-0.11416407
4.51725863,0.22415590,-1.17040911,0.24848064,-0.76832477,0.00298766,-0.04552283,0.01144984,-0.05847712,0.00525968,-0.04649088,0.20967424,-1.17103833,0.01156475,-0.04696120,0.02554573,-0.10682027
4.52326163,0.20174373,-1.10889553,0.23626214,-0.74381821,0.00250242,-0.04273125,0.01042240,-0.05669914,0.00439905,-0.04474841,0.17890610,-1.08355772,0.01097904,-0.04405478,0.02401064,-0.09948562
4.52926463,0.18232792,-1.04515234,0.22564414,-0.71632385,0.00208402,-0.03989849,0.00953164,-0.05466645,0.00365424,-0.04282611,0.15201136,-0.99674735,0.01048511,-0.04113965,0.02267722,-0.09222238
4.53526763,0.16556801,-0.97990823,0.21632237,-0.68629556,0.00172642,-0.03704883,0.00876072,-0.05240496,0.00301536,-0.04074412,0.12868350,-0.91142717,0.01006435,-0.03824914,0.02151187,-0.08509433
4.54127064,0.15112730,-0.91391551,0.20800285,-0.65423675,0.00142360,-0.03420777,0.00809287,-0.04994648,0.00247231,-0.03852717,0.10860209,-0.82836956,0.00969957,-0.03541441,0.02048223,-0.07816419
4.54727364,0.13868311,-0.84792613,0.20041155,-0.62068403,0.00116976,-0.03140107,0.00751192,-0.04732749,0.00201508,-0.03620338,0.09144321,-0.74827691,0.00937546,-0.03266394,0.01955806,-0.07149127
4.55327664,0.12793536,-0.78266916,0.19330235,-0.58618987,0.00095940,-0.02865369,0.00700268,-0.04458758,0.00163399,-0.03380310,0.07688843,-0.67176386,0.00907890,-0.03002310,0.01871207,-0.06512948
4.55927964,0.11861330,-0.71883057,0.18646318,-0.55130541,0.00078747,-0.02598898,0.00655135,-0.04176805,0.00131996,-0.03135770,0.06463236,-0.59934456,0.00879917,-0.02751372,0.01792042,-0.05912565
4.56528264,0.11048060,-0.65703578,0.17972028,-0.51656375,0.00064942,-0.02342801,0.00614573,-0.03891041,0.00106460,-0.02889848,0.05438860,-0.53142481,0.00852809,-0.02515393,0.01716322,-0.05351832
4.57128564,0.10333869,-0.59783556,0.17294061,-0.48246459,0.00054129,-0.02098895,0.00577538,-0.03605503,0.00086043,-0.02645564,0.04589438,-0.46829914,0.00826013,-0.02295790,0.01642468,-0.04833688
4.57728864,0.09702868,-0.54169546,0.16603252,-0.44946063,0.00045976,-0.01868678,0.00543165,-0.03323994,0.00070088,-0.02405742,0.03891369,-0.41015221,0.00799238,-0.02093584,0.01569324,-0.04360119
4.58329165,0.09143187,-0.48898891,0.15894489,-0.41794628,0.00040213,-0.01653303,0.00510770,-0.03049972,0.00058041,-0.02172936,0.03323945,-0.35706404,0.00772444,-0.01909398,0.01496149,-0.03932148
4.58929465,0.08646920,-0.43999394,0.15166490,-0.38824897,0.00036636,-0.01453574,0.00479842,-0.02786473,0.00049449,-0.01949376,0.02869451,-0.30901839,0.00745836,-0.01743475,0.01422596,-0.03549868
4.59529765,0.08209969,-0.39489326,0.14421468,-0.36062332,0.00035109,-0.01269956,0.00450029,-0.02536046,0.00043965,-0.01736933,0.02513194,-0.26591353,0.00719843,-0.01595690,0.01348685,-0.03212498
4.60130065,0.07831823,-0.35377751,0.13664707,-0.33524811,0.00035559,-0.01102591,0.00421121,-0.02300718,0.00041346,-0.01537096,0.02243468,-0.22757464,0.00695098,-0.01465585,0.01274764,-0.02918469
4.60730365,0.07515271,-0.31665107,0.12904088,-0.31222627,0.00037975,-0.00951332,0.00393030,-0.02081975,0.00041452,-0.01350973,0.02051475,-0.19376723,0.00672415,-0.01352399,0.01201471,-0.02665523
4.61330665,0.07266083,-0.28344023,0.12149567,-0.29158740,0.00042410,-0.00815774,0.00365774,-0.01880772,0.00044244,-0.01179297,0.01931210,-0.16421071,0.00652761,-0.01255111,0.01129690,-0.02450829
4.61930965,0.07092657,-0.25400297,0.11412650,-0.27329279,0.00048973,-0.00695299,0.00339448,-0.01697555,0.00049784,-0.01022453,0.01879342,-0.13859183,0.00637232,-0.01172478,0.01060506,-0.02271104
4.62531266,0.07005649,-0.22813998,0.10705867,-0.25724254,0.00057826,-0.00589117,0.00314209,-0.01532302,0.00058233,-0.00880510,0.01895068,-0.11657719,0.00627023,-0.01103088,0.00995167,-0.02122739
4.63131566,0.07017584,-0.20560640,0.10042278,-0.24328426,0.00069180,-0.00496308,0.00290255,-0.01384578,0.00069845,-0.00753259,0.01979981,-0.09782489,0.00623394,-0.01045403,0.00935042,-0.02001928
4.63731866,0.07142459,-0.18612374,0.09435002,-0.23122302,0.00083291,-0.00415864,0.00267806,-0.01253594,0.00084971,-0.00640264,0.02137928,-0.08199464,0.00627647,-0.00997809,0.00881592,-0.01904782
4.64332166,0.07395334,-0.16939162,0.08896798,-0.22083207,0.00100450,-0.00346730,0.00247088,-0.01138278,0.00104051,-0.00540906,0.02374868,-0.06875655,0.00641084,-0.00958664,0.00836338,-0.01827452
4.64932466,0.07791902,-0.15509902,0.08439687,-0.21186376,0.00120978,-0.00287835,0.00228321,-0.01037342,0.00127613,-0.00454430,0.02698733,-0.05779839,0.00664982,-0.00926339,0.00800837,-0.01766226
4.65532766,0.08348043,-0.14293455,0.08074628,-0.20406034,0.00145212,-0.00238127,0.00211706,-0.00949356,0.00156269,-0.00379997,0.03119274,-0.04883134,0.00700553,-0.00899262,0.00776665,-0.01717626
4.66133067,0.09079363,-0.13259576,0.07811230,-0.19716421,0.00173498,-0.00196594,0.00197416,-0.00872807,0.00190705,-0.00316724,0.03647887,-0.04159444,0.00748906,-0.00875956,0.00765398,-0.01678489
4.66733367,0.10000698,-0.12379703,0.07657517,-0.19092719,0.00206179,-0.00162290,0.00185590,-0.00806162,0.00231676,-0.00263728,0.04297421,-0.03585775,0.00811014,-0.00855066,0.00768599,-0.01646033
4.67333667,0.11125601,-0.11627631,0.07619728,-0.18511863,0.00243576,-0.00134346,0.00176327,-0.00747923,0.00279994,-0.00220159,0.05081944,-0.03142445,0.00887671,-0.00835386,0.00787807,-0.01617915
4.67933967,0.12465811,-0.10980022,0.07702152,-0.17953214,0.00285979,-0.00111988,0.00169682,-0.00696669,0.00336510,-0.00185235,0.06016467,-0.02813208,0.00979456,-0.00815881,0.00824521,-0.01592268
4.68534267,0.14030701,-0.10416794,0.07906995,-0.17399070,0.00333627,-0.00094538,0.00165664,-0.00651088,0.00402104,-0.00158263,0.07116615,-0.02585291,0.01086690,-0.00795697,0.00880186,-0.01567728
4.69134567,0.15826728,-0.09921363,0.08234276,-0.16835022,0.00386692,-0.00081426,0.00164238,-0.00610007,0.00477657,-0.00138668,0.08398236,-0.02449386,0.01209403,-0.00774167,0.00956176,-0.01543452
4.69734867,0.17856892,-0.09480766,0.08681752,-0.16250149,0.00445267,-0.00072186,0.00165320,-0.00572410,0.00564032,-0.00126001,0.09876951,-0.02399580,0.01347300,-0.00750812,0.01053767,-0.01519114
4.70335168,0.20120232,-0.09085660,0.09244879,-0.15637057,0.00509343,-0.00066461,0.00168784,-0.00537439,0.00662041,-0.00119955,0.11567632,-0.02433253,0.01499733,-0.00725336,0.01174110,-0.01494897
4.70935468,0.22611364,-0.08730230,0.09916798,-0.14991781,0.00578803,-0.00063993,0.00174458,-0.00504404,0.00772417,-0.00120374,0.13483830,-0.02550938,0.01665681,-0.00697612,0.01318201,-0.01471470
4.71535768,0.25320107,-0.08411997,0.10688368,-0.14313565,0.00653404,-0.00064627,0.00182131,-0.00472771,0.00895782,-0.00127250,0.15637141,-0.02756148,0.01843738,-0.00667672,0.01486834,-0.01449957
4.72136068,0.28231208,-0.08131558,0.11548245,-0.13604541,0.00732770,-0.00068299,0.00191556,-0.00442152,0.01032609,-0.00140727,0.18036543,-0.03055169,0.02032115,-0.00635682,0.01680567,-0.01431894
4.72736368,0.31324186,-0.07892265,0.12483002,-0.12869330,0.00816389,-0.00075031,0.00202452,-0.00412293,0.01183187,-0.00161091,0.20687702,-0.03456815,0.02228656,-0.00601928,0.01899669,-0.01419179
4.73336668,0.34573343,-0.07699854,0.13477312,-0.12114590,0.00903608,-0.00084925,0.00214509,-0.00383054,0.01347589,-0.00188762,0.23592297,-0.03972140,0.02430858,-0.00566789,0.02144075,-0.01414012
4.73936968,0.37947921,-0.07562042,0.14514192,-0.11348535,0.00993639,-0.00098149,0.00227396,-0.00354391,0.01525635,-0.00224280,0.26747362,-0.04614090,0.02635923,-0.00530717,0.02413339,-0.01418832
4.74537269,0.41412456,-0.07488097,0.15575302,-0.10580452,0.01085565,-0.00114932,0.00240766,-0.00326334,0.01716872,-0.00268283,0.30144707,-0.05397107,0.02840810,-0.00494215,0.02706593,-0.01436242
4.75137569,0.44927306,-0.07488398,0.16641300,-0.09820227,0.01178359,-0.00135549,0.00254263,-0.00298970,0.01920542,-0.00321485,0.33770426,-0.06336658,0.03042305,-0.00457817,0.03022512,-0.01468934
4.75737869,0.48449368,-0.07573983,0.17692263,-0.09077911,0.01270896,-0.00160308,0.00267528,-0.00272425,0.02135577,-0.00384650,0.37604549,-0.07448693,0.03237112,-0.00422071,0.03359290,-0.01519602
4.76338169,0.51932957,-0.07756108,0.18708136,-0.08363326,0.01361980,-0.00189538,0.00280210,-0.00246846,0.02360588,-0.00458553,0.41620859,-0.08749042,0.03421937,-0.00387528,0.03714628,-0.01590860
4.76938469,0.55330839,-0.08045809,0.19669223,-0.07685739,0.01450373,-0.00223575,0.00291973,-0.00222388,0.02593874,-0.00543948,0.45786901,-0.10252730,0.03593598,-0.00354724,0.04085742,-0.01685151
4.77538769,0.58595385,-0.08453488,0.20556694,-0.07053591,0.01534821,-0.00262742,0.00302504,-0.00199203,0.02833438,-0.00641529,0.50064227,-0.11973243,0.03749120,-0.00324181,0.04469384,-0.01804655
4.78139070,0.61679807,-0.08988517,0.21353088,-0.06474303,0.01614091,-0.00307337,0.00311520,-0.00177431,0.03077017,-0.00751879,0.54408867,-0.13921748,0.03885838,-0.00296402,0.04861884,-0.01951201
4.78739370,0.64539427,-0.09658881,0.22042798,-0.05954143,0.01687004,-0.00357616,0.00318777,-0.00157192,0.03322126,-0.00875436,0.58772055,-0.16106290,0.04001496,-0.00271869,0.05259219,-0.02126179
4.79339670,0.67132952,-0.10470864,0.22612513,-0.05498166,0.01752465,-0.00413777,0.00324078,-0.00138587,0.03566110,-0.01012442,0.63101191,-0.18530994,0.04094325,-0.00251053,0.05657088,-0.02330460
4.79939970,0.69423682,-0.11428781,0.23051605,-0.05110206,0.01809502,-0.00475945,0.00327273,-0.00121692,0.03806208,-0.01162905,0.67341022,-0.21195311,0.04163117,-0.00234416,0.06051016,-0.02564320
4.80540270,0.71380615,-0.12534772,0.23352439,-0.04792926,0.01857291,-0.00544159,0.00328269,-0.00106558,0.04039626,-0.01326563,0.71435020,-0.24093334,0.04207272,-0.00222427,0.06436470,-0.02827382
4.81140570,0.72979409,-0.13788665,0.23510590,-0.04547907,0.01895183,-0.00618364,0.00327031,-0.00093219,0.04263617,-0.01502851,0.75326902,-0.27213237,0.04226829,-0.00215568,0.06808977,-0.03118569
4.81740870,0.74203143,-0.15187921,0.23524960,-0.04375777,0.01922723,-0.00698402,0.00323581,-0.00081687,0.04475557,-0.01690881,0.78962235,-0.30536871,0.04222471,-0.00214352,0.07164259,-0.03436078
4.82341171,0.75042861,-0.16727652,0.23397799,-0.04276355,0.01939669,-0.00784007,0.00317999,-0.00071962,0.04673027,-0.01889433,0.82290079,-0.34039555,0.04195505,-0.00219332,0.07498360,-0.03777375
4.82941471,0.75497868,-0.18400741,0.23134601,-0.04248816,0.01945994,-0.00874812,0.00310424,-0.00064034,0.04853885,-0.02096956,0.85264575,-0.37690101,0.04147819,-0.00231113,0.07807768,-0.04139212
4.83541771,0.75575761,-0.20198032,0.22743917,-0.04291862,0.01941897,-0.00970346,0.00301045,-0.00057887,0.05016334,-0.02311583,0.87846419,-0.41451093,0.04081816,-0.00250363,0.08089520,-0.04517680
4.84142071,0.75292205,-0.22108623,0.22237063,-0.04403879,0.01927788,-0.01070052,0.00290102,-0.00053505,0.05158972,-0.02531166,0.90004151,-0.45279442,0.04000331,-0.00277821,0.08341296,-0.04908279
4.84742371,0.74670452,-0.24120221,0.21627753,-0.04583093,0.01904283,-0.01173296,0.00277881,-0.00050872,0.05280828,-0.02753318,0.91715187,-0.49127212,0.03906526,-0.00314295,0.08561482,-0.05306020
4.85342671,0.73740628,-0.26219563,0.20931667,-0.04827698,0.01872186,-0.01279388,0.00264705,-0.00049978,0.05381386,-0.02975475,0.92966549,-0.52942716,0.03803775,-0.00360663,0.08749202,-0.05705556
4.85942971,0.72538821,-0.28392884,0.20165981,-0.05135962,0.01832463,-0.01387599,0.00250933,-0.00050822,0.05460581,-0.03194968,0.93755248,-0.56671842,0.03695550,-0.00417863,0.08904331,-0.06101326
4.86543272,0.71106007,-0.30626397,0.19348871,-0.05506302,0.01786218,-0.01497190,0.00236952,-0.00053412,0.05518784,-0.03409101,0.94088301,-0.60259580,0.03585291,-0.00486881,0.09027464,-0.06487727
4.87143572,0.69486856,-0.32906780,0.18499012,-0.05937319,0.01734662,-0.01607431,0.00223177,-0.00057766,0.05556759,-0.03615244,0.93982374,-0.63651683,0.03476297,-0.00568730,0.09119860,-0.06859289
4.87743872,0.67728478,-0.35221617,0.17635102,-0.06427805,0.01679080,-0.01717625,0.00210043,-0.00063911,0.05575615,-0.03810921,0.93463075,-0.66796407,0.03371606,-0.00664418,0.09183362,-0.07210862
4.88344172,0.65879142,-0.37559783,0.16775417,-0.06976704,0.01620800,-0.01827126,0.00198008,-0.00071886,0.05576733,-0.03993897,0.92563922,-0.69646237,0.03273910,-0.00774918,0.09220285,-0.07537786
4.88944472,0.63987042,-0.39911745,0.15937420,-0.07583041,0.01561156,-0.01935362,0.00187546,-0.00081740,0.05561691,-0.04162260,0.91325046,-0.72159537,0.03185470,-0.00901128,0.09233297,-0.07836064
4.89544772,0.62099129,-0.42269747,0.15137428,-0.08245816,0.01501462,-0.02041839,0.00179153,-0.00093528,0.05532182,-0.04314493,0.89791693,-0.74302029,0.03108059,-0.01043822,0.09225284,-0.08102502
4.90145073,0.60260075,-0.44627875,0.14390351,-0.08963876,0.01442980,-0.02146154,0.00173345,-0.00107314,0.05489926,-0.04449526,0.88012595,-0.76048031,0.03042930,-0.01203604,0.09199216,-0.08334826
4.90745373,0.58511379,-0.46981980,0.13709505,-0.09735752,0.01386892,-0.02247992,0.00170658,-0.00123170,0.05436595,-0.04566777,0.86038298,-0.77381392,0.02990797,-0.01380857,0.09158020,-0.08531760
4.91345673,0.56890651,-0.49329480,0.13106487,-0.10559499,0.01334284,-0.02347117,0.00171652,-0.00141173,0.05373741,-0.04666162,0.83919522,-0.78296064,0.02951852,-0.01575689,0.09104462,-0.08693068
4.91945973,0.55431083,-0.51669028,0.12591130,-0.11432525,0.01286123,-0.02443365,0.00176909,-0.00161408,0.05302739,-0.04748091,0.81705628,-0.78796288,0.02925792,-0.01787889,0.09041053,-0.08819544
4.92546273,0.54161106,-0.54000083,0.12171506,-0.12351432,0.01243244,-0.02536620,0.00187036,-0.00183969,0.05224746,-0.04813435,0.79443253,-0.78896363,0.02911870,-0.02016882,0.08969975,-0.08912971
4.93146573,0.53104228,-0.56322406,0.11853980,-0.13311876,0.01206344,-0.02626797,0.00202661,-0.00208960,0.05140678,-0.04863476,0.77175177,-0.78620027,0.02908965,-0.02261690,0.08893039,-0.08976021
4.93746873,0.52279028,-0.58635512,0.11643304,-0.14308466,0.01175972,-0.02713814,0.00224427,-0.00236501,0.05051203,-0.04899831,0.74939436,-0.77999461,0.02915658,-0.02520913,0.08811668,-0.09012132
4.94347174,0.51699296,-0.60938122,0.11542733,-0.15334699,0.01152530,-0.02797569,0.00252986,-0.00266726,0.04956761,-0.04924366,0.72768724,-0.77073970,0.02930320,-0.02792709,0.08726909,-0.09025340
4.94947474,0.51374268,-0.63227660,0.11554151,-0.16382951,0.01136275,-0.02877917,0.00288989,-0.00299793,0.04857587,-0.04939095,0.70690057,-0.75888412,0.02951205,-0.03074803,0.08639464,-0.09020091
4.95547774,0.51308950,-0.65499823,0.11678200,-0.17444526,0.01127323,-0.02954645,0.00333070,-0.00335885,0.04753761,-0.04946073,0.68724711,-0.74491437,0.02976540,-0.03364498,0.08549751,-0.09001042
4.96148074,0.51504467,-0.67748266,0.11914404,-0.18509767,0.01125655,-0.03027463,0.00385825,-0.00375214,0.04645260,-0.04947290,0.66888380,-0.72933643,0.03004613,-0.03658714,0.08457970,-0.08972848
4.96748374,0.51958436,-0.69964432,0.12261273,-0.19568229,0.01131126,-0.03095991,0.00447792,-0.00418024,0.04532019,-0.04944567,0.65191534,-0.71265718,0.03033849,-0.03954037,0.08364178,-0.08939960
4.97348674,0.52665318,-0.72137532,0.12716391,-0.20608903,0.01143476,-0.03159762,0.00519425,-0.00464592,0.04413991,-0.04939468,0.63639919,-0.69536664,0.03062882,-0.04246787,0.08268372,-0.08906439
4.97948974,0.53616740,-0.74254699,0.13276482,-0.21620495,0.01162341,-0.03218223,0.00601061,-0.00515229,0.04291211,-0.04933219,0.62235155,-0.67792183,0.03090607,-0.04533096,0.08170556,-0.08875787
4.98549275,0.54801774,-0.76301289,0.13937464,-0.22591735,0.01187268,-0.03270754,0.00692894,-0.00570273,0.04163845,-0.04926654,0.60975386,-0.66073285,0.03116224,-0.04809007,0.08070802,-0.08850818
4.99149575,0.56207166,-0.78261325,0.14694479,-0.23511707,0.01217721,-0.03316690,0.00794942,-0.00630081,0.04032231,-0.04920178,0.59855936,-0.64415180,0.03139258,-0.05070570,0.07969301,-0.08833560
4.99749875,0.57817526,-0.80118051,0.15541926,-0.24370186,0.01253105,-0.03355346,0.00907016,-0.00695024,0.03896910,-0.04913761,0.58869936,-0.62846472,0.03159572,-0.05313949,0.07866383,-0.08825201
5.00350175,0.59615490,-0.81854549,0.16473485,-0.25157952,0.01292773,-0.03386052,0.01028691,-0.00765462,0.03758641,-0.04906943,0.58008899,-0.61388692,0.03177365,-0.05535529,0.07762530,-0.08826071
5.00950475,0.61581866,-0.83454394,0.17482157,-0.25867079,0.01336043,-0.03408187,0.01159290,-0.00841731,0.03618402,-0.04898877,0.57263226,-0.60056151,0.03193147,-0.05732020,0.07658360,-0.08835674
5.01550775,0.63695792,-0.84902285,0.18560313,-0.26491165,0.01382217,-0.03421213,0.01297859,-0.00924117,0.03477372,-0.04888378,0.56622624,-0.58856104,0.03207722,-0.05900545,0.07554605,-0.08852743
5.02151076,0.65934918,-0.86184612,0.19699764,-0.27025504,0.01430594,-0.03424705,0.01443167,-0.01012830,0.03336906,-0.04874003,0.56076455,-0.57789188,0.03222140,-0.06038726,0.07452066,-0.08875340
5.02751376,0.68275633,-0.87289931,0.20891865,-0.27467181,0.01480490,-0.03418386,0.01593700,-0.01107974,0.03198496,-0.04854127,0.55614008,-0.56850083,0.03237659,-0.06144749,0.07351565,-0.08900971
5.03351676,0.70693355,-0.88209306,0.22127636,-0.27815085,0.01531250,-0.03402143,0.01747681,-0.01209517,0.03063726,-0.04827045,0.55224715,-0.56028360,0.03255694,-0.06217407,0.07253890,-0.08926723
5.03951976,0.73162877,-0.88936498,0.23397912,-0.28069847,0.01582268,-0.03376047,0.01903092,-0.01317262,0.02934216,-0.04791061,0.54898309,-0.55309448,0.03277768,-0.06256130,0.07159744,-0.08949413
5.04552276,0.75658782,-0.89468009,0.24693513,-0.28233701,0.01632997,-0.03340358,0.02057709,-0.01430818,0.02811570,-0.04744580,0.54624963,-0.54675661,0.03305453,-0.06260984,0.07069692,-0.08965733
5.05152576,0.78155901,-0.89802972,0.26005428,-0.28310275,0.01682967,-0.03295525,0.02209150,-0.01549581,0.02697321,-0.04686196,0.54395393,-0.54107247,0.03340328,-0.06232659,0.06984132,-0.08972392
5.05752876,0.80629807,-0.89942908,0.27324997,-0.28304337,0.01731787,-0.03242180,0.02354938,-0.01672714,0.02592882,-0.04614766,0.54200947,-0.53583393,0.03383916,-0.06172433,0.06903259,-0.08966254
5.06353177,0.83057315,-0.89891386,0.28644087,-0.28221505,0.01779160,-0.03181119,0.02492563,-0.01799137,0.02499496,-0.04529464,0.54033684,-0.53083172,0.03437644,-0.06082110,0.06827059,-0.08944446
5.06953477,0.85416949,-0.89653615,0.29955243,-0.28067940,0.01824876,-0.03113283,0.02619557,-0.01927534,0.02418201,-0.04429829,0.53886438,-0.52586369,0.03502791,-0.05963960,0.06755305,-0.08904457
5.07553777,0.87689355,-0.89236011,0.31251811,-0.27850052,0.01868816,-0.03039728,0.02733573,-0.02056359,0.02349798,-0.04315782,0.53752859,-0.52074200,0.03580444,-0.05820631,0.06687575,-0.08844213
5.08154077,0.89857630,-0.88645777,0.32528010,-0.27574222,0.01910942,-0.02961603,0.02832464,-0.02183858,0.02294829,-0.04187637,0.53627436,-0.51529891,0.03671457,-0.05655068,0.06623274,-0.08762123
5.08754377,0.91907522,-0.87890541,0.33778959,-0.27246570,0.01951285,-0.02880114,0.02914355,-0.02308109,0.02253560,-0.04046086,0.53505488,-0.50939118,0.03776411,-0.05470416,0.06561670,-0.08657115
5.09354677,0.93827506,-0.86978070,0.35000651,-0.26872778,0.01989928,-0.02796494,0.02977713,-0.02427062,0.02225980,-0.03892172,0.53383111,-0.50290322,0.03895580,-0.05269934,0.06501930,-0.08528636
5.09954977,0.95608712,-0.85916098,0.36189877,-0.26457974,0.02026988,-0.02711979,0.03021412,-0.02538595,0.02211801,-0.03727245,0.53257088,-0.49574890,0.04028897,-0.05056912,0.06443158,-0.08376649
5.10555278,0.97244712,-0.84712269,0.37344099,-0.26006685,0.02062589,-0.02627781,0.03044774,-0.02640576,0.02210467,-0.03552911,0.53124760,-0.48787237,0.04175936,-0.04834585,0.06384441,-0.08201608
5.11155578,0.98731184,-0.83374198,0.38461299,-0.25522854,0.02096842,-0.02545063,0.03047610,-0.02730930,0.02221170,-0.03370975,0.52983855,-0.47924780,0.04335887,-0.04606076,0.06324873,-0.08004418
5.11755878,1.00065475,-0.81909634,0.39539800,-0.25009918,0.02129819,-0.02464925,0.03030231,-0.02807710,0.02242869,-0.03183376,0.52832288,-0.46987836,0.04507553,-0.04374333,0.06263596,-0.07786396
5.12356178,1.01246109,-0.80326711,0.40578092,-0.24470938,0.02161527,-0.02388385,0.02993457,-0.02869163,0.02274322,-0.02992120,0.52667952,-0.45979449,0.04689349,-0.04142088,0.06199811,-0.07549216
5.12956478,1.02272266,-0.78634248,0.41574673,-0.23908760,0.02191894,-0.02316371,0.02938596,-0.02913797,0.02314109,-0.02799226,0.52488510,-0.44905164,0.04879321,-0.03911829,0.06132798,-0.07294860
5.13556778,1.03143306,-0.76842073,0.42527921,-0.23326202,0.02220752,-0.02249712,0.02867412,-0.02940439,0.02360672,-0.02606664,0.52291204,-0.43772746,0.05075170,-0.03685781,0.06061922,-0.07025563
5.14157079,1.03858352,-0.74961325,0.43436023,-0.22726249,0.02247827,-0.02189129,0.02782081,-0.02948283,0.02412348,-0.02416309,0.52072710,-0.42591875,0.05274296,-0.03465903,0.05986637,-0.06743757
5.14757379,1.04416004,-0.73004709,0.44296960,-0.22112232,0.02272738,-0.02135235,0.02685130,-0.02936921,0.02467410,-0.02229897,0.51829053,-0.41373809,0.05473862,-0.03253890,0.05906480,-0.06452022
5.15357679,1.04814184,-0.70986667,0.45108567,-0.21487997,0.02295003,-0.02088528,0.02579365,-0.02906371,0.02524112,-0.02049000,0.51555587,-0.40131019,0.05670856,-0.03051189,0.05821071,-0.06153036
5.15957979,1.05050163,-0.68923460,0.45868649,-0.20858034,0.02314054,-0.02049390,0.02467794,-0.02857077,0.02580727,-0.01875000,0.51247063,-0.38876828,0.05862183,-0.02859021,0.05730107,-0.05849529
5.16558279,1.05120746,-0.66833128,0.46575168,-0.20227576,0.02329254,-0.02018085,0.02353543,-0.02789906,0.02635593,-0.01709079,0.50897777,-0.37625035,0.06044754,-0.02678402,0.05633360,-0.05544235
5.17158579,1.05022614,-0.64735350,0.47226469,-0.19602656,0.02339926,-0.01994758,0.02239772,-0.02706119,0.02687154,-0.01552219,0.50501793,-0.36389549,0.06215588,-0.02510179,0.05530677,-0.05239858
5.17758879,1.04752801,-0.62651204,0.47821533,-0.18990133,0.02345383,-0.01979439,0.02129588,-0.02607337,0.02734002,-0.01405205,0.50053235,-0.35184044,0.06371906,-0.02355055,0.05421985,-0.04939028
5.18359180,1.04309254,-0.60602851,0.48360227,-0.18397678,0.02344961,-0.01972039,0.02025966,-0.02495494,0.02774908,-0.01268641,0.49546618,-0.34021643,0.06511234,-0.02213630,0.05307301,-0.04644271
5.18959480,1.03691434,-0.58613165,0.48843534,-0.17833750,0.02338059,-0.01972360,0.01931674,-0.02372775,0.02808855,-0.01142965,0.48977208,-0.32914637,0.06631483,-0.02086424,0.05186739,-0.04357978
5.19559780,1.02900888,-0.56705354,0.49273720,-0.17307546,0.02324167,-0.01980104,0.01849202,-0.02241561,0.02835062,-0.01028476,0.48341364,-0.31874268,0.06731025,-0.01973918,0.05060525,-0.04082379
5.20160080,1.01941760,-0.54902588,0.49654432,-0.16828949,0.02302903,-0.01994881,0.01780706,-0.02104355,0.02852997,-0.00925355,0.47636857,-0.30910562,0.06808749,-0.01876580,0.04929014,-0.03819522
5.20760380,1.00821153,-0.53227673,0.49990696,-0.16408484,0.02274031,-0.02016230,0.01727955,-0.01963723,0.02862382,-0.00833696,0.46863120,-0.30032240,0.06864083,-0.01794892,0.04792703,-0.03571257
5.21360680,0.99549334,-0.51702799,0.50288804,-0.16057272,0.02237490,-0.02043635,0.01692297,-0.01822228,0.02863193,-0.00753526,0.46021418,-0.29246694,0.06897011,-0.01729382,0.04652238,-0.03339229
5.21960980,0.98139726,-0.50349369,0.50556095,-0.15787005,0.02193399,-0.02076555,0.01674627,-0.01682372,0.02855641,-0.00684837,0.45114909,-0.28560040,0.06908047,-0.01680638,0.04508433,-0.03124868
5.22561281,0.96608694,-0.49187906,0.50800636,-0.15609921,0.02142060,-0.02114448,0.01675375,-0.01546549,0.02840152,-0.00627605,0.44148611,-0.27977226,0.06898192,-0.01649335,0.04362263,-0.02929397
5.23161581,0.94975113,-0.48238059,0.51030809,-0.15538781,0.02083958,-0.02156800,0.01694499,-0.01416999,0.02817334,-0.00581808,0.43129243,-0.27502204,0.06868867,-0.01636238,0.04214874,-0.02753832
5.23761881,0.93259768,-0.47518649,0.51254858,-0.15586847,0.02019741,-0.02203158,0.01731495,-0.01295777,0.02787939,-0.00547442,0.42064975,-0.27138122,0.06821825,-0.01642215,0.04067574,-0.02598993
5.24362181,0.91484597,-0.47047758,0.51480396,-0.15767822,0.01950205,-0.02253156,0.01785415,-0.01184730,0.02752821,-0.00524533,0.40965093,-0.26887544,0.06759052,-0.01668232,0.03921824,-0.02465520
5.24962481,0.89671867,-0.46842812,0.51713949,-0.16095765,0.01876266,-0.02306539,0.01854897,-0.01085480,0.02712889,-0.00513140,0.39839606,-0.26752657,0.06682661,-0.01715341,0.03779239,-0.02353880
5.25562781,0.87843321,-0.46920608,0.51960546,-0.16584942,0.01798928,-0.02363180,0.01938209,-0.00999414,0.02669065,-0.00513354,0.38698822,-0.26735441,0.06594778,-0.01784658,0.03641568,-0.02264385
5.26163082,0.86019379,-0.47297252,0.52223422,-0.17249607,0.01719253,-0.02423093,0.02033297,-0.00927685,0.02622239,-0.00525289,0.37552930,-0.26837792,0.06497442,-0.01877331,0.03510698,-0.02197198
5.26763382,0.84218464,-0.47987979,0.52503845,-0.18103700,0.01638328,-0.02486430,0.02137849,-0.00871212,0.02573236,-0.00549076,0.36411620,-0.27061564,0.06392512,-0.01994490,0.03388645,-0.02152343
5.27363682,0.82456501,-0.49006793,0.52801122,-0.19160441,0.01557235,-0.02553472,0.02249368,-0.00830687,0.02522787,-0.00584836,0.35283769,-0.27408522,0.06281593,-0.02137194,0.03277567,-0.02129703
5.27963982,0.80746647,-0.50365953,0.53112761,-0.20431832,0.01477024,-0.02624602,0.02365242,-0.00806575,0.02471508,-0.00632664,0.34177226,-0.27880196,0.06165987,-0.02306360,0.03179770,-0.02129021
5.28564282,0.79099277,-0.52075256,0.53434830,-0.21928066,0.01398685,-0.02700277,0.02482830,-0.00799126,0.02419892,-0.00692599,0.33098705,-0.28477639,0.06046664,-0.02502683,0.03097729,-0.02149882
5.29164582,0.77522232,-0.54141171,0.53762470,-0.23656850,0.01323140,-0.02780978,0.02599548,-0.00808375,0.02368311,-0.00764591,0.32053810,-0.29201085,0.05924261,-0.02726551,0.03034124,-0.02191705
5.29764882,0.76021328,-0.56565826,0.54090548,-0.25622672,0.01251223,-0.02867160,0.02712947,-0.00834145,0.02317028,-0.00848473,0.31047182,-0.30049540,0.05799112,-0.02977959,0.02991864,-0.02253716
5.30365183,0.74601080,-0.59345923,0.54414404,-0.27826042,0.01183684,-0.02959191,0.02820799,-0.00876046,0.02266216,-0.00943924,0.30082765,-0.31020323,0.05671288,-0.03256415,0.02974136,-0.02334931
5.30965483,0.73265598,-0.62471621,0.54730641,-0.30262742,0.01121180,-0.03057289,0.02921170,-0.00933471,0.02215988,-0.01050440,0.29164179,-0.32108586,0.05540673,-0.03560858,0.02984440,-0.02434129
5.31565783,0.72019582,-0.65925485,0.55037902,-0.32923132,0.01064290,-0.03161466,0.03012483,-0.01005595,0.02166432,-0.01167308,0.28295161,-0.33306856,0.05407042,-0.03889587,0.03026626,-0.02549836
5.32166083,0.70869340,-0.69681580,0.55337560,-0.35791564,0.01013516,-0.03271468,0.03093569,-0.01091370,0.02117642,-0.01293579,0.27480057,-0.34604632,0.05270149,-0.04240201,0.03104920,-0.02680310
5.32766383,0.69823739,-0.73704782,0.55634276,-0.38845944,0.00969301,-0.03386731,0.03163708,-0.01189520,0.02069761,-0.01428056,0.26724322,-0.35988091,0.05129823,-0.04609566,0.03223941,-0.02823534
5.33366683,0.68895018,-0.77950414,0.55936350,-0.42057503,0.00932039,-0.03506349,0.03222641,-0.01298547,0.02023009,-0.01569288,0.26034986,-0.37439919,0.04986051,-0.04993801,0.03388693,-0.02977229
5.33966983,0.68099370,-0.82364258,0.56255840,-0.45390806,0.00902086,-0.03629054,0.03270573,-0.01416731,0.01977712,-0.01715575,0.25421058,-0.38939316,0.04839058,-0.05388302,0.03604533,-0.03138873
5.34567284,0.67457237,-0.86882998,0.56608391,-0.48804034,0.00879770,-0.03753223,0.03308150,-0.01542146,0.01934326,-0.01864979,0.24893816,-0.40462188,0.04689361,-0.05787792,0.03877111,-0.03305744
5.35167584,0.66993274,-0.91435145,0.57012789,-0.52249567,0.00865401,-0.03876896,0.03336422,-0.01672677,0.01893444,-0.02015361,0.24466971,-0.41981546,0.04537816,-0.06186408,0.04212276,-0.03474980
5.35767884,0.66735943,-0.95942437,0.57490220,-0.55674868,0.00859268,-0.03997821,0.03356779,-0.01806049,0.01855797,-0.02164414,0.24156662,-0.43468107,0.04385627,-0.06577814,0.04615946,-0.03643654
5.36368184,0.66716734,-1.00321694,0.58063272,-0.59023652,0.00861642,-0.04113516,0.03370877,-0.01939863,0.01822247,-0.02309719,0.23981273,-0.44891085,0.04234345,-0.06955359,0.05093939,-0.03808872
5.36968484,0.66969040,-1.04487093,0.58754711,-0.62237329,0.00872766,-0.04221348,0.03380556,-0.02071644,0.01793763,-0.02448804,0.23961070,-0.46219159,0.04085830,-0.07312240,0.05651775,-0.03967887
5.37568784,0.67526717,-1.08352780,0.59586106,-0.65256663,0.00892845,-0.04318633,0.03387735,-0.02198895,0.01771389,-0.02579219,0.24117637,-0.47421567,0.03942201,-0.07641708,0.06294437,-0.04118223
5.38169085,0.68422383,-1.11835712,0.60576357,-0.68023593,0.00922026,-0.04402732,0.03394317,-0.02319157,0.01756206,-0.02698605,0.24473149,-0.48469293,0.03805758,-0.07937265,0.07026116,-0.04257812
5.38769385,0.69685559,-1.14858641,0.61740226,-0.70483155,0.00960385,-0.04471172,0.03402084,-0.02430077,0.01749284,-0.02804780,0.25049482,-0.49336294,0.03678894,-0.08192880,0.07849927,-0.04385136
5.39369685,0.71340712,-1.17353067,0.63086943,-0.72585413,0.01007900,-0.04521748,0.03412607,-0.02529476,0.01751630,-0.02895813,0.25867198,-0.50000700,0.03563992,-0.08403195,0.08767625,-0.04499367
5.39969985,0.73405320,-1.19262072,0.64618988,-0.74287318,0.01064429,-0.04552634,0.03427160,-0.02615419,0.01764135,-0.02970095,0.26944443,-0.50445942,0.03463321,-0.08563712,0.09779318,-0.04600502
5.40570285,0.75888062,-1.20542855,0.66331112,-0.75554425,0.01129691,-0.04562477,0.03446648,-0.02686277,0.01787522,-0.03026412,0.28295798,-0.50661746,0.03378925,-0.08670965,0.10883203,-0.04689483
5.41170585,0.78787223,-1.21168879,0.68209687,-0.76362359,0.01203242,-0.04550476,0.03471560,-0.02740794,0.01822297,-0.03063996,0.29931140,-0.50644933,0.03312524,-0.08722651,0.12075323,-0.04768308
5.41770885,0.82089422,-1.21131503,0.70232416,-0.76697999,0.01284462,-0.04516444,0.03501939,-0.02778129,0.01868703,-0.03082569,0.31854563,-0.50400002,0.03265420,-0.08717730,0.13349378,-0.04840101
5.42371186,0.85768731,-1.20441012,0.72368457,-0.76560280,0.01372543,-0.04460845,0.03537371,-0.02797900,0.01926691,-0.03082365,0.34063411,-0.49939438,0.03238422,-0.08656479,0.14696593,-0.04909171
5.42971486,0.89786271,-1.19126994,0.74578964,-0.75960609,0.01466484,-0.04384808,0.03577007,-0.02800209,0.01995897,-0.03064145,0.36547491,-0.49283735,0.03231788,-0.08540495,0.16105655,-0.04981024
5.43571786,0.94090313,-1.17238032,0.76818042,-0.74922844,0.01565093,-0.04290112,0.03619601,-0.02785650,0.02075629,-0.03029182,0.39288503,-0.48461126,0.03245188,-0.08372660,0.17562738,-0.05062336
5.44172086,0.98616921,-1.14840698,0.79034075,-0.73482848,0.01666999,-0.04179155,0.03663570,-0.02755304,0.02164876,-0.02979236,0.42259739,-0.47507010,0.03277690,-0.08157051,0.19051616,-0.05160894
5.44772386,1.03291141,-1.12017899,0.81171386,-0.71687630,0.01770670,-0.04054887,0.03707071,-0.02710718,0.02262322,-0.02916505,0.45426097,-0.46463102,0.03327777,-0.07898818,0.20553878,-0.05285474
5.45372686,1.08028699,-1.08866617,0.83172155,-0.69594097,0.01874440,-0.03920727,0.03748099,-0.02653864,0.02366388,-0.02843567,0.48744414,-0.45376319,0.03393375,-0.07604015,0.22049235,-0.05445693
5.45972986,1.12738182,-1.05495133,0.84978508,-0.67267473,0.01976547,-0.03780467,0.03784584,-0.02587089,0.02475275,-0.02763305,0.52164161,-0.44297452,0.03471923,-0.07279414,0.23515928,-0.05651797
5.46573287,1.17323617,-1.02019830,0.86534686,-0.64779454,0.02075170,-0.03638155,0.03814504,-0.02513047,0.02587029,-0.02678814,0.55628473,-0.43279647,0.03560446,-0.06932283,0.24931216,-0.05914414
5.47173587,1.21687372,-0.98561696,0.87789203,-0.62206137,0.02168479,-0.03497968,0.03835991,-0.02434624,0.02699615,-0.02593315,0.59075509,-0.42376761,0.03655658,-0.06570171,0.26271944,-0.06244260
5.47773887,1.25733267,-0.95242640,0.88696877,-0.59625841,0.02254687,-0.03364084,0.03847434,-0.02354858,0.02810999,-0.02510050,0.62440104,-0.41641641,0.03754075,-0.06200670,0.27515161,-0.06651809
5.48374187,1.29369783,-0.92181760,0.89220669,-0.57116857,0.02332101,-0.03240553,0.03847572,-0.02276843,0.02919237,-0.02432186,0.65655671,-0.41124371,0.03852140,-0.05831203,0.28638778,-0.07146929
5.48974487,1.32513244,-0.89491679,0.89333228,-0.54755221,0.02399176,-0.03131168,0.03835578,-0.02203645,0.03022568,-0.02362717,0.68656273,-0.40870569,0.03946352,-0.05468808,0.29622238,-0.07738500
5.49574787,1.35090851,-0.87275070,0.89018083,-0.52612575,0.02454569,-0.03039348,0.03811114,-0.02138209,0.03119502,-0.02304369,0.71378807,-0.40919759,0.04033393,-0.05119958,0.30447166,-0.08434017
5.50175088,1.37043444,-0.85621482,0.88270446,-0.50754182,0.02497179,-0.02968029,0.03774385,-0.02083274,0.03208909,-0.02259528,0.73765205,-0.41303907,0.04110258,-0.04790396,0.31097987,-0.09239192
5.50775388,1.38327873,-0.84604569,0.87097575,-0.49237135,0.02526197,-0.02919574,0.03726150,-0.02041297,0.03290092,-0.02230159,0.75764566,-0.42046144,0.04174363,-0.04485015,0.31562470,-0.10157574
5.51375688,1.38918891,-0.84279798,0.85518706,-0.48108830,0.02541128,-0.02895696,0.03667730,-0.02014377,0.03362854,-0.02217761,0.77335133,-0.43159750,0.04223650,-0.04207758,0.31832185,-0.11190199
5.51975988,1.38810491,-0.84682720,0.83564554,-0.47405714,0.02541822,-0.02897407,0.03600982,-0.02004202,0.03427548,-0.02223323,0.78446027,-0.44647427,0.04256668,-0.03961566,0.31902850,-0.12335292
5.52576288,1.38016609,-0.85827858,0.81276427,-0.47152358,0.02528483,-0.02924982,0.03528257,-0.02011999,0.03485100,-0.02247308,0.79078664,-0.46500902,0.04272626,-0.03748354,0.31774550,-0.13588029
5.53176588,1.36571185,-0.87708248,0.78704973,-0.47360861,0.02501668,-0.02977948,0.03452338,-0.02038504,0.03537026,-0.02289647,0.79227794,-0.48700903,0.04271435,-0.03569027,0.31451818,-0.14940388
5.53776888,1.34527563,-0.90295659,0.75908645,-0.48030604,0.02462282,-0.03055099,0.03376361,-0.02083946,0.03585409,-0.02349765,0.78902111,-0.51217506,0.04253707,-0.03423524,0.30943576,-0.16381094
5.54377189,1.31957249,-0.93541502,0.72951928,-0.49148359,0.02411547,-0.03154531,0.03303725,-0.02148045,0.03632867,-0.02426615,0.78124409,-0.54010886,0.04220743,-0.03310896,0.30262932,-0.17895681
5.54977489,1.28948072,-0.97378419,0.69903416,-0.50688752,0.02350978,-0.03273694,0.03237985,-0.02230030,0.03682488,-0.02518733,0.76931274,-0.57032446,0.04174485,-0.03229404,0.29426847,-0.19466673
5.55577789,1.25601820,-1.01722502,0.66833804,-0.52615066,0.02282337,-0.03409479,0.03182745,-0.02328670,0.03737747,-0.02624319,0.75372328,-0.60226331,0.04117447,-0.03176644,0.28455684,-0.21073890
5.56178089,1.22031424,-1.06476119,0.63813868,-0.54880375,0.02207583,-0.03558309,0.03141545,-0.02442319,0.03802402,-0.02741320,0.73509034,-0.63531272,0.04052621,-0.03149678,0.27372649,-0.22694881
5.56778389,1.18357804,-1.11531239,0.60912505,-0.57428989,0.02128819,-0.03716252,0.03117745,-0.02568986,0.03880375,-0.02867534,0.71413135,-0.66882718,0.03983373,-0.03145189,0.26203158,-0.24305478
5.57378689,1.14706473,-1.16773188,0.58194886,-0.60198154,0.02048229,-0.03879154,0.03114418,-0.02706399,0.03975613,-0.03000724,0.69164756,-0.70215199,0.03913317,-0.03159633,0.24974148,-0.25880449
5.57978989,1.11204013,-1.22084701,0.55720778,-0.63119994,0.01968020,-0.04042765,0.03134241,-0.02852099,0.04091952,-0.03138725,0.66850257,-0.73464822,0.03846183,-0.03189390,0.23713358,-0.27394244
5.58579290,1.07974551,-1.27350137,0.53543079,-0.66123622,0.01890360,-0.04202889,0.03179409,-0.03003529,0.04232959,-0.03279568,0.64559887,-0.76571830,0.03785685,-0.03230917,0.22448602,-0.28821795
5.59179590,1.05136310,-1.32459710,0.51706587,-0.69137360,0.01817319,-0.04355516,0.03251546,-0.03158135,0.04401795,-0.03421587,0.62385334,-0.79483094,0.03735383,-0.03280887,0.21207072,-0.30139347
5.59779890,1.02798374,-1.37313568,0.50247031,-0.72091011,0.01750811,-0.04496962,0.03351644,-0.03313457,0.04601070,-0.03563522,0.60417227,-0.82154453,0.03698555,-0.03336314,0.20014671,-0.31325281
5.60380190,1.01057713,-1.41825553,0.49190376,-0.74918080,0.01692553,-0.04623990,0.03480007,-0.03467235,0.04832710,-0.03704600,0.58742660,-0.84552778,0.03678083,-0.03394659,0.18895413,-0.32360894
5.60980490,0.99996565,-1.45926474,0.48552397,-0.77557892,0.01644012,-0.04733922,0.03636221,-0.03617486,0.05097851,-0.03844607,0.57442809,-0.86657657,0.03676345,-0.03453917,0.17870894,-0.33231102
5.61580790,0.99680228,-1.49566739,0.48338522,-0.79957495,0.01606380,-0.04824723,0.03819142,-0.03762589,0.05396742,-0.03983926,0.56590682,-0.88462612,0.03695134,-0.03512676,0.16959851,-0.33925017
5.62181091,1.00155290,-1.52718212,0.48543927,-0.82073289,0.01580540,-0.04895069,0.04026900,-0.03901339,0.05728676,-0.04123550,0.56249068,-0.89975753,0.03735586,-0.03570144,0.16177806,-0.34436389
5.62781391,1.01448347,-1.55375175,0.49153871,-0.83872298,0.01567055,-0.04944379,0.04256926,-0.04032989,0.06091951,-0.04265063,0.56468704,-0.91219825,0.03798147,-0.03626160,0.15536806,-0.34763866
5.63381691,1.03565200,-1.57554334,0.50144248,-0.85333025,0.01566152,-0.04972826,0.04505996,-0.04157274,0.06483855,-0.04410587,0.57286723,-0.92231605,0.03882540,-0.03681158,0.15045255,-0.34911066
5.63981991,1.06490559,-1.59293819,0.51482332,-0.86445850,0.01577727,-0.04981310,0.04770299,-0.04274399,0.06900687,-0.04562703,0.58725392,-0.93060635,0.03987777,-0.03736118,0.14707836,-0.34886445
5.64582291,1.10188228,-1.60651203,0.53127690,-0.87212936,0.01601351,-0.04971406,0.05045514,-0.04385015,0.07337806,-0.04724328,0.60791178,-0.93767337,0.04112178,-0.03792482,0.14525511,-0.34702974
5.65182591,1.14601775,-1.61700590,0.55033240,-0.87647655,0.01636281,-0.04945283,0.05326904,-0.04490165,0.07789709,-0.04898579,0.63474174,-0.94420537,0.04253418,-0.03852046,0.14495605,-0.34377620
5.65782891,1.19655660,-1.62528885,0.57146426,-0.87773534,0.01681491,-0.04905592,0.05609432,-0.04591207,0.08250136,-0.05088597,0.66747889,-0.95094508,0.04408590,-0.03916840,0.14611960,-0.33930658
5.66383192,1.25256802,-1.63231381,0.59410478,-0.87622791,0.01735689,-0.04855349,0.05887869,-0.04689719,0.08712207,-0.05297371,0.70569446,-0.95865624,0.04574282,-0.03988985,0.14865147,-0.33384850
5.66983492,1.31296555,-1.63906884,0.61765745,-0.87234500,0.01797361,-0.04797784,0.06156922,-0.04787393,0.09168572,-0.05527541,0.74880188,-0.96808770,0.04746678,-0.04070546,0.15242749,-0.32764516
5.67583792,1.37653063,-1.64652557,0.64151061,-0.86652500,0.01864800,-0.04736200,0.06411362,-0.04885914,0.09611585,-0.05781202,0.79606703,-0.97993666,0.04921656,-0.04163384,0.15729678,-0.32094552
5.68184092,1.44193949,-1.65558758,0.66505127,-0.85923124,0.01936157,-0.04673814,0.06646145,-0.04986841,0.10033487,-0.06059725,0.84662273,-0.99481252,0.05094902,-0.04269013,0.16308559,-0.31399422
5.68784392,1.50779306,-1.66704094,0.68767878,-0.85092884,0.02009478,-0.04613620,0.06856532,-0.05091488,0.10426599,-0.06363588,0.89948737,-1.01320313,0.05262028,-0.04388469,0.16960141,-0.30702194
5.69384692,1.57264916,-1.68150954,0.70881816,-0.84206198,0.02082758,-0.04558250,0.07038206,-0.05200819,0.10783514,-0.06692236,0.95358737,-1.03544502,0.05418686,-0.04522194,0.17663753,-0.30023643
5.69984992,1.63505653,-1.69941733,0.72793278,-0.83303310,0.02153983,-0.04509862,0.07187369,-0.05315356,0.11097287,-0.07043984,1.00778317,-1.06169913,0.05560685,-0.04669951,0.18397785,-0.29381481
5.70585293,1.69358983,-1.72095963,0.74453623,-0.82418469,0.02221186,-0.04470050,0.07300827,-0.05435111,0.11361614,-0.07415958,1.06089811,-1.09193325,0.05684101,-0.04830768,0.19140192,-0.28789724
5.71185593,1.74688493,-1.74608476,0.75820297,-0.81578478,0.02282489,-0.04439777,0.07376065,-0.05559547,0.11571000,-0.07804087,1.11174949,-1.12591227,0.05785375,-0.05002906,0.19869021,-0.28258256
5.71785893,1.79367343,-1.77448738,0.76857782,-0.80801675,0.02336149,-0.04419347,0.07411294,-0.05687563,0.11720897,-0.08203148,1.15918097,-1.16319690,0.05861406,-0.05183877,0.20562931,-0.27792574
5.72386193,1.83281558,-1.80561377,0.77538370,-0.80097383,0.02380606,-0.04408400,0.07405485,-0.05817517,0.11807829,-0.08606864,1.20209517,-1.20315111,0.05909628,-0.05370488,0.21201709,-0.27393747
5.72986493,1.86333046,-1.83867902,0.77842779,-0.79465859,0.02414517,-0.04405946,0.07358381,-0.05947271,0.11829480,-0.09008058,1.23948545,-1.24495824,0.05928067,-0.05558918,0.21766773,-0.27058568
5.73586793,1.88442257,-1.87269540,0.77760569,-0.78898713,0.02436789,-0.04410416,0.07270487,-0.06074273,0.11784754,-0.09398843,1.27046573,-1.28764531,0.05915389,-0.05744840,0.22241630,-0.26779902
5.74187094,1.89550371,-1.90651062,0.77290351,-0.78379776,0.02446609,-0.04419756,0.07143043,-0.06195658,0.11673797,-0.09770867,1.29429702,-1.33011453,0.05870924,-0.05923550,0.22612292,-0.26547193
5.74787394,1.89620947,-1.93885404,0.76439785,-0.77886346,0.02443460,-0.04431523,0.06977978,-0.06308367,0.11497997,-0.10115577,1.31040976,-1.37118083,0.05794675,-0.06090139,0.22867621,-0.26347118
5.75387694,1.88640943,-1.96838878,0.75225353,-0.77390738,0.02427135,-0.04443013,0.06777849,-0.06409281,0.11259930,-0.10424508,1.31842096,-1.40961383,0.05687303,-0.06239661,0.22999608,-0.26164335
5.75987994,1.86621071,-1.99376712,0.73671919,-0.76862033,0.02397737,-0.04451386,0.06545762,-0.06495359,0.10963294,-0.10689577,1.31814526,-1.44418239,0.05550103,-0.06367319,0.23003549,-0.25982298
5.76588294,1.83595450,-2.01368643,0.71812063,-0.76267940,0.02355675,-0.04453803,0.06285287,-0.06563771,0.10612798,-0.10903374,1.30959960,-1.47369986,0.05384950,-0.06468639,0.22878136,-0.25784092
5.77188594,1.79620557,-2.02694314,0.69685227,-0.75576644,0.02301646,-0.04447550,0.06000359,-0.06612026,0.10214035,-0.11059426,1.29300109,-1.49706804,0.05194246,-0.06539645,0.22625440,-0.25553254
5.77788894,1.74773498,-2.03248200,0.67336665,-0.74758563,0.02236616,-0.04430159,0.05695179,-0.06638074,0.09773324,-0.11152441,1.26875812,-1.51331791,0.04980839,-0.06577004,0.22250785,-0.25274529
5.78389195,1.69149663,-2.02943853,0.64816243,-0.73787903,0.02161784,-0.04399511,0.05374110,-0.06640395,0.09297543,-0.11178499,1.23745523,-1.52164524,0.04747944,-0.06578155,0.21762527,-0.24934547
5.78989495,1.62859822,-2.01717267,0.62177106,-0.72643949,0.02078548,-0.04353924,0.05041572,-0.06618055,0.08793950,-0.11135196,1.19983214,-1.52143979,0.04499051,-0.06541402,0.21171736,-0.24522371
5.79589795,1.56026791,-1.99529237,0.59474252,-0.71312043,0.01988460,-0.04292206,0.04701945,-0.06570734,0.08269995,-0.11021734,1.15675801,-1.51230666,0.04237828,-0.06465976,0.20491794,-0.24029920
5.80190095,1.48781765,-1.96366622,0.56763054,-0.69784195,0.01893181,-0.04213700,0.04359477,-0.06498726,0.07733140,-0.10838941,1.10920191,-1.49407907,0.03968033,-0.06352058,0.19737918,-0.23452233
5.80790395,1.41260466,-1.92242496,0.54097764,-0.68059336,0.01794430,-0.04118291,0.04018198,-0.06402909,0.07190683,-0.10589239,1.05820083,-1.46682228,0.03693417,-0.06200765,0.18926644,-0.22787580
5.81390695,1.33599247,-1.87195220,0.51530055,-0.66143220,0.01693938,-0.04006395,0.03681854,-0.06284684,0.06649592,-0.10276551,1.00482639,-1.43082857,0.03417644,-0.06014103,0.18075270,-0.22037433
5.81990995,1.25931280,-1.81286528,0.49107625,-0.64048000,0.01593399,-0.03878924,0.03353841,-0.06145902,0.06116367,-0.09906151,0.95015182,-1.38660378,0.03144215,-0.05794885,0.17201290,-0.21206291
5.82591296,1.18382983,-1.74598772,0.46872935,-0.61791531,0.01494424,-0.03737231,0.03037164,-0.05988767,0.05596914,-0.09484472,0.89522027,-1.33484644,0.02876402,-0.05546623,0.16321842,-0.20301388
5.83191596,1.11070796,-1.67231479,0.44862087,-0.59396466,0.01398505,-0.03583044,0.02734406,-0.05815732,0.05096448,-0.09018882,0.84101583,-1.27642054,0.02617200,-0.05273396,0.15453188,-0.19332305
5.83791896,1.04098420,-1.59297451,0.43103902,-0.56889206,0.01306980,-0.03418386,0.02447709,-0.05629389,0.04619421,-0.08517429,0.78843806,-1.21232343,0.02369289,-0.04979710,0.14610241,-0.18310508
5.84392196,0.97554595,-1.50918588,0.41619222,-0.54298777,0.01221004,-0.03245487,0.02178774,-0.05432365,0.04169478,-0.07988584,0.73828106,-1.14365059,0.02135010,-0.04670335,0.13806166,-0.17248850
5.84992496,0.91511487,-1.42221670,0.40420451,-0.51655710,0.01141533,-0.03066698,0.01928866,-0.05227221,0.03749442,-0.07440969,0.69121751,-1.07155884,0.01916362,-0.04350158,0.13052051,-0.16161050
5.85592796,0.86023717,-1.33334282,0.39511362,-0.48990976,0.01069312,-0.02884411,0.01698844,-0.05016373,0.03361319,-0.06883113,0.64778800,-0.99722970,0.01714998,-0.04024033,0.12356677,-0.15061183
5.86193097,0.81128025,-1.24381059,0.38887177,-0.46335039,0.01004872,-0.02700974,0.01489185,-0.04802019,0.03006333,-0.06323216,0.60839584,-0.92183449,0.01532252,-0.03696639,0.11726376,-0.13963208
5.86793397,0.76843573,-1.15480400,0.38534908,-0.43717065,0.00948531,-0.02518631,0.01300026,-0.04586094,0.02684971,-0.05768945,0.57330712,-0.84650239,0.01369157,-0.03372364,0.11164991,-0.12880543
5.87393697,0.73172821,-1.06741743,0.38433966,-0.41164299,0.00900411,-0.02339462,0.01131210,-0.04370237,0.02397059,-0.05227269,0.54265567,-0.77229277,0.01226480,-0.03055200,0.10673918,-0.11825708
5.87993997,0.70102921,-0.98263478,0.38557001,-0.38701642,0.00860451,-0.02165339,0.00982334,-0.04155789,0.02141836,-0.04704327,0.51645225,-0.70017234,0.01104763,-0.02748667,0.10252248,-0.10810043
5.88594297,0.67607549,-0.90131509,0.38870956,-0.36351406,0.00828431,-0.01997903,0.00852799,-0.03943797,0.01918046,-0.04205341,0.49459751,-0.63099771,0.01004358,-0.02455759,0.09896976,-0.09843505
5.89194597,0.65649065,-0.82418459,0.39338301,-0.34133240,0.00803996,-0.01838541,0.00741861,-0.03735040,0.01724030,-0.03734564,0.47689762,-0.56550361,0.00925471,-0.02178910,0.09603273,-0.08934541
5.89794897,0.64180912,-0.75183463,0.39918387,-0.32064184,0.00786687,-0.01688387,0.00648680,-0.03530065,0.01557824,-0.03295276,0.46308188,-0.50429643,0.00868193,-0.01919992,0.09364815,-0.08090038
5.90395198,0.63150126,-0.68472470,0.40568898,-0.30158844,0.00775967,-0.01548326,0.00572363,-0.03329231,0.01417245,-0.02889800,0.45282129,-0.44785283,0.00832534,-0.01680321,0.09174139,-0.07315333
5.90995498,0.62499864,-0.62318967,0.41247315,-0.28429613,0.00771251,-0.01419010,0.00512004,-0.03132761,0.01299983,-0.02519560,0.44574727,-0.39652279,0.00818443,-0.01460692,0.09023015,-0.06614275
5.91595798,0.62171826,-0.56745007,0.41912370,-0.26886930,0.00771931,-0.01300880,0.00466720,-0.02940787,0.01203675,-0.02185152,0.44146965,-0.35053630,0.00825825,-0.01261422,0.08902826,-0.05989335
5.92196098,0.62108496,-0.51762440,0.42525414,-0.25539512,0.00777402,-0.01194189,0.00435678,-0.02753395,0.01125975,-0.01886441,0.43959316,-0.31001292,0.00854541,-0.01082406,0.08804927,-0.05441731
5.92796398,0.62255107,-0.47374239,0.43051658,-0.24394546,0.00787078,-0.01099028,0.00418113,-0.02570669,0.01064613,-0.01622661,0.43973192,-0.27497321,0.00904412,-0.00923180,0.08720972,-0.04971576
5.93396698,0.62561264,-0.43575818,0.43461233,-0.23457804,0.00800409,-0.01015356,0.00413351,-0.02392717,0.01017436,-0.01392527,0.44152129,-0.24535134,0.00975193,-0.00782988,0.08643214,-0.04578027
5.93996998,0.62982189,-0.40356281,0.43730043,-0.22733668,0.00816894,-0.00943016,0.00420809,-0.02219699,0.00982443,-0.01194340,0.44462693,-0.22100800,0.01066563,-0.00660851,0.08564742,-0.04259421
5.94597299,0.63479558,-0.37699525,0.43840373,-0.22225055,0.00836079,-0.00881766,0.00440004,-0.02051835,0.00957811,-0.01026095,0.44875078,-0.20174301,0.01178084,-0.00555633,0.08479665,-0.04013404
5.95197599,0.64021921,-0.35585169,0.43781229,-0.21933252,0.00857565,-0.00831289,0.00470545,-0.01889413,0.00941898,-0.00885573,0.45363413,-0.18730705,0.01309178,-0.00466103,0.08383244,-0.03837034
5.95797899,0.64584731,-0.33989294,0.43548422,-0.21857668,0.00880998,-0.00791206,0.00512132,-0.01732781,0.00933253,-0.00770427,0.45905781,-0.17741226,0.01459082,-0.00390991,0.08271956,-0.03726865
5.96398199,0.65150015,-0.32884991,0.43144378,-0.21995528,0.00906065,-0.00761093,0.00564538,-0.01582337,0.00930607,-0.00678259,0.46484002,-0.17174142,0.01626820,-0.00329045,0.08143501,-0.03679010
5.96998499,0.65705740,-0.32242745,0.42577714,-0.22341536,0.00932480,-0.00740477,0.00627600,-0.01438513,0.00932862,-0.00606678,0.47083205,-0.16995569,0.01811166,-0.00279066,0.07996762,-0.03689179
5.97598799,0.66244948,-0.32030684,0.41862585,-0.22887538,0.00959977,-0.00728850,0.00701197,-0.01301753,0.00939076,-0.00553349,0.47691267,-0.17170094,0.02010622,-0.00239953,0.07831720,-0.03752712
5.98199100,0.66764722,-0.32214749,0.41017866,-0.23622228,0.00988291,-0.00725663,0.00785234,-0.01172496,0.00948447,-0.00516031,0.48298158,-0.17661303,0.02223401,-0.00210730,0.07649325,-0.03864591
5.98799400,0.67265084,-0.32758815,0.40066179,-0.24530924,0.01017150,-0.00730333,0.00879622,-0.01051156,0.00960299,-0.00492604,0.48895271,-0.18432200,0.02447420,-0.00190566,0.07451356,-0.04019458
5.99399700,0.67747895,-0.33624836,0.39032849,-0.25595448,0.01046265,-0.00742243,0.00984251,-0.00938102,0.00974064,-0.00481086,0.49474797,-0.19445579,0.02680313,-0.00178798,0.07240254,-0.04211631
6.00000000,0.68215835,-0.34773050,0.37944807,-0.26794144,0.01075322,-0.00760748,0.01098973,-0.00833645,0.00989271,-0.00479647,0.50029191,-0.20664356,0.02919449,-0.00174941,0.07018963,-0.04435135
