energy_ev,total_up,P_s_up,P_p_up,S_s_up,S_p_up,Y_p_up,Y_d_up
-6.00000000,2.69539100,0.06337093,0.14179170,0.02235584,1.51627932,0.90752853,0.79073060
-5.99399700,2.66559188,0.06762211,0.14337994,0.02129941,1.49339783,0.88820656,0.77952520
-5.98799400,2.64812233,0.07187747,0.14528318,0.02039710,1.47801525,0.87385916,0.77212564
-5.98199100,2.64160288,0.07608789,0.14739531,0.01964143,1.46939533,0.86406955,0.76814802
-5.97598799,2.64441726,0.08020387,0.14960467,0.01902208,1.46665851,0.85832994,0.76713453
-5.96998499,2.65478441,0.08417675,0.15179819,0.01852654,1.46882222,0.85606598,0.76857442
-5.96398199,2.67083003,0.08795991,0.15386542,0.01814073,1.47484110,0.85666108,0.77192507
-5.95797899,2.69065500,0.09150995,0.15570228,0.01784959,1.48364548,0.85947976,0.77663205
-5.95197599,2.71239825,0.09478766,0.15721430,0.01763767,1.49417692,0.86388900,0.78214779
-5.94597299,2.73429215,0.09775886,0.15831946,0.01748963,1.50541974,0.86927727,0.78794800
-5.93996998,2.75470927,0.10039509,0.15895033,0.01739066,1.51642771,0.87507057,0.79354568
-5.93396698,2.77219935,0.10267397,0.15905555,0.01732689,1.52634564,0.88074529,0.79850239
-5.92796398,2.78551657,0.10457952,0.15860068,0.01728564,1.53442542,0.88583791,0.80243660
-5.92196098,2.79363690,0.10610213,0.15756837,0.01725568,1.54003693,0.88995141,0.80502935
-5.91595798,2.79576644,0.10723840,0.15595788,0.01722734,1.54267382,0.89275872,0.80602720
-5.90995498,2.79134130,0.10799081,0.15378411,0.01719265,1.54195488,0.89400347,0.80524277
-5.90395198,2.78002030,0.10836721,0.15107614,0.01714535,1.53762134,0.89349833,0.80255329
-5.89794897,2.76167172,0.10838022,0.14787534,0.01708089,1.52953100,0.89112143,0.79789729
-5.89194597,2.73635518,0.10804653,0.14423331,0.01699637,1.51764961,0.88681120,0.79126992
-5.88594297,2.70430015,0.10738612,0.14020963,0.01689049,1.50204037,0.88056005,0.78271729
-5.87993997,2.66588208,0.10642155,0.13586947,0.01676344,1.48285201,0.87240729,0.77232999
-5.87393697,2.62159723,0.10517709,0.13128135,0.01661676,1.46030603,0.86243155,0.76023629
-5.86793397,2.57203728,0.10367804,0.12651494,0.01645322,1.43468362,0.85074309,0.74659503
-5.86193097,2.51786424,0.10194997,0.12163907,0.01627664,1.40631264,0.83747624,0.73158866
-5.85592796,2.45978656,0.10001813,0.11671992,0.01609175,1.37555492,0.82278211,0.71541648
-5.84992496,2.39853679,0.09790688,0.11181961,0.01590399,1.34279425,0.80682184,0.69828819
-5.84392196,2.33485130,0.09563919,0.10699491,0.01571937,1.30842526,0.78976050,0.68041800
-5.83791896,2.26945231,0.09323634,0.10229638,0.01554422,1.27284334,0.77176177,0.66201923
-5.83191596,2.20303259,0.09071763,0.09776778,0.01538508,1.23643576,0.75298348,0.64329971
-5.82591296,2.13624291,0.08810025,0.09344575,0.01524848,1.19957417,0.73357410,0.62445779
-5.81990995,2.06968241,0.08539924,0.08935976,0.01514077,1.16260850,0.71367019,0.60567916
-5.81390695,2.00389198,0.08262756,0.08553231,0.01506802,1.12586242,0.69339491,0.58713454
-5.80790395,1.93935059,0.07979629,0.08197940,0.01503585,1.08963027,0.67285749,0.56897813
-5.80190095,1.87647439,0.07691489,0.07871102,0.01504935,1.05417556,0.65215358,0.55134691
-5.79589795,1.81561859,0.07399149,0.07573198,0.01511301,1.01973083,0.63136661,0.53436065
-5.78989495,1.75708157,0.07103332,0.07304269,0.01523071,0.98649888,0.61056964,0.51812268
-5.78389195,1.70111097,0.06804715,0.07064004,0.01540568,0.95465503,0.58982804,0.50272121
-5.77788894,1.64791123,0.06503965,0.06851838,0.01564053,0.92435030,0.56920228,0.48823107
-5.77188594,1.59765189,0.06201790,0.06667034,0.01593734,0.89571501,0.54875104,0.47471577
-5.76588294,1.55047620,0.05898969,0.06508773,0.01629770,0.86886269,0.52853419,0.46222962
-5.75987994,1.50650930,0.05596391,0.06376228,0.01672280,0.84389373,0.50861541,0.45081977
-5.75387694,1.46586522,0.05295073,0.06268628,0.01721350,0.82089865,0.48906437,0.44052800
-5.74787394,1.42865243,0.04996182,0.06185307,0.01777041,0.79996043,0.46995813,0.43139197
-5.74187094,1.39497719,0.04701036,0.06125739,0.01839393,0.78115587,0.45138178,0.42344602
-5.73586793,1.36494460,0.04411100,0.06089552,0.01908430,0.76455572,0.43342805,0.41672117
-5.72986493,1.33865703,0.04127974,0.06076529,0.01984154,0.75022347,0.41619605,0.41124450
-5.72386193,1.31621019,0.03853364,0.06086588,0.02066538,0.73821290,0.39978902,0.40703775
-5.71785893,1.29768684,0.03589055,0.06119747,0.02155523,0.72856451,0.38431135,0.40411537
-5.71185593,1.28314875,0.03336870,0.06176079,0.02250997,0.72130102,0.36986482,0.40248207
-5.70585293,1.27262736,0.03098633,0.06255654,0.02352779,0.71642239,0.35654452,0.40213001
-5.69984992,1.26611397,0.02876117,0.06358474,0.02460604,0.71390067,0.34443442,0.40303602
-5.69384692,1.26355013,0.02671008,0.06484406,0.02574095,0.71367513,0.33360313,0.40515889
-5.68784392,1.26481905,0.02484855,0.06633119,0.02692752,0.71564821,0.32409985,0.40843719
-5.68184092,1.26973897,0.02319036,0.06804024,0.02815928,0.71968261,0.31595101,0.41278771
-5.67583792,1.27805894,0.02174719,0.06996226,0.02942821,0.72560006,0.30915759,0.41810482
-5.66983492,1.28945784,0.02052833,0.07208487,0.03072467,0.73318191,0.30369353,0.42426087
-5.66383192,1.30354683,0.01954042,0.07439207,0.03203739,0.74217190,0.29950525,0.43110790
-5.65782891,1.31987553,0.01878726,0.07686422,0.03335358,0.75228100,0.29651230,0.43848039
-5.65182591,1.33794192,0.01826967,0.07947821,0.03465912,0.76319455,0.29460930,0.44619940
-5.64582291,1.35720560,0.01798540,0.08220783,0.03593881,0.77458115,0.29366897,0.45407769
-5.63981991,1.37710405,0.01792909,0.08502424,0.03717676,0.78610332,0.29354630,0.46192583
-5.63381691,1.39707114,0.01809231,0.08789671,0.03835679,0.79742927,0.29408348,0.46955889
-5.62781391,1.41655722,0.01846355,0.09079337,0.03946295,0.80824541,0.29511554,0.47680360
-5.62181091,1.43504964,0.01902839,0.09368211,0.04048002,0.81826893,0.29647647,0.48350553
-5.61580790,1.45209307,0.01976963,0.09653152,0.04139408,0.82725997,0.29800538,0.48953597
-5.60980490,1.46730835,0.02066744,0.09931183,0.04219302,0.83503265,0.29955260,0.49479815
-5.60380190,1.48040925,0.02169967,0.10199581,0.04286702,0.84146460,0.30098548,0.49923263
-5.59779890,1.49121611,0.02284212,0.10455962,0.04340902,0.84650436,0.30219343,0.50282135
-5.59179590,1.49966605,0.02406892,0.10698358,0.04381505,0.85017639,0.30309231,0.50559042
-5.58579290,1.50581896,0.02535294,0.10925279,0.04408450,0.85258348,0.30362774,0.50761124
-5.57978989,1.50985941,0.02666628,0.11135760,0.04422024,0.85390629,0.30377742,0.50900011
-5.57378689,1.51209418,0.02798084,0.11329397,0.04422867,0.85440022,0.30355225,0.50991626
-5.56778389,1.51294577,0.02926885,0.11506364,0.04411966,0.85438978,0.30299642,0.51055838
-5.56178089,1.51294218,0.03050357,0.11667419,0.04390632,0.85426051,0.30218630,0.51115988
-5.55577789,1.51270354,0.03165989,0.11813889,0.04360473,0.85444908,0.30122846,0.51198313
-5.54977489,1.51292625,0.03271503,0.11947644,0.04323356,0.85543197,0.30025672,0.51331278
-5.54377189,1.51436529,0.03364916,0.12071068,0.04281368,0.85771303,0.29942863,0.51544875
-5.53776888,1.51781556,0.03444601,0.12187006,0.04236761,0.86181079,0.29892128,0.51869890
-5.53176588,1.52409290,0.03509340,0.12298711,0.04191909,0.86824564,0.29892689,0.52337186
-5.52576288,1.53401554,0.03558374,0.12409786,0.04149257,0.87752768,0.29964813,0.52977028
-5.51975988,1.54838657,0.03591433,0.12524116,0.04111269,0.89014542,0.30129349,0.53818459
-5.51375688,1.56797797,0.03608762,0.12645800,0.04080388,0.90655584,0.30407278,0.54888761
-5.50775388,1.59351648,0.03611124,0.12779079,0.04058995,0.92717584,0.30819284,0.56213007
-5.50175088,1.62567169,0.03599800,0.12928266,0.04049372,0.95237549,0.31385366,0.57813703
-5.49574787,1.66504624,0.03576562,0.13097673,0.04053675,0.98247292,0.32124481,0.59710536
-5.48974487,1.71216834,0.03543633,0.13291541,0.04073909,1.01773088,0.33054239,0.61920204
-5.48374187,1.76748632,0.03503638,0.13513965,0.04111908,1.05835492,0.34190629,0.64456330
-5.47773887,1.83136505,0.03459535,0.13768832,0.04169324,1.10449291,0.35547795,0.67329447
-5.47173587,1.90408392,0.03414535,0.14059750,0.04247610,1.15623573,0.37137845,0.70547029
-5.46573287,1.98583607,0.03372016,0.14389987,0.04348018,1.21361886,0.38970689,0.74113555
-5.45972986,2.07672866,0.03335427,0.14762409,0.04471582,1.27662460,0.41053905,0.78030594
-5.45372686,2.17678361,0.03308185,0.15179427,0.04619117,1.34518468,0.43392626,0.82296890
-5.44772386,2.28593886,0.03293577,0.15642947,0.04791208,1.41918295,0.45989445,0.86908433
-5.44172086,2.40404971,0.03294663,0.16154326,0.04988198,1.49845807,0.48844329,0.91858507
-5.43571786,2.53089008,0.03314176,0.16714338,0.05210179,1.58280585,0.51954548,0.97137714
-5.42971486,2.66615378,0.03354439,0.17323149,0.05456978,1.67198133,0.55314612,1.02733958
-5.42371186,2.80945553,0.03417290,0.17980299,0.05728142,1.76570037,0.58916221,1.08632408
-5.41770885,2.96033183,0.03504016,0.18684701,0.06022922,1.86364078,0.62748229,1.14815428
-5.41170585,3.11824181,0.03615309,0.19434644,0.06340265,1.96544300,0.66796618,1.21262482
-5.40570285,3.28256804,0.03751230,0.20227820,0.06678790,2.07071036,0.71044503,1.27950045
-5.39969985,3.45261744,0.03911198,0.21061347,0.07036789,2.17900903,0.75472155,1.34851492
-5.39369685,3.62762242,0.04093994,0.21931819,0.07412213,2.28986775,0.80057053,1.41937014
-5.38769385,3.80674244,0.04297779,0.22835355,0.07802672,2.40277740,0.84773972,1.49173548
-5.38169085,3.98906594,0.04520136,0.23767660,0.08205440,2.51719063,0.89595106,1.56524746
-5.37568784,4.17361288,0.04758121,0.24724095,0.08617464,2.63252165,0.94490237,1.63950980
-5.36968484,4.35933807,0.05008335,0.25699739,0.09035383,2.74814636,0.99426941,1.71409412
-5.36368184,4.54513518,0.05267005,0.26689466,0.09455554,2.86340293,1.04370848,1.78854123
-5.35767884,4.72984184,0.05530071,0.27688005,0.09874084,2.97759316,1.09285941,1.86236316
-5.35167584,4.91224580,0.05793286,0.28690006,0.10286872,3.08998465,1.14134916,1.93504604
-5.34567284,5.09109241,0.06052321,0.29690086,0.10689658,3.19981411,1.18879581,2.00605389
-5.33966983,5.26509355,0.06302861,0.30682877,0.11078078,3.30629199,1.23481319,2.07483336
-5.33366683,5.43293831,0.06540714,0.31663054,0.11447726,3.40860859,1.27901583,2.14081960
-5.32766383,5.59330547,0.06761905,0.32625358,0.11794223,3.50594191,1.32102456,2.20344313
-5.32166083,5.74487809,0.06962765,0.33564606,0.12113286,3.59746722,1.36047239,2.26213781
-5.31565783,5.88636018,0.07140016,0.34475694,0.12400806,3.68236862,1.39701087,2.31634994
-5.30965483,6.01649550,0.07290841,0.35353590,0.12652922,3.75985239,1.43031667,2.36554830
-5.30365183,6.13408842,0.07412939,0.36193330,0.12866099,3.82916204,1.46009833,2.40923497
-5.29764882,6.23802649,0.07504573,0.36990013,0.13037204,3.88959489,1.48610307,2.44695691
-5.29164582,6.32730440,0.07564598,0.37738791,0.13163574,3.94051970,1.50812338,2.47831779
-5.28564282,6.40104858,0.07592477,0.38434878,0.13243085,3.98139493,1.52600335,2.50298986
-5.27963982,6.45854186,0.07588284,0.39073559,0.13274207,4.01178685,1.53964431,2.52072543
-5.27363682,6.49924718,0.07552687,0.39650215,0.13256053,4.03138700,1.54900971,2.53136746
-5.26763382,6.52282930,0.07486922,0.40160356,0.13188411,4.04002805,1.55412901,2.53485891
-5.26163082,6.52917364,0.07392757,0.40599673,0.13071770,4.03769726,1.55510010,2.53125013
-5.25562781,6.51840095,0.07272435,0.40964094,0.12907320,4.02454684,1.55209046,2.52070417
-5.24962481,6.49087708,0.07128620,0.41249857,0.12696947,4.00090042,1.54533643,2.50349926
-5.24362181,6.44721681,0.06964325,0.41453586,0.12443201,3.96725511,1.53514090,2.48002842
-5.23761881,6.38828128,0.06782840,0.41572370,0.12149250,3.92427861,1.52186902,2.45079582
-5.23161581,6.31516853,0.06587650,0.41603855,0.11818825,3.87280122,1.50594214,2.41640987
-5.22561281,6.22919707,0.06382360,0.41546315,0.11456139,3.81380282,1.48782997,2.37757314
-5.21960980,6.13188285,0.06170610,0.41398730,0.11065802,3.74839482,1.46804122,2.33506916
-5.21360680,6.02490995,0.05956000,0.41160855,0.10652723,3.67779777,1.44711277,2.28974656
-5.20760380,5.91009599,0.05742014,0.40833263,0.10222005,3.60331516,1.42559781,2.24250098
-5.20160080,5.78935326,0.05531955,0.40417394,0.09778839,3.52630427,1.40405327,2.19425517
-5.19559780,5.66464685,0.05328882,0.39915568,0.09328396,3.44814506,1.38302682,2.14593815
-5.18959480,5.53795126,0.05135561,0.39330993,0.08875723,3.37020819,1.36304395,2.09846381
-5.18359180,5.41120687,0.04954424,0.38667752,0.08425649,3.29382323,1.34459550,2.05270997
-5.17758879,5.28627788,0.04787539,0.37930777,0.07982699,3.22024811,1.32812601,2.00949820
-5.17158579,5.16491303,0.04636592,0.37125802,0.07551015,3.15064102,1.31402341,1.96957541
-5.16558279,5.04871048,0.04502883,0.36259310,0.07134305,3.08603544,1.30261023,1.93359753
-5.15957979,4.93908794,0.04387331,0.35338465,0.06735791,3.02731924,1.29413672,1.90211583
-5.15357679,4.83725896,0.04290493,0.34371038,0.06358185,2.97521856,1.28877624,1.87556637
-5.14757379,4.74421611,0.04212591,0.33365330,0.06003676,2.93028665,1.28662286,1.85426276
-5.14157079,4.66072149,0.04153551,0.32330090,0.05673931,2.89289828,1.28769163,1.83839244
-5.13556778,4.58730463,0.04113052,0.31274433,0.05370112,2.86324959,1.29192116,1.82801665
-5.12956478,4.52426799,0.04090580,0.30207769,0.05092907,2.84136340,1.29917893,1.82307396
-5.12356178,4.47169942,0.04085484,0.29139725,0.04842564,2.82709964,1.30926874,1.82338724
-5.11755878,4.42949131,0.04097045,0.28080086,0.04618942,2.82017067,1.32194054,1.82867397
-5.11155578,4.39736548,0.04124534,0.27038728,0.04421563,2.82016068,1.33690193,1.83855938
-5.10555278,4.37490299,0.04167280,0.26025571,0.04249672,2.82654874,1.35383136,1.85259222
-5.09954977,4.36157755,0.04224728,0.25050526,0.04102288,2.83873445,1.37239220,1.87026252
-5.09354677,4.35679138,0.04296491,0.24123448,0.03978273,2.85606549,1.39224749,1.89102081
-5.08754377,4.35991191,0.04382396,0.23254091,0.03876379,2.87786590,1.41307451,1.91429820
-5.08154077,4.37030786,0.04482517,0.22452051,0.03795306,2.90346405,1.43457880,1.93952664
-5.07553777,4.38738314,0.04597198,0.21726704,0.03733747,2.93221936,1.45650685,1.96615853
-5.06953477,4.41060683,0.04727051,0.21087133,0.03690426,2.96354639,1.47865695,1.99368501
-5.06353177,4.43953783,0.04872952,0.20542027,0.03664136,2.99693548,1.50088750,2.02165229
-5.05752876,4.47384290,0.05036008,0.20099572,0.03653753,3.03196894,1.52312245,2.04967501
-5.05152576,4.51330669,0.05217505,0.19767310,0.03658262,3.06833174,1.54535339,2.07744641
-5.04552276,4.55783326,0.05418850,0.19551971,0.03676750,3.10581649,1.56763804,2.10474447
-5.03951976,4.60743837,0.05641483,0.19459290,0.03708409,3.14432184,1.59009503,2.13143384
-5.03351676,4.66223271,0.05886781,0.19493798,0.03752520,3.18384460,1.61289520,2.15746332
-5.02751376,4.72239648,0.06155957,0.19658594,0.03808427,3.22446556,1.63624944,2.18285892
-5.02151076,4.78814639,0.06449939,0.19955122,0.03875514,3.26632963,1.66039387,2.20771271
-5.01550775,4.85969648,0.06769261,0.20382937,0.03953165,3.30962119,1.68557268,2.23216802
-5.00950475,4.93721474,0.07113947,0.20939498,0.04040727,3.35453582,1.71201969,2.25640156
-5.00350175,5.02077790,0.07483413,0.21619978,0.04137469,3.40124982,1.73993941,2.28060341
-4.99749875,5.11032680,0.07876378,0.22417131,0.04242544,3.44988924,1.76948864,2.30495587
-4.99149575,5.20562531,0.08290803,0.23321196,0.04354950,3.50050012,1.80075957,2.32961231
-4.98549275,5.30622513,0.08723850,0.24319888,0.04473504,3.55302167,1.83376538,2.35467722
-4.97948974,5.41143919,0.09171876,0.25398457,0.04596813,3.60726418,1.86842923,2.38018855
-4.97348674,5.52032563,0.09630459,0.26539836,0.04723269,3.66289296,1.90457722,2.40610334
-4.96748374,5.63168401,0.10094459,0.27724878,0.04851042,3.71941967,1.94193592,2.43228769
-4.96148074,5.74406456,0.10558116,0.28932687,0.04978093,3.77620165,1.98013466,2.45851150
-4.95547774,5.85579091,0.11015177,0.30141030,0.05102204,3.83244972,2.01871260,2.48444853
-4.94947474,5.96499557,0.11459054,0.31326817,0.05221009,3.88724420,2.05713024,2.50968182
-4.94347174,6.06966689,0.11883006,0.32466656,0.05332045,3.93955868,2.09478488,2.53371415
-4.93746873,6.16770561,0.12280333,0.33537429,0.05432817,3.98829022,2.13102925,2.55598327
-4.93146573,6.25698833,0.12644584,0.34516904,0.05520856,4.03229484,2.16519236,2.57588076
-4.92546273,6.33543489,0.12969759,0.35384333,0.05593799,4.07042620,2.19660153,2.59277391
-4.91945973,6.40107646,0.13250500,0.36121026,0.05649459,4.10157579,2.22460457,2.60602916
-4.91345673,6.45212104,0.13482274,0.36710867,0.05685896,4.12471241,2.24859096,2.61503606
-4.90745373,6.48701315,0.13661513,0.37140764,0.05701487,4.13891914,2.26801107,2.61923047
-4.90145073,6.50448506,0.13785735,0.37400998,0.05694982,4.14342595,2.28239266,2.61811585
-4.89544772,6.50359717,0.13853623,0.37485473,0.05665554,4.13763640,2.29135398,2.61128172
-4.88944472,6.48376599,0.13865054,0.37391840,0.05612830,4.12114756,2.29461313,2.59841842
-4.88344172,6.44477888,0.13821100,0.37121510,0.05536911,4.09376218,2.29199346,2.57932764
-4.87743872,6.38679527,0.13723981,0.36679538,0.05438378,4.05549318,2.28342522,2.55392857
-4.87143572,6.31033504,0.13576974,0.36074406,0.05318273,4.00656045,2.26894358,2.52225952
-4.86543272,6.21625531,0.13384301,0.35317690,0.05178077,3.94738073,2.24868373,2.48447531
-4.85942971,6.10571726,0.13150980,0.34423655,0.05019663,3.87855146,2.22287341,2.44084091
-4.85342671,5.98014532,0.12882658,0.33408775,0.04845243,3.80082982,2.19182379,2.39172191
-4.84742371,5.84118088,0.12585434,0.32291208,0.04657301,3.71510832,2.15591908,2.33757253
-4.84142071,5.69063306,0.12265678,0.31090248,0.04458525,3.62238826,2.11560583,2.27892203
-4.83541771,5.53042877,0.11929843,0.29825771,0.04251732,3.52375247,2.07138218,2.21636014
-4.82941471,5.36256414,0.11584302,0.28517695,0.04039786,3.42033845,2.02378757,2.15052229
-4.82341171,5.18905899,0.11235183,0.27185479,0.03825529,3.31331293,1.97339334,2.08207527
-4.81740870,5.01191564,0.10888239,0.25847664,0.03611711,3.20384864,1.92079400,2.01170366
-4.81140570,4.83308297,0.10548724,0.24521483,0.03400923,3.09310368,1.86659952,1.94009749
-4.80540270,4.65442605,0.10221309,0.23222530,0.03195550,2.98220379,1.81142827,1.86794121
-4.79939970,4.47770138,0.09910009,0.21964513,0.02997719,2.87222747,1.75590049,1.79590407
-4.79339670,4.30453756,0.09618141,0.20759075,0.02809270,2.76419386,1.70063205,1.72463187
-4.78739370,4.13642069,0.09348301,0.19615697,0.02631735,2.65905299,1.64622816,1.65473989
-4.78139070,3.97468394,0.09102361,0.18541668,0.02466322,2.55767795,1.59327696,1.58680691
-4.77538769,3.82050054,0.08881482,0.17542123,0.02313918,2.46085875,1.54234265,1.52137004
-4.76938469,3.67487939,0.08686142,0.16620134,0.02175096,2.36929737,1.49395824,1.45892025
-4.76338169,3.53866287,0.08516173,0.15776857,0.02050130,2.28360363,1.44861787,1.39989845
-4.75737869,3.41252617,0.08370808,0.15011717,0.01939021,2.20429190,1.40676892,1.34469193
-4.75137569,3.29697788,0.08248736,0.14322617,0.01841522,2.13177826,1.36880402,1.29363134
-4.74537269,3.19236181,0.08148153,0.13706177,0.01757170,2.06637838,1.33505348,1.24698795
-4.73936968,3.09885984,0.08066828,0.13157976,0.01685322,2.00830597,1.30577822,1.20497149
-4.73336668,3.01649598,0.08002164,0.12672801,0.01625189,1.95767216,1.28116392,1.16772850
-4.72736368,2.94514190,0.07951258,0.12244886,0.01575870,1.91448592,1.26131645,1.13534148
-4.72136068,2.88452396,0.07910973,0.11868149,0.01536382,1.87865570,1.24625911,1.10782871
-4.71535768,2.83423210,0.07877998,0.11536393,0.01505696,1.84999262,1.23593192,1.08514520
-4.70935468,2.79373068,0.07848923,0.11243502,0.01482761,1.82821516,1.23019301,1.06718444
-4.70335168,2.76237129,0.07820302,0.10983602,0.01466531,1.81295565,1.22882237,1.05378137
-4.69734867,2.73940754,0.07788728,0.10751192,0.01455982,1.80376834,1.23152774,1.04471630
-4.69134567,2.72401169,0.07750901,0.10541253,0.01450137,1.80013921,1.23795263,1.03971995
-4.68534267,2.71529283,0.07703701,0.10349320,0.01448072,1.80149717,1.24768614,1.03847933
-4.67933967,2.71231634,0.07644251,0.10171537,0.01448935,1.80722647,1.26027434,1.04064452
-4.67333667,2.71412412,0.07569986,0.10004672,0.01451948,1.81668017,1.27523273,1.04583611
-4.66733367,2.71975511,0.07478711,0.09846124,0.01456419,1.82919412,1.29205950,1.05365320
-4.66133067,2.72826580,0.07368655,0.09693903,0.01461741,1.84410136,1.31024900,1.06368169
-4.65532766,2.73874999,0.07238514,0.09546596,0.01467395,1.86074641,1.32930512,1.07550287
-4.64932466,2.75035747,0.07087483,0.09403324,0.01472953,1.87849922,1.34875419,1.08870195
-4.64332166,2.76231131,0.06915282,0.09263691,0.01478071,1.89676852,1.36815693,1.10287662
-4.63731866,2.77392322,0.06722161,0.09127733,0.01482493,1.91501424,1.38711929,1.11764522
-4.63131566,2.78460691,0.06508894,0.08995860,0.01486042,1.93275885,1.40530185,1.13265469
-4.62531266,2.79388915,0.06276761,0.08868815,0.01488620,1.94959743,1.42242772,1.14758799
-4.61930965,2.80141853,0.06027513,0.08747628,0.01490198,1.96520631,1.43828871,1.16217099
-4.61330665,2.80697178,0.05763327,0.08633587,0.01490816,1.97935033,1.45274973,1.17617869
-4.60730365,2.81045773,0.05486744,0.08528212,0.01490570,1.99188838,1.46575160,1.18944074
-4.60130065,2.81191896,0.05200607,0.08433255,0.01489614,2.00277740,1.47731195,1.20184597
-4.59529765,2.81153121,0.04907982,0.08350689,0.01488142,2.01207471,1.48752461,1.21334615
-4.58929465,2.80960058,0.04612080,0.08282732,0.01486391,2.01993844,1.49655734,1.22395841
-4.58329165,2.80655864,0.04316179,0.08231866,0.01484629,2.02662626,1.50464802,1.23376660
-4.57728864,2.80295552,0.04023544,0.08200865,0.01483150,2.03249209,1.51209944,1.24292114
-4.57128564,2.79945087,0.03737354,0.08192840,0.01482265,2.03798078,1.51927268,1.25163740
-4.56528264,2.79680291,0.03460633,0.08211273,0.01482302,2.04362075,1.52657921,1.26019235
-4.55927964,2.79585532,0.03196190,0.08260063,0.01483598,2.05001428,1.53447178,1.26891946
-4.55327664,2.79752213,0.02946576,0.08343563,0.01486496,2.05782575,1.54343418,1.27820174
-4.54727364,2.80277057,0.02714044,0.08466607,0.01491344,2.06776750,1.55396994,1.28846293
-4.54127064,2.81260185,0.02500522,0.08634533,0.01498493,2.08058365,1.56659029,1.30015677
-4.53526763,2.82803014,0.02307605,0.08853182,0.01508295,2.09703185,1.58180122,1.31375468
-4.52926463,2.85005974,0.02136549,0.09128882,0.01521106,2.11786347,1.60009031,1.32973190
-4.52326163,2.87966100,0.01988281,0.09468408,0.01537286,2.14380235,1.62191314,1.34855246
-4.51725863,2.91774515,0.01863411,0.09878910,0.01557200,2.17552290,1.64768006,1.37065336
-4.51125563,2.96513885,0.01762261,0.10367821,0.01581219,2.21362794,1.67774330,1.39642851
-4.50525263,3.02255899,0.01684886,0.10942718,0.01609723,2.25862720,1.71238522,1.42621294
-4.49924962,3.09058853,0.01631106,0.11611173,0.01643098,2.31091712,1.75180783,1.46026787
-4.49324662,3.16965437,0.01600538,0.12380554,0.01681735,2.37076293,1.79612432,1.49876740
-4.48724362,3.26000809,0.01592621,0.13257816,0.01726029,2.43828375,1.84535280,1.54178730
-4.48124062,3.36171044,0.01606650,0.14249261,0.01776377,2.51344152,1.89941295,1.58929663
-4.47523762,3.47462054,0.01641794,0.15360290,0.01833167,2.59603452,1.95812557,1.64115262
-4.46923462,3.59839047,0.01697122,0.16595152,0.01896775,2.68569588,2.02121563,1.69709927
-4.46323162,3.73246590,0.01771614,0.17956692,0.01967554,2.78189763,2.08831864,1.75676990
-4.45722861,3.87609308,0.01864178,0.19446128,0.02045825,2.88396024,2.15899050,1.81969373
-4.45122561,4.02833229,0.01973657,0.21062850,0.02131866,2.99106761,2.23272059,1.88530646
-4.44522261,4.18807770,0.02098835,0.22804265,0.02225899,3.10228718,2.30894771,1.95296449
-4.43921961,4.35408307,0.02238442,0.24665696,0.02328081,3.21659441,2.38707849,2.02196233
-4.43321661,4.52499254,0.02391158,0.26640346,0.02438491,3.33290090,2.46650751,2.09155263
-4.42721361,4.69937564,0.02555615,0.28719331,0.02557124,3.45008494,2.54663850,2.16096789
-4.42121061,4.87576508,0.02730400,0.30891791,0.02683879,3.56702349,2.62690566,2.22944318
-4.41520760,5.05269608,0.02914068,0.33145074,0.02818555,3.68262410,2.70679439,2.29623865
-4.40920460,5.22874558,0.03105139,0.35464996,0.02960848,3.79585557,2.78586035,2.36066119
-4.40320160,5.40256993,0.03302122,0.37836166,0.03110354,3.90577610,2.86374619,2.42208400
-4.39719860,5.57293937,0.03503516,0.40242360,0.03266566,4.01155776,2.94019502,2.47996350
-4.39119560,5.73876801,0.03707839,0.42666936,0.03428882,4.11250628,3.01506015,2.53385272
-4.38519260,5.89913811,0.03913633,0.45093271,0.03596615,4.20807538,3.08831040,2.58341071
-4.37918959,6.05331756,0.04119493,0.47505195,0.03769003,4.29787528,3.16003082,2.62840758
-4.37318659,6.20077001,0.04324082,0.49887408,0.03945219,4.38167493,3.23041855,2.66872512
-4.36718359,6.34115721,0.04526148,0.52225848,0.04124388,4.45939820,3.29977394,2.70435300
-4.36118059,6.47433353,0.04724542,0.54508014,0.04305601,4.53111422,3.36848709,2.73538085
-4.35517759,6.60033309,0.04918229,0.56723202,0.04487933,4.59702246,3.43702040,2.76198671
-4.34917459,6.71934996,0.05106298,0.58862664,0.04670454,4.65743331,3.50588745,2.78442250
-4.34317159,6.83171257,0.05287967,0.60919677,0.04852247,4.71274521,3.57562926,2.80299717
-4.33716858,6.93785346,0.05462576,0.62889516,0.05032423,4.76341915,3.64678851,2.81805847
-4.33116558,7.03827572,0.05629589,0.64769353,0.05210133,4.80995198,3.71988290,2.82997408
-4.32516258,7.13351794,0.05788578,0.66558072,0.05384584,4.85284954,3.79537855,2.83911316
-4.31915958,7.22411900,0.05939207,0.68256032,0.05555048,4.89260075,3.87366454,2.84582894
-4.31315658,7.31058464,0.06081217,0.69864795,0.05720876,4.92965390,3.95502966,2.85044332
-4.30715358,7.39335730,0.06214402,0.71386827,0.05881509,4.96439600,4.03964231,2.85323397
-4.30115058,7.47279067,0.06338592,0.72825215,0.06036489,4.99713610,4.12753456,2.85442453
-4.29514757,7.54913032,0.06453628,0.74183406,0.06185473,5.02809321,4.21859118,2.85417826
-4.28914457,7.62250117,0.06559346,0.75464987,0.06328244,5.05738938,4.31254423,2.85259536
-4.28314157,7.69290274,0.06655563,0.76673528,0.06464721,5.08504809,4.40897365,2.84971394
-4.27713857,7.76021208,0.06742069,0.77812499,0.06594975,5.11099797,4.50731417,2.84551451
-4.27113557,7.82419455,0.06818618,0.78885242,0.06719234,5.13508170,4.60686839,2.83992766
-4.26513257,7.88452161,0.06884931,0.79895031,0.06837899,5.15706945,4.70682569,2.83284455
-4.25912956,7.94079472,0.06940707,0.80845176,0.06951543,5.17667630,4.80628647,2.82412936
-4.25312656,7.99257405,0.06985629,0.81739181,0.07060917,5.19358257,4.90429062,2.81363334
-4.24712356,8.03941018,0.07019389,0.82580925,0.07166946,5.20745603,4.99984919,2.80120934
-4.24112056,8.08087692,0.07041702,0.83374849,0.07270718,5.21797474,5.09197789,2.78672619
-4.23511756,8.11660323,0.07052338,0.84126120,0.07373464,5.22484918,5.17973071,2.77008209
-4.22911456,8.14630212,0.07051138,0.84840763,0.07476534,5.22784239,5.26223225,2.75121618
-4.22311156,8.16979463,0.07038044,0.85525727,0.07581358,5.22678693,5.33870692,2.73011762
-4.21710855,8.18702711,0.07013121,0.86188875,0.07689398,5.22159749,5.40850366,2.70683170
-4.21110555,8.19808056,0.06976570,0.86838893,0.07802096,5.21227829,5.47111472,2.68146253
-4.20510255,8.20317109,0.06928748,0.87485106,0.07920809,5.19892486,5.52618757,2.65417206
-4.19909955,8.20264117,0.06870174,0.88137209,0.08046738,5.18171968,5.57352909,2.62517557
-4.19309655,8.19694198,0.06801529,0.88804923,0.08180856,5.16092214,5.61310199,2.59473374
-4.18709355,8.18660776,0.06723653,0.89497595,0.08323835,5.13685299,5.64501342,2.56314178
-4.18109055,8.17222357,0.06637537,0.90223761,0.08475974,5.10987452,5.66949670,2.53071624
-4.17508754,8.15438837,0.06544302,0.90990703,0.08637136,5.08036729,5.68688693,2.49778019
-4.16908454,8.13367592,0.06445182,0.91804027,0.08806697,5.04870526,5.69759230,2.46464775
-4.16308154,8.11059588,0.06341498,0.92667296,0.08983505,5.01523054,5.70206253,2.43160888
-4.15707854,8.08555799,0.06234630,0.93581745,0.09165861,4.98022985,5.70075667,2.39891534
-4.15107554,8.05884165,0.06125989,0.94546104,0.09351524,4.94391403,5.69411203,2.36676865
-4.14507254,8.03057352,0.06016992,0.95556546,0.09537735,4.90640220,5.68251637,2.33531104
-4.13906953,8.00071464,0.05909031,0.96606788,0.09721266,4.86771193,5.66628494,2.30461968
-4.13306653,7.96905865,0.05803456,0.97688324,0.09898495,4.82775602,5.64564386,2.27470490
-4.12706353,7.93524150,0.05701549,0.98790817,0.10065502,4.78634667,5.62072095,2.24551233
-4.12106053,7.89876265,0.05604514,0.99902612,0.10218189,4.74320669,5.59154435,2.21692902
-4.11505753,7.85901674,0.05513466,1.01011362,0.10352412,4.69798763,5.55804917,2.18879318
-4.10905453,7.81533417,0.05429424,1.02104734,0.10464125,4.65029355,5.52009154,2.16090694
-4.10305153,7.76702841,0.05353314,1.03171155,0.10549530,4.59970943,5.47746919,2.13305146
-4.09704852,7.71344709,0.05285971,1.04200559,0.10605225,4.54583230,5.42994716,2.10500342
-4.09104552,7.65402408,0.05228148,1.05185089,0.10628347,4.48830343,5.37728688,2.07655197
-4.08504252,7.58832903,0.05180522,1.06119708,0.10616693,4.42683948,5.31927683,2.04751499
-4.07903952,7.51611143,0.05143706,1.07002672,0.10568825,4.36126078,5.25576269,2.01775380
-4.07303652,7.43733617,0.05118258,1.07835831,0.10484147,4.29151492,5.18667503,1.98718534
-4.06703352,7.35220806,0.05104687,1.08624732,0.10362951,4.21769407,5.11205287,1.95579101
-4.06103052,7.26118355,0.05103454,1.09378477,0.10206430,4.14004498,5.03206133,1.92362177
-4.05502751,7.16496840,0.05114974,1.10109363,0.10016653,4.05897070,4.94700259,1.89079888
-4.04902451,7.06450092,0.05139603,1.10832273,0.09796506,3.97502402,4.85731899,1.85751048
-4.04302151,6.96092124,0.05177631,1.11563855,0.09549605,3.88889251,4.76358836,1.82400396
-4.03701851,6.85552797,0.05229253,1.12321516,0.09280174,3.80137606,4.66651152,1.79057456
-4.03101551,6.74972413,0.05294554,1.13122262,0.08992899,3.71335790,4.56689262,1.75755091
-4.02501251,6.64495506,0.05373469,1.13981461,0.08692775,3.62577053,4.46561347,1.72527809
-4.01900950,6.54264154,0.05465755,1.14911572,0.08384926,3.53955829,4.36360291,1.69409940
-4.01300650,6.44411136,0.05570957,1.15920928,0.08074437,3.45563843,4.26180318,1.66433760
-4.00700350,6.35053320,0.05688370,1.17012622,0.07766181,3.37486269,4.16113463,1.63627680
-4.00100050,6.26285609,0.05817013,1.18183597,0.07464666,3.29798116,4.06246091,1.61014589
-3.99499750,6.18175783,0.05955606,1.19423971,0.07173893,3.22561031,3.96655612,1.58610452
-3.98899450,6.10760509,0.06102549,1.20716674,0.06897243,3.15820666,3.87407566,1.56423223
-3.98299150,6.04042752,0.06255924,1.22037427,0.06637388,3.09604737,3.78553225,1.54452149
-3.97698849,5.97990713,0.06413503,1.23355083,0.06396243,3.03921855,3.70127809,1.52687482
-3.97098549,5.92538394,0.06572765,1.24632334,0.06174935,2.98761183,3.62149407,1.51110638
-3.96498249,5.87587749,0.06730937,1.25826776,0.05973817,2.94092933,3.54618655,1.49694770
-3.95897949,5.83012356,0.06885045,1.26892273,0.05792505,2.89869659,3.47519172,1.48405744
-3.95297649,5.78662418,0.07031974,1.27780596,0.05629944,2.86028290,3.40818726,1.47203462
-3.94697349,5.74370876,0.07168548,1.28443229,0.05484499,2.82492796,3.34471087,1.46043466
-3.94097049,5.69960341,0.07291609,1.28833289,0.05354059,2.79177370,3.28418460,1.44878739
-3.93496748,5.65250527,0.07398112,1.28907455,0.05236157,2.75989966,3.22594390,1.43661630
-3.92896448,5.60065841,0.07485211,1.28627814,0.05128093,2.72836052,3.16927021,1.42345804
-3.92296148,5.54242786,0.07550350,1.27963535,0.05027064,2.69622410,3.11342535,1.40888121
-3.91695848,5.47636854,0.07591349,1.26892301,0.04930279,2.66260817,3.05768648,1.39250378
-3.91095548,5.40128620,0.07606479,1.25401409,0.04835075,2.62671482,3.00137996,1.37400836
-3.90495248,5.31628780,0.07594520,1.23488511,0.04739015,2.58786079,2.94391289,1.35315458
-3.89894947,5.22081955,0.07554812,1.21161950,0.04639965,2.54550297,2.88480080,1.32978841
-3.89294647,5.11469132,0.07487280,1.18440690,0.04536161,2.49925803,2.82369069,1.30384796
-3.88694347,4.99808680,0.07392452,1.15353840,0.04426254,2.44891577,2.76037846,1.27536569
-3.88094047,4.87155968,0.07271442,1.11939815,0.04309328,2.39444579,2.69482017,1.24446722
-3.87493747,4.73601636,0.07125932,1.08245177,0.04184910,2.33599770,2.62713682,1.21136683
-3.86893447,4.59268660,0.06958125,1.04323213,0.04052953,2.27389496,2.55761274,1.17636010
-3.86293147,4.44308386,0.06770687,1.00232326,0.03913812,2.20862290,2.48668771,1.13981410
-3.85692846,4.28895726,0.06566677,0.96034317,0.03768202,2.14081180,2.41494339,1.10215561
-3.85092546,4.13223748,0.06349471,0.91792624,0.03617146,2.07121561,2.34308473,1.06385803
-3.84492246,3.97497892,0.06122669,0.87570597,0.03461921,2.00068754,2.27191724,1.02542739
-3.83891946,3.81930041,0.05890016,0.83429873,0.03303993,1.93015324,2.20232106,0.98738814
-3.83291646,3.66732654,0.05655303,0.79428901,0.03144958,1.86058294,2.13522292,0.95026911
-3.82691346,3.52113162,0.05422290,0.75621651,0.02986478,1.79296317,2.07156715,0.91459007
-3.82091046,3.38268781,0.05194621,0.72056556,0.02830222,1.72826929,2.01228661,0.88084931
-3.81490745,3.25381879,0.04975752,0.68775673,0.02677816,1.66743945,1.95827475,0.84951241
-3.80890445,3.13615985,0.04768885,0.65814083,0.02530793,1.61135083,1.91035963,0.82100256
-3.80290145,3.03112524,0.04576916,0.63199517,0.02390552,1.56079869,1.86928067,0.79569236
-3.79689845,2.93988294,0.04402388,0.60952193,0.02258329,1.51647876,1.83566891,0.77389739
-3.79089545,2.86333713,0.04247455,0.59084838,0.02135166,1.47897321,1.81003120,0.75587141
-3.78489245,2.80211811,0.04113861,0.57602868,0.02021900,1.44874054,1.79273876,0.74180328
-3.77888944,2.75657955,0.04002922,0.56504714,0.01919150,1.42610938,1.78402031,0.73181554
-3.77288644,2.72680249,0.03915523,0.55782246,0.01827311,1.41127627,1.78395983,0.72596454
-3.76688344,2.71260575,0.03852118,0.55421296,0.01746561,1.40430726,1.79249888,0.72424214
-3.76088044,2.71356206,0.03812745,0.55402240,0.01676868,1.40514311,1.80944332,0.72657883
-3.75487744,2.72901936,0.03797036,0.55700647,0.01617999,1.41360784,1.83447402,0.73284820
-3.74887444,2.75812655,0.03804251,0.56287956,0.01569543,1.42942027,1.86716110,0.74287266
-3.74287144,2.79986312,0.03833299,0.57132199,0.01530926,1.45220810,1.90698138,0.75643022
-3.73686843,2.85307173,0.03882779,0.58198744,0.01501434,1.48152410,1.95333803,0.77326229
-3.73086543,2.91649319,0.03951017,0.59451066,0.01480238,1.51686375,2.00558218,0.79308223
-3.72486243,2.98880288,0.04036111,0.60851528,0.01466419,1.55768400,2.06303539,0.81558449
-3.71885943,3.06864777,0.04135977,0.62362180,0.01458991,1.60342231,2.12501244,0.84045408
-3.71285643,3.15468319,0.04248398,0.63945556,0.01456929,1.65351550,2.19084362,0.86737609
-3.70685343,3.24560842,0.04371076,0.65565459,0.01459191,1.70741782,2.25989572,0.89604510
-3.70085043,3.34019996,0.04501683,0.67187723,0.01464744,1.76461757,2.33159107,0.92617391
-3.69484742,3.43734186,0.04637908,0.68780938,0.01472583,1.82465175,2.40542395,0.95750161
-3.68884442,3.53605187,0.04777511,0.70317105,0.01481754,1.88711830,2.48097379,0.98980042
-3.68284142,3.63550276,0.04918366,0.71772216,0.01491370,1.95168543,2.55791466,1.02288118
-3.67683842,3.73503797,0.05058501,0.73126727,0.01500627,2.01809773,2.63602074,1.05659723
-3.67083542,3.83418109,0.05196135,0.74365908,0.01508817,2.08617894,2.71516756,1.09084645
-3.66483242,3.93263867,0.05329705,0.75480052,0.01515337,2.15583108,2.79532889,1.12557147
-3.65882941,4.03029629,0.05457894,0.76464522,0.01519696,2.22703027,2.87656946,1.16075787
-3.65282641,4.12720778,0.05579634,0.77319637,0.01521518,2.29981917,2.95903368,1.19643058
-3.64682341,4.22357811,0.05694122,0.78050389,0.01520543,2.37429649,3.04293093,1.23264856
-3.64082041,4.31974043,0.05800810,0.78665990,0.01516626,2.45060404,3.12851784,1.26949799
-3.63481741,4.41612807,0.05899394,0.79179272,0.01509726,2.52891176,3.21607836,1.30708429
-3.62881441,4.51324262,0.05989796,0.79605947,0.01499905,2.60940152,3.30590238,1.34552335
-3.62281141,4.61161938,0.06072137,0.79963764,0.01487309,2.69225026,3.39826381,1.38493239
-3.61680840,4.71179146,0.06146706,0.80271587,0.01472165,2.77761330,3.49339903,1.42542077
-3.61080540,4.81425413,0.06213923,0.80548436,0.01454756,2.86560846,3.59148657,1.46708135
-3.60480240,4.91943080,0.06274298,0.80812536,0.01435414,2.95630173,3.69262887,1.50998266
-3.59879940,5.02764207,0.06328393,0.81080401,0.01414501,3.04969498,3.79683705,1.55416220
-3.59279640,5.13907926,0.06376780,0.81366009,0.01392395,3.14571638,3.90401904,1.59962129
-3.58679340,5.25378333,0.06420007,0.81680102,0.01369471,3.24421366,4.01397187,1.64632144
-3.58079040,5.37163022,0.06458558,0.82029635,0.01346091,3.34495066,4.12637825,1.69418260
-3.57478739,5.49232313,0.06492828,0.82417408,0.01322591,3.44760713,4.24080765,1.74308300
-3.56878439,5.61539198,0.06523097,0.82841895,0.01299270,3.55178170,4.35672182,1.79286079
-3.56278139,5.74020006,0.06549516,0.83297274,0.01276382,3.65699794,4.47348457,1.84331708
-3.55677839,5.86595757,0.06572092,0.83773655,0.01254131,3.76271317,4.59037531,1.89422028
-3.55077539,5.99174129,0.06590691,0.84257500,0.01232668,3.86832954,4.70660596,1.94531150
-3.54477239,6.11651963,0.06605039,0.84732199,0.01212090,3.97320705,4.82134046,1.99631066
-3.53876938,6.23918189,0.06614736,0.85178785,0.01192442,4.07667799,4.93371622,2.04692296
-3.53276638,6.35857068,0.06619270,0.85576747,0.01173722,4.17806223,5.04286672,2.09684562
-3.52676338,6.47351602,0.06618044,0.85904894,0.01155887,4.27668293,5.14794455,2.14577447
-3.52076038,6.58286997,0.06610400,0.86142243,0.01138858,4.37188214,5.24814391,2.19341025
-3.51475738,6.68554046,0.06595648,0.86268875,0.01122531,4.46303597,5.34272224,2.23946446
-3.50875438,6.78052331,0.06573098,0.86266737,0.01106784,4.54956884,5.43101994,2.28366466
-3.50275138,6.86693119,0.06542096,0.86120341,0.01091490,4.63096660,5.51247801,2.32575920
-3.49674837,6.94401905,0.06502050,0.85817348,0.01076518,4.70678825,5.58665297,2.36552132
-3.49074537,7.01120515,0.06452462,0.85349014,0.01061751,4.77667607,5.65322886,2.40275265
-3.48474237,7.06808742,0.06392960,0.84710484,0.01047087,4.84036415,5.71202625,2.43728628
-3.47873937,7.11445502,0.06323318,0.83900942,0.01032447,4.89768512,5.76300794,2.46898935
-3.47273637,7.15029511,0.06243481,0.82923612,0.01017783,4.94857527,5.80628182,2.49776534
-3.46673337,7.17579499,0.06153581,0.81785638,0.01003079,4.99307790,5.84210062,2.52355602
-3.46073037,7.19134001,0.06053953,0.80497840,0.00988356,5.03134509,5.87085904,2.54634334
-3.45472736,7.19750769,0.05945141,0.79074388,0.00973675,5.06363789,5.89308848,2.56615098
-3.44872436,7.19505845,0.05827903,0.77532398,0.00959132,5.09032503,5.90944944,2.58304588
-3.44272136,7.18492342,0.05703215,0.75891488,0.00944866,5.11188006,5.92072210,2.59713941
-3.43671836,7.16818976,0.05572258,0.74173303,0.00931050,5.12887706,5.92779501,2.60858831
-3.43071536,7.14608375,0.05436416,0.72401034,0.00917891,5.14198476,5.93165228,2.61759517
-3.42471236,7.11995186,0.05297253,0.70598932,0.00905630,5.15195892,5.93335904,2.62440825
-3.41870935,7.09123981,0.05156498,0.68791850,0.00894532,5.15963298,5.93404542,2.62932051
-3.41270635,7.06146967,0.05016017,0.67004788,0.00884883,5.16590650,5.93488872,2.63266759
-3.40670335,7.03221478,0.04877781,0.65262467,0.00876986,5.17173152,5.93709381,2.63482446
-3.40070035,7.00507229,0.04743830,0.63588921,0.00871150,5.17809625,5.94187143,2.63620060
-3.39469735,6.98163326,0.04616234,0.62007102,0.00867686,5.18600625,5.95041443,2.63723351
-3.38869435,6.96345004,0.04497047,0.60538498,0.00866893,5.19646281,5.96387173,2.63838037
-3.38269135,6.95200120,0.04388255,0.59202763,0.00869057,5.21043859,5.98332010,2.64010783
-3.37668834,6.94865399,0.04291732,0.58017352,0.00874430,5.22885086,6.00973407,2.64288000
-3.37068534,6.95462500,0.04209181,0.56997170,0.00883231,5.25253249,6.04395424,2.64714471
-3.36468234,6.97093974,0.04142087,0.56154237,0.00895626,5.28220156,6.08665478,2.65331848
-3.35867934,6.99839220,0.04091665,0.55497371,0.00911724,5.31843027,6.13831094,2.66177042
-3.35267634,7.03750578,0.04058819,0.55031909,0.00931565,5.36161419,6.19916775,2.67280571
-3.34667334,7.08849714,0.04044097,0.54759479,0.00955113,5.41194330,6.26921122,2.68664927
-3.34067034,7.15124483,0.04047664,0.54677825,0.00982246,5.46937589,6.34814351,2.70343037
-3.33466733,7.22526448,0.04069275,0.54780716,0.01012754,5.53361708,6.43536360,2.72316884
-3.32866433,7.30969245,0.04108271,0.55057945,0.01046336,5.60410324,6.52995506,2.74576385
-3.32266133,7.40327961,0.04163570,0.55495426,0.01082595,5.67999374,6.63068229,2.77098582
-3.31665833,7.50439663,0.04233687,0.56075404,0.01121049,5.76017119,6.73599635,2.79847227
-3.31065533,7.61105191,0.04316753,0.56776777,0.01161132,5.84325110,6.84405149,2.82772817
-3.30465233,7.72092258,0.04410557,0.57575529,0.01202200,5.92760148,6.95273259,2.85813100
-3.29864932,7.83139858,0.04512589,0.58445266,0.01243550,6.01137250,7.05969382,2.88894098
-3.29264632,7.93963934,0.04620102,0.59357840,0.01284430,6.09253591,7.16240773,2.91931628
-3.28664332,8.04264150,0.04730173,0.60284048,0.01324057,6.16893347,7.25822408,2.94833293
-3.28064032,8.13731618,0.04839776,0.61194380,0.01361638,6.23833293,7.34443667,2.97500908
-3.27463732,8.22057313,0.04945857,0.62059782,0.01396386,6.29849013,7.41835626,2.99833281
-3.26863432,8.28940923,0.05045409,0.62852428,0.01427544,6.34721495,7.47738734,3.01729259
-3.26263132,8.34099796,0.05135545,0.63546442,0.01454408,6.38243896,7.51910593,3.03090943
-3.25662831,8.37277681,0.05213567,0.64118572,0.01476339,6.40228215,7.54133578,3.03826951
-3.25062531,8.38252923,0.05277035,0.64548768,0.01492789,6.40511638,7.54222004,3.03855600
-3.24462231,8.36845797,0.05323815,0.64820662,0.01503313,6.38962295,7.52028570,3.03107910
-3.23861931,8.32924717,0.05352135,0.64921913,0.01507580,6.35484217,7.47449831,3.01530290
-3.23261631,8.26411055,0.05360615,0.64844424,0.01505387,6.30021286,7.40430479,2.99086808
-3.22661331,8.17282417,0.05348296,0.64584424,0.01496659,6.22560036,7.30966271,2.95760977
-3.22061031,8.05574231,0.05314650,0.64142400,0.01481455,6.13131181,7.19105476,2.91556947
-3.21460730,7.91379609,0.05259589,0.63522914,0.01459962,6.01809816,7.04948783,2.86500096
-3.20860430,7.74847500,0.05183450,0.62734298,0.01432491,5.88714294,6.88647681,2.80636969
-3.20260130,7.56179203,0.05086982,0.61788252,0.01399465,5.74003805,6.70401350,2.74034575
-3.19659830,7.35623414,0.04971314,0.60699368,0.01361408,5.57874764,6.50452199,2.66779071
-3.19059530,7.13469963,0.04837927,0.59484607,0.01318929,5.40556143,6.29080186,2.58973867
-3.18459230,6.90042522,0.04688605,0.58162746,0.01272702,5.22303906,6.06596147,2.50737229
-3.17858929,6.65690518,0.04525395,0.56753827,0.01223453,5.03394766,5.83334357,2.42199455
-3.17258629,6.40780558,0.04350553,0.55278626,0.01171936,4.84119448,5.59644556,2.33499725
-3.16658329,6.15687629,0.04166499,0.53758167,0.01118916,4.64775713,5.35883732,2.24782716
-3.16058029,5.90786375,0.03975760,0.52213287,0.01065152,4.45661328,5.12407877,2.16195102
-3.15457729,5.66442672,0.03780923,0.50664271,0.01011381,4.27067212,4.89563983,2.07882019
-3.14857429,5.43005756,0.03584590,0.49130565,0.00958300,4.09270928,4.67682484,1.99983627
-3.14257129,5.20801061,0.03389327,0.47630551,0.00906560,3.92530690,4.47070318,1.92631831
-3.13656828,5.00123924,0.03197631,0.46181397,0.00856750,3.77080012,4.28004784,1.85947253
-3.13056528,4.81234255,0.03011891,0.44798968,0.00809393,3.63123109,4.10728290,1.80036522
-3.12456228,4.64352226,0.02834357,0.43497786,0.00764941,3.50831100,3.95444072,1.74989942
-3.11855928,4.49655001,0.02667118,0.42291013,0.00723771,3.40339080,3.82312933,1.70879565
-3.11255628,4.37274495,0.02512076,0.41190471,0.00686187,3.31744050,3.71451006,1.67757709
-3.10655328,4.27296122,0.02370934,0.40206658,0.00652416,3.25103708,3.62928519,1.65655929
-3.10055028,4.19758478,0.02245184,0.39348756,0.00622617,3.20436073,3.56769533,1.64584459
-3.09454727,4.14653895,0.02136093,0.38624630,0.00596881,3.17719910,3.52952594,1.64532099
-3.08854427,4.11929784,0.02044702,0.38040797,0.00575235,3.16895886,3.51412232,1.65466563
-3.08254127,4.11490707,0.01971819,0.37602379,0.00557647,3.17868431,3.52041242,1.67335249
-3.07653827,4.13201113,0.01918018,0.37313026,0.00544033,3.20508230,3.54693665,1.70066425
-3.07053527,4.16888659,0.01883635,0.37174821,0.00534259,3.24655294,3.59188413,1.73570791
-3.06453227,4.22348093,0.01868770,0.37188185,0.00528149,3.30122561,3.65313446,1.77743404
-3.05852926,4.29345617,0.01873286,0.37351768,0.00525487,3.36699952,3.72830453,1.82465908
-3.05252626,4.37623707,0.01896812,0.37662374,0.00526022,3.44158841,3.81479952,1.87609056
-3.04652326,4.46906322,0.01938743,0.38114896,0.00529475,3.52256860,3.90986735,1.93035457
-3.04052026,4.56904456,0.01998249,0.38702301,0.00535542,3.60742972,4.01065591,1.98602511
-3.03451726,4.67321964,0.02074280,0.39415661,0.00543898,3.69362733,4.11427215,2.04165468
-3.02851426,4.77861564,0.02165577,0.40244241,0.00554205,3.77863653,4.21784207,2.09580560
-3.02251126,4.88230954,0.02270690,0.41175645,0.00566113,3.86000557,4.31857058,2.14708119
-3.01650825,4.98148884,0.02387996,0.42196027,0.00579270,3.93540837,4.41380017,2.19415632
-3.01050525,5.07351103,0.02515725,0.43290360,0.00593323,4.00269476,4.50106697,2.23580641
-3.00450225,5.15596005,0.02651991,0.44442749,0.00607930,4.05993734,4.57815319,2.27093426
-2.99849925,5.22669852,0.02794828,0.45636785,0.00622761,4.10547356,4.64313444,2.29859388
-2.99249625,5.28391417,0.02942233,0.46855931,0.00637508,4.13794209,4.69442070,2.31801077
-2.98649325,5.32615909,0.03092211,0.48083914,0.00651887,4.15631214,4.73078984,2.32859795
-2.98049025,5.35238054,0.03242824,0.49305120,0.00665650,4.15990496,4.75141261,2.32996732
-2.97448724,5.36194223,0.03392242,0.50504963,0.00678583,4.14840676,4.75586820,2.32193605
-2.96848424,5.35463527,0.03538795,0.51670241,0.00690518,4.12187240,4.74414991,2.30452766
-2.96248124,5.33067826,0.03681019,0.52789434,0.00701329,4.08071977,4.71666048,2.27796791
-2.95647824,5.29070646,0.03817704,0.53852968,0.00710942,4.02571479,4.67419718,2.24267565
-2.95047524,5.23575008,0.03947932,0.54853418,0.00719332,3.95794745,4.61792691,2.19924875
-2.94447224,5.16720249,0.04071105,0.55785649,0.00726525,3.87879950,4.54935209,2.14844586
-2.93846923,5.08677909,0.04186968,0.56646909,0.00732597,3.78990474,4.47026805,2.09116442
-2.93246623,4.99646813,0.04295619,0.57436850,0.00737673,3.69310307,4.38271337,2.02841565
-2.92646323,4.89847497,0.04397503,0.58157500,0.00741921,3.59038967,4.28891440,1.96129742
-2.92046023,4.79516143,0.04493395,0.58813173,0.00745550,3.48386086,4.19122564,1.89096577
-2.91445723,4.68898193,0.04584370,0.59410328,0.00748804,3.37565821,4.09206757,1.81860593
-2.90845423,4.58241827,0.04671760,0.59957368,0.00751953,3.26791251,3.99386370,1.74540371
-2.90245123,4.47791491,0.04757097,0.60464395,0.00755290,3.16268930,3.89897841,1.67251802
-2.89644822,4.37781619,0.04842049,0.60942899,0.00759118,3.06193728,3.80965725,1.60105511
-2.89044522,4.28430732,0.04928344,0.61405411,0.00763742,2.96744111,3.72797098,1.53204533
-2.88444222,4.19936023,0.05017686,0.61865085,0.00769459,2.88077960,3.65576485,1.46642260
-2.87843922,4.12468559,0.05111680,0.62335251,0.00776550,2.80329039,3.59461396,1.40500714
-2.87243622,4.06169187,0.05211740,0.62828907,0.00785266,2.73604165,3.54578569,1.34849162
-2.86643322,4.01145213,0.05319011,0.63358189,0.00795818,2.67981141,3.51020981,1.29743072
-2.86043022,3.97467918,0.05434299,0.63933807,0.00808368,2.63507464,3.48845688,1.25223434
-2.85442721,3.95170934,0.05558003,0.64564484,0.00823021,2.60199818,3.48072505,1.21316411
-2.84842421,3.94249504,0.05690065,0.65256395,0.00839812,2.58044326,3.48683554,1.18033333
-2.84242121,3.94660640,0.05829933,0.66012661,0.00858702,2.56997538,3.50623682,1.15370990
-2.83641821,3.96324164,0.05976547,0.66832891,0.00879572,2.56988097,3.53801732,1.13312229
-2.83041521,3.99124627,0.06128335,0.67712829,0.00902219,2.57919030,3.58092656,1.11826806
-2.82441221,4.02914074,0.06283237,0.68644118,0.00926357,2.59670603,3.63340423,1.10872496
-2.81840920,4.07515621,0.06438744,0.69614208,0.00951618,2.62103658,3.69361704,1.10396412
-2.81240620,4.12727797,0.06591959,0.70606444,0.00977558,2.65063372,3.75950252,1.10336539
-2.80640320,4.18329578,0.06739676,0.71600327,0.01003668,2.68383341,3.82881925,1.10623422
-2.80040020,4.24086033,0.06878473,0.72571972,0.01029381,2.71889916,3.89920258,1.11182017
-2.79439720,4.29754477,0.07004822,0.73494758,0.01054091,2.75406703,3.96822485,1.11933655
-2.78839420,4.35090998,0.07115200,0.74340144,0.01077169,2.78759135,4.03345879,1.12798085
-2.78239120,4.39857216,0.07206215,0.75078644,0.01097981,2.81779021,4.09254277,1.13695570
-2.77638819,4.43827088,0.07274724,0.75680918,0.01115913,2.84308964,4.14324611,1.14548985
-2.77038519,4.46793585,0.07317955,0.76118925,0.01130386,2.86206565,4.18353291,1.15285864
-2.76438219,4.48575024,0.07333607,0.76367116,0.01140880,2.87348284,4.21162223,1.15840359
-2.75837919,4.49020847,0.07319953,0.76403577,0.01146957,2.87632871,4.22604286,1.16155031
-2.75237619,4.48016641,0.07275909,0.76211091,0.01148271,2.86984255,4.22568077,1.16182452
-2.74637319,4.45488205,0.07201095,0.75778057,0.01144587,2.85353802,4.20981725,1.15886521
-2.74037019,4.41404479,0.07095864,0.75099210,0.01135791,2.82721857,4.17815632,1.15243483
-2.73436718,4.35779207,0.06961308,0.74176113,0.01121893,2.79098506,4.13084007,1.14242578
-2.72836418,4.28671219,0.06799241,0.73017377,0.01103034,2.74523502,4.06845087,1.12886309
-2.72236118,4.20183295,0.06612150,0.71638609,0.01079477,2.69065349,3.99200016,1.11190291
-2.71635818,4.10459600,0.06403132,0.70062066,0.01051599,2.62819535,3.90290370,1.09182691
-2.71035518,3.99681759,0.06175801,0.68316046,0.01019886,2.55905952,3.80294386,1.06903255
-2.70435218,3.88063679,0.05934184,0.66434019,0.00984905,2.48465572,3.69422002,1.04401961
-2.69834917,3.75845296,0.05682601,0.64453557,0.00947294,2.40656463,3.57908861,1.01737327
-2.69234617,3.63285446,0.05425540,0.62415100,0.00907738,2.32649270,3.46009470,0.98974441
-2.68634317,3.50654127,0.05167526,0.60360616,0.00866942,2.24622295,3.33989755,0.96182775
-2.68034017,3.38224398,0.04912992,0.58332205,0.00825616,2.16756334,3.22119258,0.93433867
-2.67433717,3.26264234,0.04666161,0.56370728,0.00784445,2.09229436,3.10663245,0.90798932
-2.66833417,3.15028593,0.04430936,0.54514503,0.00744075,2.02211753,2.99874992,0.88346524
-2.66233117,3.04751982,0.04210801,0.52798116,0.00705092,1.95860646,2.89988507,0.86140289
-2.65632816,2.95641756,0.04008747,0.51251412,0.00668007,1.90316195,2.81211924,0.84236915
-2.65032516,2.87872371,0.03827208,0.49898678,0.00633246,1.85697264,2.73721769,0.82684338
-2.64432216,2.81580756,0.03668028,0.48758059,0.00601144,1.82098222,2.67658268,0.81520251
-2.63831916,2.76862916,0.03532437,0.47841209,0.00571940,1.79586429,2.63121814,0.80770972
-2.63231616,2.73771852,0.03421052,0.47153176,0.00545777,1.78200527,2.60170691,0.80450698
-2.62631316,2.72316819,0.03333898,0.46692531,0.00522708,1.77949603,2.58820066,0.80561145
-2.62031016,2.72463895,0.03270438,0.46451695,0.00502702,1.78813207,2.59042256,0.81091596
-2.61430715,2.74137804,0.03229627,0.46417463,0.00485651,1.80742217,2.60768227,0.82019325
-2.60830415,2.77224904,0.03209965,0.46571691,0.00471386,1.83660506,2.63890231,0.83310385
-2.60230115,2.81577206,0.03209572,0.46892106,0.00459690,1.87467357,2.68265491,0.84920712
-2.59629815,2.87017280,0.03226264,0.47353217,0.00450305,1.92040526,2.73720788,0.86797516
-2.59029515,2.93343897,0.03257631,0.47927286,0.00442956,1.97239873,2.80057816,0.88880909
-2.58429215,3.00338228,0.03301121,0.48585347,0.00437356,2.02911442,2.87059135,0.91105700
-2.57828914,3.07770427,0.03354128,0.49298215,0.00433228,2.08891885,2.94494566,0.93403331
-2.57228614,3.15406422,0.03414072,0.50037498,0.00430310,2.15013093,3.02127845,0.95703879
-2.56628314,3.23014740,0.03478483,0.50776555,0.00428370,2.21106927,3.09723381,0.97938069
-2.56028014,3.30373190,0.03545077,0.51491403,0.00427218,2.27009903,3.17052924,1.00039256
-2.55427714,3.37275234,0.03611831,0.52161549,0.00426711,2.32567721,3.23901989,1.01945321
-2.54827414,3.43535890,0.03677049,0.52770724,0.00426760,2.37639510,3.30075865,1.03600420
-2.54227114,3.48997001,0.03739419,0.53307509,0.00427341,2.42101667,3.35405049,1.04956558
-2.53626813,3.53531728,0.03798060,0.53765833,0.00428491,2.45851188,3.39749953,1.05974934
-2.53026513,3.57048140,0.03852561,0.54145327,0.00430315,2.48808392,3.43004747,1.06627019
-2.52426213,3.59491770,0.03903003,0.54451527,0.00432984,2.50918945,3.45100224,1.06895349
-2.51825913,3.60847059,0.03949967,0.54695894,0.00436735,2.52155124,3.46005573,1.06773979
-2.51225613,3.61137602,0.03994527,0.54895658,0.00441864,2.52516271,3.45728992,1.06268615
-2.50625313,3.60425168,0.04038224,0.55073468,0.00448726,2.52028410,3.44317112,1.05396381
-2.50025013,3.58807496,0.04083020,0.55256843,0.00457720,2.50743033,3.41853196,1.04185245
-2.49424712,3.56414900,0.04131242,0.55477434,0.00469283,2.48735079,3.38454183,1.02673100
-2.48824412,3.53405763,0.04185502,0.55770106,0.00483881,2.46100167,3.34266609,1.00906534
-2.48224112,3.49961057,0.04248603,0.56171850,0.00501989,2.42951166,3.29461566,0.98939307
-2.47623812,3.46278046,0.04323437,0.56720565,0.00524080,2.39414221,3.24228814,0.96830601
-2.47023512,3.42563379,0.04412868,0.57453735,0.00550607,2.35624360,3.18770269,0.94643081
-2.46423212,3.39025811,0.04519613,0.58407044,0.00581989,2.31720841,3.13293066,0.92440836
-2.45822911,3.35868814,0.04646127,0.59612988,0.00618586,2.27842400,3.08002461,0.90287275
-2.45222611,3.33283337,0.04794482,0.61099525,0.00660687,2.24122578,3.03094813,0.88243045
-2.44622311,3.31440992,0.04966266,0.62888820,0.00708491,2.20685291,2.98750901,0.86364056
-2.44022011,3.30487928,0.05162494,0.64996143,0.00762093,2.17640793,2.95129841,0.84699666
-2.43421711,3.30539615,0.05383532,0.67428967,0.00821465,2.15082198,2.92363799,0.83291121
-2.42821411,3.31676744,0.05629052,0.70186305,0.00886452,2.13082657,2.90553718,0.82170278
-2.42221111,3.33942386,0.05898011,0.73258324,0.00956760,2.11693294,2.89766194,0.81358675
-2.41620810,3.37340516,0.06188650,0.76626257,0.01031953,2.10941959,2.90031601,0.80866978
-2.41020510,3.41835938,0.06498527,0.80262616,0.01111454,2.10832826,2.91343534,0.80694807
-2.40420210,3.47355581,0.06824576,0.84131710,0.01194548,2.11346819,2.93659546,0.80830965
-2.39819910,3.53791112,0.07163184,0.88190439,0.01280391,2.12442829,2.96903124,0.81254028
-2.39219610,3.61002712,0.07510289,0.92389346,0.01368028,2.14059658,3.00966810,0.81933286
-2.38619310,3.68823850,0.07861497,0.96673859,0.01456402,2.16118570,3.05716300,0.82829975
-2.38019010,3.77066842,0.08212204,1.00985706,0.01544382,2.18526358,3.10995344,0.83898758
-2.37418709,3.85528950,0.08557720,1.05264409,0.01630786,2.21178767,3.16631234,0.85089375
-2.36818409,3.93998781,0.08893392,1.09448823,0.01714402,2.23964155,3.22440648,0.86348411
-2.36218109,4.02262727,0.09214724,1.13478649,0.01794022,2.26767236,3.28235629,0.87621098
-2.35617809,4.10111215,0.09517471,1.17295865,0.01868467,2.29472771,3.33829465,0.88853087
-2.35017509,4.17344544,0.09797733,1.20846028,0.01936616,2.31969085,3.39042268,0.89992129
-2.34417209,4.23778129,0.10052015,1.24079417,0.01997431,2.34151298,3.43706080,0.90989599
-2.33816908,4.29247012,0.10277275,1.26951968,0.02049981,2.35924168,3.47669325,0.91801829
-2.33216608,4.33609515,0.10470951,1.29426011,0.02093469,2.37204491,3.50800538,0.92391204
-2.32616308,4.36750009,0.10630965,1.31470782,0.02127241,2.37922991,3.52991245,0.92726993
-2.32016008,4.38580736,0.10755712,1.33062735,0.02150810,2.38025691,3.54158004,0.92785922
-2.31415708,4.39042749,0.10844045,1.34185649,0.02163858,2.37474737,3.54243560,0.92552462
-2.30815408,4.38105978,0.10895235,1.34830577,0.02166246,2.36248712,3.53217188,0.92018865
-2.30215108,4.35768542,0.10908938,1.34995645,0.02158015,2.34342444,3.51074242,0.91184952
-2.29614807,4.32055366,0.10885162,1.34685732,0.02139380,2.31766377,3.47835026,0.90057687
-2.29014507,4.27016238,0.10824224,1.33912075,0.02110724,2.28545523,3.43543055,0.88650569
-2.28414207,4.20723402,0.10726730,1.32691795,0.02072591,2.24718097,3.38262821,0.86982872
-2.27813907,4.13268801,0.10593545,1.31047398,0.02025665,2.20333856,3.32077180,0.85078771
-2.27213607,4.04761075,0.10425785,1.29006232,0.01970760,2.15452237,3.25084440,0.82966406
-2.26613307,3.95322398,0.10224803,1.26599939,0.01908797,2.10140339,3.17395282,0.80676887
-2.26013007,3.85085245,0.09992190,1.23863886,0.01840787,2.04470827,3.09129578,0.78243310
-2.25412706,3.74189150,0.09729780,1.20836581,0.01767809,1.98519796,3.00413208,0.75699782
-2.24812406,3.62777519,0.09439646,1.17559075,0.01690990,1.92364674,2.91374934,0.73080503
-2.24212106,3.50994548,0.09124108,1.14074341,0.01611481,1.86082197,2.82143404,0.70418913
-2.23611806,3.38982297,0.08785727,1.10426630,0.01530441,1.79746505,2.72844336,0.67746921
-2.23011506,3.26877945,0.08427293,1.06660804,0.01449018,1.73427414,2.63597928,0.65094243
-2.22411206,3.14811297,0.08051812,1.02821652,0.01368327,1.67188886,2.54516535,0.62487846
-2.21810905,3.02902553,0.07662474,0.98953192,0.01289438,1.61087747,2.45702655,0.59951507
-2.21210605,2.91260399,0.07262618,0.95097979,0.01213361,1.55172662,2.37247238,0.57505497
-2.20610305,2.79980457,0.06855685,0.91296438,0.01141033,1.49483411,2.29228364,0.55166388
-2.20010005,2.69144119,0.06445168,0.87586235,0.01073306,1.44050457,2.21710295,0.52946983
-2.19409705,2.58817813,0.06034551,0.84001720,0.01010943,1.38894838,2.14742914,0.50856354
-2.18809405,2.49052709,0.05627253,0.80573462,0.00954606,1.34028355,2.08361568,0.48900008
-2.18209105,2.39884880,0.05226572,0.77327893,0.00904855,1.29454057,2.02587301,0.47080133
-2.17608804,2.31335914,0.04835627,0.74287087,0.00862147,1.25167006,1.97427462,0.45395951
-2.17008504,2.23413960,0.04457320,0.71468685,0.00826829,1.21155267,1.92876677,0.43844136
-2.16408204,2.16115166,0.04094293,0.68885973,0.00799149,1.17401105,1.88918133,0.42419291
-2.15807904,2.09425452,0.03748911,0.66548099,0.00779249,1.13882327,1.85525151,0.41114463
-2.15207604,2.03322565,0.03423245,0.64460448,0.00767179,1.10573711,1.82662973,0.39921683
-2.14607304,1.97778316,0.03119081,0.62625128,0.00762898,1.07448477,1.80290722,0.38832498
-2.14007004,1.92760914,0.02837924,0.61041560,0.00766285,1.04479731,1.78363459,0.37838491
-2.13406703,1.88237316,0.02581034,0.59707143,0.00777150,1.01641831,1.76834272,0.36931753
-2.12806403,1.84175472,0.02349450,0.58617945,0.00795242,0.98911620,1.75656328,0.36105314
-2.12206103,1.80546393,0.02144035,0.57769406,0.00820263,0.96269494,1.74784827,0.35353488
-2.11605803,1.77325952,0.01965518,0.57156993,0.00851880,0.93700254,1.74178776,0.34672146
-2.11005503,1.74496334,0.01814538,0.56776786,0.00889736,0.91193736,1.73802548,0.34058905
-2.10405203,1.72047101,0.01691678,0.56625952,0.00933462,0.88745187,1.73627152,0.33513209
-2.09804902,1.69975796,0.01597506,0.56703090,0.00982687,0.86355409,1.73631183,0.33036324
-2.09204602,1.68288094,0.01532597,0.57008402,0.01037045,0.84030648,1.73801414,0.32631241
-2.08604302,1.66997468,0.01497544,0.57543702,0.01096181,0.81782270,1.74132997,0.32302484
-2.08004002,1.66124393,0.01492961,0.58312236,0.01159755,0.79626234,1.74629274,0.32055842
-2.07403702,1.65695120,0.01519470,0.59318321,0.01227440,0.77582388,1.75301186,0.31898031
-2.06803402,1.65740056,0.01577676,0.60566815,0.01298918,0.75673633,1.76166300,0.31836298
-2.06203102,1.66291821,0.01668121,0.62062439,0.01373873,0.73924976,1.77247473,0.31877985
-2.05602801,1.67383055,0.01791237,0.63808986,0.01451981,0.72362511,1.78571217,0.32030064
-2.05002501,1.69044064,0.01947278,0.65808437,0.01532898,0.71012371,1.80165793,0.32298668
-2.04402201,1.71300405,0.02136256,0.68060061,0.01616243,0.69899671,1.82059142,0.32688630
-2.03801901,1.74170514,0.02357860,0.70559515,0.01701587,0.69047495,1.84276706,0.33203052
-2.03201601,1.77663485,0.02611383,0.73298025,0.01788436,0.68475934,1.86839265,0.33842920
-2.02601301,1.81777119,0.02895655,0.76261683,0.01876217,0.68201221,1.89760865,0.34606787
-2.02001001,1.86496320,0.03208976,0.79430928,0.01964271,0.68234988,1.93046974,0.35490536
-2.01400700,1.91791968,0.03549068,0.82780244,0.02051847,0.68583655,1.96692929,0.36487243
-2.00800400,1.97620307,0.03913045,0.86278108,0.02138099,0.69247986,2.00682805,0.37587141
-2.00200100,2.03922937,0.04297398,0.89887236,0.02222092,0.70222816,2.04988756,0.38777701
-1.99599800,2.10627422,0.04698008,0.93565112,0.02302816,0.71496966,2.09570893,0.40043832
-1.98999500,2.17648522,0.05110183,0.97264811,0.02379200,0.73053351,2.14377733,0.41368190
-1.98399200,2.24890028,0.05528719,1.00936091,0.02450136,0.74869265,2.19347225,0.42731595
-1.97798899,2.32247141,0.05947993,1.04526718,0.02514508,0.76916868,2.24408308,0.44113539
-1.97198599,2.39609299,0.06362073,1.07983974,0.02571228,0.79163819,2.29482962,0.45492770
-1.96598299,2.46863350,0.06764852,1.11256277,0.02619262,0.81574066,2.34488659,0.46847917
-1.95997999,2.53896927,0.07150199,1.14294846,0.02657677,0.84108750,2.39341096,0.48158149
-1.95397699,2.60601879,0.07512117,1.17055327,0.02685667,0.86727188,2.43957089,0.49403819
-1.94797399,2.66877593,0.07844911,1.19499301,0.02702591,0.89387909,2.48257480,0.50567068
-1.94197099,2.72634052,0.08143348,1.21595592,0.02707996,0.92049682,2.52169913,0.51632372
-1.93596798,2.77794489,0.08402813,1.23321307,0.02701647,0.94672517,2.55631338,0.52586990
-1.92996498,2.82297488,0.08619441,1.24662558,0.02683533,0.97218582,2.58590112,0.53421291
-1.92396198,2.86098450,0.08790235,1.25614813,0.02653884,0.99653002,2.61007591,0.54128956
-1.91795898,2.89170338,0.08913146,1.26182856,0.02613163,1.01944519,2.62859126,0.54707031
-1.91195598,2.91503676,0.08987131,1.26380369,0.02562061,1.04065970,2.64134425,0.55155835
-1.90595298,2.93105804,0.09012167,1.26229133,0.02501482,1.05994589,2.64837255,0.55478724
-1.89994997,2.93999444,0.08989235,1.25757905,0.02432513,1.07712114,2.64984512,0.55681729
-1.89394697,2.94220646,0.08920268,1.25001013,0.02356406,1.09204707,2.64604718,0.55773078
-1.88794397,2.93816247,0.08808064,1.23996764,0.02274532,1.10462710,2.63736030,0.55762644
-1.88194097,2.92840981,0.08656180,1.22785715,0.02188353,1.11480258,2.62423882,0.55661329
-1.87593797,2.91354402,0.08468792,1.21408928,0.02099380,1.12254780,2.60718392,0.55480437
-1.86993497,2.89417797,0.08250552,1.19906279,0.02009137,1.12786433,2.58671693,0.55231057
-1.86393197,2.87091249,0.08006425,1.18314917,0.01919121,1.13077517,2.56335325,0.54923496
-1.85792896,2.84431036,0.07741542,1.16667947,0.01830771,1.13131895,2.53757850,0.54566799
-1.85192596,2.81487479,0.07461038,1.14993400,0.01745434,1.12954490,2.50982824,0.54168370
-1.84592296,2.78303369,0.07169927,1.13313549,0.01664343,1.12550866,2.48047226,0.53733725
-1.83991996,2.74913063,0.06872981,1.11644590,0.01588596,1.11926946,2.44980443,0.53266390
-1.83391696,2.71342260,0.06574634,1.09996704,0.01519138,1.11088864,2.41803855,0.52767943
-1.82791396,2.67608491,0.06278922,1.08374495,0.01456752,1.10042983,2.38531037,0.52238211
-1.82191096,2.63722260,0.05989441,1.06777759,0.01402058,1.08796056,2.35168557,0.51675597
-1.81590795,2.59688768,0.05709337,1.05202557,0.01355512,1.07355518,2.31717310,0.51077524
-1.80990495,2.55510106,0.05441319,1.03642512,0.01317410,1.05729898,2.28174309,0.50440981
-1.80390195,2.51187774,0.05187697,1.02090270,0.01287903,1.03929292,2.24534796,0.49763121
-1.79789895,2.46725374,0.04950434,1.00539034,0.01267007,1.01965875,2.20794563,0.49041900
-1.79189595,2.42131308,0.04731213,0.98984090,0.01254624,0.99854401,2.16952315,0.48276699
-1.78589295,2.37421312,0.04531504,0.97424244,0.01250559,0.97612633,2.13011934,0.47468915
-1.77988994,2.32620666,0.04352641,0.95863091,0.01254540,0.95261686,2.08984499,0.46622469
-1.77388694,2.27765941,0.04195887,0.94310041,0.01266246,0.92826211,2.04889929,0.45744215
-1.76788394,2.22906174,0.04062483,0.92781059,0.01285323,0.90334427,2.00758143,0.44844215
-1.76188094,2.18103366,0.03953698,0.91299058,0.01311408,0.87817943,1.96629657,0.43935871
-1.75587794,2.13432280,0.03870842,0.89893942,0.01344153,0.85311397,1.92555568,0.43035891
-1.74987494,2.08979501,0.03815273,0.88602267,0.01383235,0.82851890,1.88596907,0.42164097
-1.74387194,2.04841794,0.03788377,0.87466551,0.01428380,0.80478240,1.84823391,0.41343069
-1.73786893,2.01123822,0.03791528,0.86534239,0.01479366,0.78230089,1.81311608,0.40597644
-1.73186593,1.97935296,0.03826033,0.85856375,0.01536038,0.76146878,1.78142737,0.39954281
-1.72586293,1.95387688,0.03893060,0.85486028,0.01598305,0.74266756,1.75399882,0.39440314
-1.71985993,1.93590628,0.03993556,0.85476530,0.01666140,0.72625445,1.73165157,0.39083130
-1.71385693,1.92648145,0.04128161,0.85879607,0.01739572,0.71255132,1.71516650,0.38909290
-1.70785393,1.92654887,0.04297117,0.86743460,0.01818673,0.70183418,1.70525388,0.38943638
-1.70185093,1.93692485,0.04500185,0.88110886,0.01903543,0.69432372,1.70252447,0.39208415
-1.69584792,1.95826202,0.04736578,0.90017498,0.01994287,0.69017737,1.70746320,0.39722426
-1.68984492,1.99101990,0.05004892,0.92490120,0.02090993,0.68948308,1.72040653,0.40500283
-1.68384192,2.03544086,0.05303078,0.95545418,0.02193705,0.69225512,1.74152435,0.41551752
-1.67783892,2.09153216,0.05628420,0.99188806,0.02302394,0.69843207,1.77080709,0.42881224
-1.67183592,2.15905495,0.05977545,1.03413696,0.02416936,0.70787703,1.80805857,0.44487338
-1.66583292,2.23752060,0.06346459,1.08201087,0.02537082,0.72038001,1.85289469,0.46362759
-1.65982991,2.32619442,0.06730606,1.13519533,0.02662441,0.73566251,1.90474804,0.48494134
-1.65382691,2.42410683,0.07124954,1.19325487,0.02792461,0.75338392,1.96287822,0.50862214
-1.64782391,2.53007145,0.07524099,1.25564000,0.02926417,0.77314978,2.02638736,0.53442149
-1.64182091,2.64270962,0.07922394,1.32169762,0.03063409,0.79452135,2.09424040,0.56203944
-1.63581791,2.76048044,0.08314082,1.39068449,0.03202359,0.81702638,2.16528929,0.59113064
-1.62981491,2.88171537,0.08693446,1.46178314,0.03342028,0.84017061,2.23830027,0.62131172
-1.62381191,3.00465624,0.09054952,1.53411984,0.03481025,0.86344971,2.31198341,0.65216970
-1.61780890,3.12749535,0.09393395,1.60678383,0.03617839,0.88636129,2.38502324,0.68327119
-1.61180590,3.24841634,0.09704033,1.67884736,0.03750861,0.90841658,2.45610962,0.71417218
-1.60580290,3.36563455,0.09982707,1.74938559,0.03878426,0.92915153,2.52396779,0.74442797
-1.59979990,3.47743564,0.10225934,1.81749595,0.03998847,0.94813691,2.58738666,0.77360305
-1.59379690,3.58221109,0.10430988,1.88231618,0.04110459,0.96498726,2.64524454,0.80128053
-1.58779390,3.67848984,0.10595942,1.94304066,0.04211660,0.97936835,2.69653147,0.82707099
-1.58179090,3.76496500,0.10719692,1.99893453,0.04300952,0.99100302,2.74036777,0.85062029
-1.57578789,3.84051523,0.10801947,2.04934532,0.04376978,0.99967540,2.77601815,0.87161641
-1.56978489,3.90422032,0.10843192,2.09371194,0.04438561,1.00523316,2.80290140,0.88979488
-1.56378189,3.95537095,0.10844627,2.13157100,0.04484731,1.00758820,2.82059552,0.90494300
-1.55777889,3.99347278,0.10808088,2.16256053,0.04514749,1.00671553,2.82883851,0.91690252
-1.55177589,4.01824531,0.10735949,2.18642130,0.04528125,1.00265066,2.82752514,0.92557110
-1.54577289,4.02961607,0.10631007,2.20299610,0.04524632,0.99548565,2.81670036,0.93090233
-1.53976988,4.02771097,0.10496374,2.21222724,0.04504301,0.98536408,2.79654976,0.93290466
-1.53376688,4.01284152,0.10335354,2.21415272,0.04467427,0.97247512,2.76738799,0.93163924
-1.52776388,3.98549002,0.10151335,2.20890148,0.04414554,0.95704719,2.72964582,0.92721695
-1.52176088,3.94629340,0.09947687,2.19668805,0.04346461,0.93934123,2.68385647,0.91979466
-1.51575788,3.89602662,0.09727669,2.17780695,0.04264138,0.91964411,2.63064204,0.90957115
-1.50975488,3.83558631,0.09494368,2.15262708,0.04168767,0.89826222,2.57070045,0.89678254
-1.50375188,3.76597506,0.09250633,2.12158622,0.04061689,0.87551567,2.50479335,0.88169771
-1.49774887,3.68828698,0.08999051,2.08518580,0.03944374,0.85173299,2.43373530,0.86461364
-1.49174587,3.60369433,0.08741932,2.04398582,0.03818394,0.82724665,2.35838427,0.84585081
-1.48574287,3.51343563,0.08481306,1.99859992,0.03685383,0.80238942,2.27963344,0.82574884
-1.47973987,3.41880470,0.08218951,1.94969040,0.03547015,0.77749144,2.19840416,0.80466227
-1.47373687,3.32114069,0.07956420,1.89796305,0.03404970,0.75287799,2.11563970,0.78295651
-1.46773387,3.22181849,0.07695084,1.84416151,0.03260903,0.72886802,2.03229947,0.76100410
-1.46173087,3.12223919,0.07436177,1.78906107,0.03116426,0.70577299,1.94935341,0.73918103
-1.45572786,3.02382015,0.07180843,1.73346162,0.02973081,0.68389613,1.86777607,0.71786316
-1.44972486,2.92798426,0.06930186,1.67817977,0.02832321,0.66353178,1.78854007,0.69742270
-1.44372186,2.83614801,0.06685302,1.62403987,0.02695499,0.64496473,1.71260879,0.67822461
-1.43771886,2.74970816,0.06447316,1.57186419,0.02563850,0.62846935,1.64092799,0.66062293
-1.43171586,2.67002684,0.06217401,1.52246206,0.02438486,0.61430831,1.57441647,0.64495688
-1.42571286,2.59841506,0.05996785,1.47661826,0.02320386,0.60273098,1.51395572,0.63154679
-1.41970985,2.53611476,0.05786748,1.43508085,0.02210396,0.59397120,1.46037880,0.62068980
-1.41370685,2.48427965,0.05588608,1.39854867,0.02109226,0.58824457,1.41445873,0.61265525
-1.40770385,2.44395527,0.05403692,1.36765880,0.02017448,0.58574524,1.37689670,0.60768006
-1.40170085,2.41605871,0.05233303,1.34297434,0.01935499,0.58664224,1.34831053,0.60596385
-1.39569785,2.40135868,0.05078672,1.32497288,0.01863687,0.59107553,1.32922375,0.60766418
-1.38969485,2.40045649,0.04940917,1.31403604,0.01802186,0.59915187,1.32005570,0.61289197
-1.38369185,2.41376891,0.04820991,1.31044036,0.01751047,0.61094076,1.32111309,0.62170721
-1.37768884,2.44151335,0.04719633,1.31435000,0.01710200,0.62647059,1.33258324,0.63411536
-1.37168584,2.48369635,0.04637330,1.32581148,0.01679457,0.64572526,1.35452935,0.65006440
-1.36568284,2.54010591,0.04574277,1.34475072,0.01658518,0.66864149,1.38688787,0.66944302
-1.35967984,2.61030821,0.04530353,1.37097258,0.01646977,0.69510697,1.42946814,0.69207994
-1.35367684,2.69364924,0.04505104,1.40416305,0.01644328,0.72495955,1.48195433,0.71774463
-1.34767384,2.78926155,0.04497742,1.44389408,0.01649970,0.75798756,1.54390951,0.74614950
-1.34167084,2.89607618,0.04507150,1.48963104,0.01663221,0.79393131,1.61478185,0.77695377
-1.33566783,3.01283962,0.04531908,1.54074263,0.01683323,0.83248589,1.69391268,0.80976876
-1.32966483,3.13813563,0.04570321,1.59651308,0.01709452,0.87330508,1.78054628,0.84416479
-1.32366183,3.27041115,0.04620469,1.65615623,0.01740737,0.91600640,1.87384112,0.87967936
-1.31765883,3.40800579,0.04680251,1.71883125,0.01776264,0.96017705,1.97288236,0.91582648
-1.31165583,3.54918396,0.04747450,1.78365942,0.01815098,1.00538069,2.07669535,0.95210683
-1.30565283,3.69216878,0.04819787,1.84974164,0.01856293,1.05116476,2.18425986,0.98801840
-1.29964982,3.83517664,0.04894988,1.91617609,0.01898911,1.09706807,2.29452498,1.02306735
-1.29364682,3.97645154,0.04970842,1.98207562,0.01942030,1.14262868,2.40642437,1.05677862
-1.28764382,4.11429810,0.05045258,2.04658434,0.01984765,1.18739149,2.51889164,1.08870590
-1.28164082,4.24711248,0.05116313,2.10889308,0.02026275,1.23091569,2.63087582,1.11844083
-1.27563782,4.37341029,0.05182298,2.16825327,0.02065777,1.27278175,2.74135652,1.14562090
-1.26963482,4.49185101,0.05241748,2.22398905,0.02102556,1.31259770,2.84935876,1.16993602
-1.26363182,4.60125823,0.05293470,2.27550720,0.02135969,1.35000491,2.95396699,1.19113345
-1.25762881,4.70063553,0.05336552,2.32230495,0.02165454,1.38468292,3.05433819,1.20902121
-1.25162581,4.78917777,0.05370375,2.36397534,0.02190532,1.41635362,3.14971362,1.22346970
-1.24562281,4.86627772,0.05394602,2.40021033,0.02210810,1.44478441,3.23942905,1.23441185
-1.23961981,4.93152817,0.05409175,2.43080153,0.02225981,1.46979069,3.32292285,1.24184167
-1.23361681,4.98471963,0.05414288,2.45563868,0.02235821,1.49123737,3.39974195,1.24581160
-1.22761381,5.02583399,0.05410371,2.47470606,0.02240192,1.50903958,3.46954522,1.24642857
-1.22161081,5.05503441,0.05398056,2.48807690,0.02239036,1.52316255,3.53210405,1.24384918
-1.21560780,5.07265191,0.05378155,2.49590613,0.02232373,1.53362064,3.58730020,1.23827418
-1.20960480,5.07916903,0.05351617,2.49842157,0.02220295,1.54047567,3.63512079,1.22994224
-1.20360180,5.07520119,0.05319504,2.49591394,0.02202967,1.54383438,3.67565063,1.21912357
-1.19759880,5.06147615,0.05282954,2.48872592,0.02180616,1.54384527,3.70906229,1.20611309
-1.19159580,5.03881214,0.05243145,2.47724068,0.02153533,1.54069472,3.73560423,1.19122372
-1.18559280,5.00809537,0.05201273,2.46187007,0.02122063,1.53460260,3.75558758,1.17477962
-1.17958979,4.97025733,0.05158509,2.44304297,0.02086601,1.52581729,3.76937229,1.15710955
-1.17358679,4.92625259,0.05115983,2.42119412,0.02047587,1.51461040,3.77735321,1.13854056
-1.16758379,4.87703760,0.05074751,2.39675366,0.02005495,1.50127117,3.77994686,1.11939181
-1.16158079,4.82355106,0.05035774,2.37013793,0.01960830,1.48610068,3.77757959,1.09996889
-1.15557779,4.76669631,0.04999896,2.34174151,0.01914117,1.46940616,3.77067748,1.08055841
-1.14957479,4.70732607,0.04967828,2.31193096,0.01865890,1.45149523,3.75965861,1.06142309
-1.14357179,4.64622995,0.04940133,2.28104025,0.01816690,1.43267049,3.74492772,1.04279740
-1.13756878,4.58412472,0.04917214,2.24936807,0.01767045,1.41322437,3.72687343,1.02488368
-1.13156578,4.52164755,0.04899309,2.21717680,0.01717471,1.39343439,3.70586783,1.00784891
-1.12556278,4.45935206,0.04886484,2.18469323,0.01668456,1.37355888,3.68226801,0.99182219
-1.11955978,4.39770699,0.04878635,2.15211073,0.01620453,1.35383329,3.65641918,0.97689292
-1.11355678,4.33709722,0.04875492,2.11959258,0.01573874,1.33446700,3.62865865,0.96310982
-1.10755378,4.27782689,0.04876626,2.08727616,0.01529083,1.31564071,3.59931997,0.95048075
-1.10155078,4.22012392,0.04881460,2.05527774,0.01486389,1.29750450,3.56873674,0.93897348
-1.09554777,4.16414594,0.04889283,2.02369726,0.01446044,1.28017639,3.53724516,0.92851736
-1.08954477,4.10998676,0.04899266,1.99262308,0.01408241,1.26374162,3.50518508,0.91900588
-1.08354177,4.05768335,0.04910486,1.96213600,0.01373114,1.24825239,3.47289891,0.91030023
-1.07753877,4.00722280,0.04921943,1.93231269,0.01340735,1.23372834,3.44072837,0.90223365
-1.07153577,3.95854917,0.04932586,1.90322795,0.01311120,1.22015754,3.40900904,0.89461656
-1.06553277,3.91156990,0.04941337,1.87495604,0.01284232,1.20749811,3.37806283,0.88724242
-1.05952976,3.86616178,0.04947119,1.84757081,0.01259984,1.19568041,3.34818883,0.87989412
-1.05352676,3.82217656,0.04948881,1.82114485,0.01238247,1.18460981,3.31965317,0.87235068
-1.04752376,3.77944598,0.04945622,1.79574773,0.01218851,1.17417002,3.29267843,0.86439412
-1.04152076,3.73778663,0.04936418,1.77144360,0.01201599,1.16422683,3.26743351,0.85581634
-1.03551776,3.69700450,0.04920449,1.74828840,0.01186266,1.15463234,3.24402459,0.84642561
-1.02951476,3.65689949,0.04897013,1.72632687,0.01172613,1.14522951,3.22248816,0.83605258
-1.02351176,3.61726985,0.04865551,1.70558984,0.01160389,1.13585694,3.20278648,0.82455551
-1.01750875,3.57791681,0.04825662,1.68609189,0.01149341,1.12635375,3.18480622,0.81182464
-1.01150575,3.53864918,0.04777111,1.66782967,0.01139216,1.11656448,3.16836048,0.79778535
-1.00550275,3.49928808,0.04719841,1.65078109,0.01129772,1.10634374,3.15319434,0.78240011
-0.99949975,3.45967162,0.04653971,1.63490540,0.01120782,1.09556067,3.13899380,0.76566922
-0.99349675,3.41965946,0.04579798,1.62014424,0.01112035,1.08410283,3.12539779,0.74763020
-0.98749375,3.37913695,0.04497786,1.60642358,0.01103344,1.07187960,3.11201265,0.72835589
-0.98149075,3.33801876,0.04408552,1.59365636,0.01094549,1.05882482,3.09842842,0.70795150
-0.97548774,3.29625173,0.04312855,1.58174577,0.01085516,1.04489867,3.08423600,0.68655063
-0.96948474,3.25381671,0.04211569,1.57058876,0.01076139,1.03008867,3.06904429,0.66431054
-0.96348174,3.21072918,0.04105658,1.56007971,0.01066344,1.01440985,3.05249635,0.64140684
-0.95747874,3.16703858,0.03996156,1.55011378,0.01056082,0.99790392,3.03428367,0.61802791
-0.95147574,3.12282619,0.03884130,1.54058984,0.01045333,0.98063775,3.01415776,0.59436917
-0.94547274,3.07820164,0.03770656,1.53141284,0.01034097,0.96270092,2.99193841,0.57062768
-0.93946973,3.03329810,0.03656792,1.52249523,0.01022397,0.94420265,2.96751831,0.54699692
-0.93346673,2.98826631,0.03543548,1.51375761,0.01010269,0.92526827,2.94086367,0.52366232
-0.92746373,2.94326786,0.03431868,1.50512857,0.00997759,0.90603515,2.91201114,0.50079733
-0.92146073,2.89846793,0.03322610,1.49654366,0.00984922,0.88664858,2.88106116,0.47856034
-0.91545773,2.85402795,0.03216528,1.48794383,0.00971812,0.86725750,2.84816839,0.45709246
-0.90945473,2.81009868,0.03114269,1.47927349,0.00958478,0.84801047,2.81352989,0.43651607
-0.90345173,2.76681412,0.03016365,1.47047840,0.00944965,0.82905194,2.77737198,0.41693416
-0.89744872,2.72428658,0.02923235,1.46150372,0.00931306,0.81051900,2.73993655,0.39843047
-0.89144572,2.68260342,0.02835192,1.45229245,0.00917524,0.79253873,2.70146791,0.38107018
-0.88544272,2.64182557,0.02752451,1.44278448,0.00903629,0.77522630,2.66220088,0.36490114
-0.87943972,2.60198811,0.02675145,1.43291642,0.00889618,0.75868377,2.62235093,0.34995548
-0.87343672,2.56310272,0.02603341,1.42262236,0.00875480,0.74299965,2.58210692,0.33625151
-0.86743372,2.52516209,0.02537055,1.41183545,0.00861200,0.72824924,2.54162676,0.32379571
-0.86143072,2.48814586,0.02476272,1.40049042,0.00846756,0.71449550,2.50103613,0.31258480
-0.85542771,2.45202775,0.02420961,1.38852682,0.00832133,0.70179052,2.46043012,0.30260767
-0.84942471,2.41678344,0.02371091,1.37589267,0.00817323,0.69017732,2.41987762,0.29384723
-0.84342171,2.38239858,0.02326639,1.36254848,0.00802329,0.67969179,2.37942778,0.28628193
-0.83741871,2.34887637,0.02287604,1.34847115,0.00787175,0.67036474,2.33911803,0.27988712
-0.83141571,2.31624416,0.02254006,1.33365761,0.00771904,0.66222366,2.29898301,0.27463602
-0.82541271,2.28455853,0.02225887,1.31812780,0.00756587,0.65529418,2.25906347,0.27050034
-0.81940970,2.25390846,0.02203305,1.30192676,0.00741320,0.64960106,2.21941461,0.26745071
-0.81340670,2.22441622,0.02186324,1.28512573,0.00726226,0.64516856,2.18011308,0.26545661
-0.80740370,2.19623582,0.02175007,1.26782192,0.00711455,0.64202017,2.14126221,0.26448620
-0.80140070,2.16954903,0.02169391,1.25013718,0.00697177,0.64017766,2.10299488,0.26450580
-0.79539770,2.14455916,0.02169478,1.23221527,0.00683583,0.63965957,2.06547398,0.26547920
-0.78939470,2.12148274,0.02175215,1.21421806,0.00670875,0.64047905,2.02889032,0.26736686
-0.78339170,2.10053967,0.02186473,1.19632076,0.00659262,0.64264148,1.99345805,0.27012504
-0.77738869,2.08194235,0.02203037,1.17870637,0.00648951,0.64614169,1.95940794,0.27370491
-0.77138569,2.06588438,0.02224594,1.16155969,0.00640140,0.65096132,1.92697888,0.27805175
-0.76538269,2.05252950,0.02250721,1.14506114,0.00633012,0.65706631,1.89640811,0.28310435
-0.75937969,2.04200143,0.02280885,1.12938075,0.00627726,0.66440482,1.86792085,0.28879452
-0.75337669,2.03437535,0.02314446,1.11467265,0.00624412,0.67290582,1.84171987,0.29504698
-0.74737369,2.02967132,0.02350669,1.10107029,0.00623164,0.68247844,1.81797561,0.30177948
-0.74137069,2.02785045,0.02388734,1.08868269,0.00624042,0.69301228,1.79681765,0.30890340
-0.73536768,2.02881374,0.02427762,1.07759193,0.00627062,0.70437880,1.77832777,0.31632460
-0.72936468,2.03240409,0.02466838,1.06785192,0.00632203,0.71643364,1.76253519,0.32394471
-0.72336168,2.03841126,0.02505045,1.05948869,0.00639400,0.72902008,1.74941429,0.33166278
-0.71735868,2.04657963,0.02541498,1.05250189,0.00648555,0.74197327,1.73888487,0.33937719
-0.71135568,2.05661846,0.02575375,1.04686781,0.00659532,0.75512524,1.73081501,0.34698786
-0.70535268,2.06821411,0.02605958,1.04254327,0.00672167,0.76831038,1.72502632,0.35439856
-0.69934967,2.08104357,0.02632659,1.03947060,0.00686271,0.78137113,1.72130141,0.36151936
-0.69334667,2.09478869,0.02655058,1.03758308,0.00701635,0.79416356,1.71939295,0.36826896
-0.68734367,2.10915014,0.02672918,1.03681072,0.00718038,0.80656251,1.71903398,0.37457692
-0.68134067,2.12386057,0.02686208,1.03708591,0.00735248,0.81846605,1.71994879,0.38038567
-0.67533767,2.13869595,0.02695108,1.03834874,0.00753031,0.82979889,1.72186373,0.38565207
-0.66933467,2.15348474,0.02700012,1.04055142,0.00771157,0.84051444,1.72451736,0.39034865
-0.66333167,2.16811398,0.02701514,1.04366185,0.00789397,0.85059551,1.72766931,0.39446424
-0.65732866,2.18253224,0.02700393,1.04766580,0.00807536,0.86005336,1.73110740,0.39800416
-0.65132566,2.19674897,0.02697581,1.05256773,0.00825367,0.86892512,1.73465249,0.40098980
-0.64532266,2.21083035,0.02694132,1.05839015,0.00842697,0.87726966,1.73816100,0.40345766
-0.63931966,2.22489184,0.02691172,1.06517147,0.00859349,0.88516204,1.74152474,0.40545792
-0.63331666,2.23908770,0.02689859,1.07296262,0.00875162,0.89268670,1.74466834,0.40705255
-0.62731366,2.25359816,0.02691333,1.08182242,0.00889990,0.89992987,1.74754431,0.40831313
-0.62131066,2.26861493,0.02696660,1.09181220,0.00903705,0.90697133,1.75012616,0.40931838
-0.61530765,2.28432587,0.02706793,1.10298989,0.00916198,0.91387619,1.75240014,0.41015159
-0.60930465,2.30089969,0.02722523,1.11540403,0.00927376,0.92068697,1.75435604,0.41089814
-0.60330165,2.31847176,0.02744451,1.12908810,0.00937166,0.92741648,1.75597787,0.41164301
-0.59729865,2.33713172,0.02772956,1.14405555,0.00945518,0.93404198,1.75723498,0.41246869
-0.59129565,2.35691388,0.02808183,1.16029601,0.00952402,0.94050092,1.75807435,0.41345328
-0.58529265,2.37779093,0.02850042,1.17777283,0.00957814,0.94668869,1.75841465,0.41466915
-0.57928964,2.39967155,0.02898215,1.19642238,0.00961776,0.95245846,1.75814250,0.41618194
-0.57328664,2.42240215,0.02952184,1.21615510,0.00964339,0.95762346,1.75711132,0.41805010
-0.56728364,2.44577269,0.03011261,1.23685838,0.00965588,0.96196142,1.75514309,0.42032488
-0.56128064,2.46952648,0.03074636,1.25840116,0.00965637,0.96522136,1.75203278,0.42305072
-0.55527764,2.49337330,0.03141434,1.28064011,0.00964639,0.96713224,1.74755550,0.42626597
-0.54927464,2.51700535,0.03210771,1.30342691,0.00962781,0.96741328,1.74147598,0.43000393
-0.54327164,2.54011493,0.03281822,1.32661632,0.00960282,0.96578549,1.73355979,0.43429395
-0.53726863,2.56241294,0.03353885,1.35007454,0.00957400,0.96198375,1.72358579,0.43916255
-0.53126563,2.58364705,0.03426436,1.37368732,0.00954417,0.95576900,1.71135895,0.44463451
-0.52526263,2.60361844,0.03499190,1.39736721,0.00951644,0.94694000,1.69672295,0.45073361
-0.51925963,2.62219596,0.03572134,1.42105959,0.00949413,0.93534378,1.67957162,0.45748321
-0.51325663,2.63932689,0.03645563,1.44474683,0.00948064,0.92088459,1.65985856,0.46490625
-0.50725363,2.65504343,0.03720090,1.46845041,0.00947943,0.90353066,1.63760442,0.47302499
-0.50125063,2.66946439,0.03796640,1.49223059,0.00949390,0.88331846,1.61290114,0.48186010
-0.49524762,2.68279192,0.03876430,1.51618361,0.00952726,0.86035423,1.58591297,0.49142944
-0.48924462,2.69530310,0.03960921,1.54043637,0.00958245,0.83481270,1.55687413,0.50174635
-0.48324162,2.70733682,0.04051766,1.56513880,0.00966203,0.80693296,1.52608302,0.51281763
-0.47723862,2.71927652,0.04150729,1.59045419,0.00976805,0.77701179,1.49389335,0.52464126
-0.47123562,2.73152947,0.04259600,1.61654782,0.00990197,0.74539458,1.46070246,0.53720403
-0.46523262,2.74450363,0.04380100,1.64357457,0.01006457,0.71246451,1.42693748,0.55047912
-0.45922961,2.75858324,0.04513775,1.67166579,0.01025589,0.67863026,1.39303988,0.56442384
-0.45322661,2.77410420,0.04661900,1.70091640,0.01047515,0.64431295,1.35944924,0.57897762
-0.44722361,2.79133064,0.04825381,1.73137242,0.01072076,0.60993292,1.32658685,0.59406035
-0.44122061,2.81043352,0.05004670,1.76301995,0.01099028,0.57589686,1.29484002,0.60957124
-0.43521761,2.83147263,0.05199691,1.79577581,0.01128048,0.54258584,1.26454774,0.62538817
-0.42921461,2.85438266,0.05409794,1.82948048,0.01158733,0.51034486,1.23598828,0.64136773
-0.42321161,2.87896404,0.05633719,1.86389382,0.01190610,0.47947407,1.20936929,0.65734593
-0.41720860,2.90487932,0.05869595,1.89869369,0.01223148,0.45022217,1.18482073,0.67313958
-0.41120560,2.93165497,0.06114963,1.93347778,0.01255761,0.42278205,1.16239094,0.68854843
-0.40520260,2.95868904,0.06366820,1.96776881,0.01287830,0.39728872,1.14204591,0.70335802
-0.39919960,2.98526424,0.06621698,2.00102285,0.01318711,0.37381956,1.12367176,0.71734312
-0.39319660,3.01056629,0.06875760,2.03264093,0.01347752,0.35239663,1.10708022,0.73027195
-0.38719360,3.03370676,0.07124918,2.06198336,0.01374311,0.33299087,1.09201689,0.74191080
-0.38119060,3.05374986,0.07364969,2.08838664,0.01397770,0.31552791,1.07817184,0.75202926
-0.37518759,3.06974218,0.07591738,2.11118241,0.01417555,0.29989500,1.06519221,0.76040572
-0.36918459,3.08074439,0.07801229,2.12971775,0.01433144,0.28594888,1.05269619,0.76683313
-0.36318159,3.08586380,0.07989777,2.14337636,0.01444092,0.27352401,1.04028783,0.77112485
-0.35717859,3.08428667,0.08154188,2.15159986,0.01450036,0.26244093,1.02757221,0.77312040
-0.35117559,3.07530899,0.08291869,2.15390824,0.01450709,0.25251435,1.01417029,0.77269086
-0.34517259,3.05836458,0.08400938,2.14991898,0.01445949,0.24356063,0.99973295,0.76974389
-0.33916958,3.03304952,0.08480310,2.13936380,0.01435707,0.23540452,0.98395362,0.76422790
-0.33316658,2.99914168,0.08529759,2.12210240,0.01420047,0.22788482,0.96657926,0.75613542
-0.32716358,2.95661466,0.08549943,2.09813258,0.01399148,0.22085889,0.94741901,0.74550535
-0.32116058,2.90564538,0.08542403,2.06759606,0.01373302,0.21420603,0.92635050,0.73242392
-0.31515758,2.84661487,0.08509524,2.03077965,0.01342906,0.20782946,0.90332341,0.71702432
-0.30915458,2.78010210,0.08454470,1.98811166,0.01308457,0.20165728,0.87836036,0.69948484
-0.30315158,2.70687086,0.08381084,1.94015324,0.01270533,0.19564212,0.85155501,0.68002560
-0.29714857,2.62785012,0.08293766,1.88758516,0.01229785,0.18975988,0.82306763,0.65890379
-0.29114557,2.54410840,0.08197324,1.83119013,0.01186918,0.18400756,0.79311826,0.63640769
-0.28514257,2.45682317,0.08096814,1.77183138,0.01142670,0.17840041,0.76197789,0.61284953
-0.27913957,2.36724633,0.07997368,1.71042825,0.01097795,0.17296848,0.72995798,0.58855742
-0.27313657,2.27666700,0.07904008,1.64792969,0.01053044,0.16775295,0.69739883,0.56386675
-0.26713357,2.18637319,0.07821475,1.58528660,0.01009140,0.16280215,0.66465733,0.53911121
-0.26113057,2.09761366,0.07754056,1.52342424,0.00966766,0.15816771,0.63209453,0.51461394
-0.25512756,2.01156153,0.07705426,1.46321561,0.00926538,0.15390084,0.60006357,0.49067898
-0.24912456,1.92928111,0.07678512,1.40545701,0.00888998,0.15004887,0.56889857,0.46758350
-0.24312156,1.85169895,0.07675376,1.35084654,0.00854596,0.14665235,0.53890462,0.44557101
-0.23711856,1.77958059,0.07697132,1.29996664,0.00823679,0.14374255,0.51034955,0.42484586
-0.23111556,1.71351342,0.07743885,1.25327096,0.00796487,0.14133963,0.48345753,0.40556922
-0.22511256,1.65389657,0.07814713,1.21107640,0.00773146,0.13945147,0.45840476,0.38785667
-0.21910955,1.60093795,0.07907679,1.17356029,0.00753670,0.13807312,0.43531728,0.37177748
-0.21310655,1.55465848,0.08019872,1.14076293,0.00737967,0.13718696,0.41427101,0.35735560
-0.20710355,1.51490321,0.08147493,1.11259511,0.00725839,0.13676343,0.39529375,0.34457228
-0.20110055,1.48135875,0.08285966,1.08885049,0.00717000,0.13676240,0.37836903,0.33337014
-0.19509755,1.45357625,0.08430072,1.06922196,0.00711082,0.13713499,0.36344164,0.32365860
-0.18909455,1.43099872,0.08574120,1.05332142,0.00707657,0.13782582,0.35042428,0.31532028
-0.18309155,1.41299173,0.08712123,1.04070207,0.00706248,0.13877554,0.33920528,0.30821825
-0.17708854,1.39887594,0.08837995,1.03088216,0.00706349,0.13992353,0.32965672,0.30220365
-0.17108554,1.38796006,0.08945752,1.02336915,0.00707448,0.14121064,0.32164273,0.29712349
-0.16508254,1.37957298,0.09029706,1.01768339,0.00709035,0.14258187,0.31502756,0.29282824
-0.15907954,1.37309344,0.09084659,1.01338001,0.00710630,0.14398873,0.30968292,0.28917884
-0.15307654,1.36797613,0.09106077,1.01006832,0.00711790,0.14539134,0.30549448,0.28605295
-0.14707354,1.36377299,0.09090235,1.00742764,0.00712128,0.14676003,0.30236701,0.28335005
-0.14107054,1.36014878,0.09034344,1.00521905,0.00711319,0.14807632,0.30022809,0.28099534
-0.13506753,1.35689025,0.08936638,1.00329244,0.00709112,0.14933337,0.29903015,0.27894207
-0.12906453,1.35390860,0.08796423,1.00158853,0.00705330,0.15053568,0.29875089,0.27717243
-0.12306153,1.35123497,0.08614091,1.00013588,0.00699871,0.15169818,0.29939178,0.27569675
-0.11705853,1.34900944,0.08391094,0.99904299,0.00692709,0.15284458,0.30097514,0.27455133
-0.11105553,1.34746389,0.08129878,0.99848594,0.00683884,0.15400528,0.30353953,0.27379468
-0.10505253,1.34689986,0.07833783,0.99869217,0.00673496,0.15521467,0.30713405,0.27350267
-0.09904952,1.34766226,0.07506917,0.99992125,0.00661694,0.15650821,0.31181151,0.27376262
-0.09304652,1.35011061,0.07154007,1.00244363,0.00648662,0.15791924,0.31762114,0.27466670
-0.08704352,1.35458909,0.06780224,1.00651849,0.00634610,0.15947585,0.32460101,0.27630502
-0.08104052,1.36139710,0.06391013,1.01237186,0.00619758,0.16119786,0.33277058,0.27875862
-0.07503752,1.37076196,0.05991916,1.02017610,0.00604324,0.16309424,0.34212400,0.28209288
-0.06903452,1.38281518,0.05588397,1.03003204,0.00588512,0.16516099,0.35262423,0.28635161
-0.06303152,1.39757364,0.05185687,1.04195452,0.00572504,0.16737970,0.36419867,0.29155213
-0.05702851,1.41492689,0.04788650,1.05586237,0.00556455,0.16971693,0.37673630,0.29768170
-0.05102551,1.43463116,0.04401663,1.07157327,0.00540481,0.17212434,0.39008682,0.30469543
-0.04502251,1.45631073,0.04028537,1.08880394,0.00524665,0.17453978,0.40406163,0.31251594
-0.03901951,1.47946658,0.03672451,1.10717570,0.00509053,0.17688916,0.41843702,0.32103468
-0.03301651,1.50349204,0.03335932,1.12622520,0.00493658,0.17908907,0.43295923,0.33011506
-0.02701351,1.52769478,0.03020850,1.14541987,0.00478465,0.18105011,0.44735130,0.33959719
-0.02101051,1.55132415,0.02728441,1.16417737,0.00463440,0.18268056,0.46132149,0.34930412
-0.01500750,1.57360241,0.02459356,1.18188813,0.00448532,0.18389050,0.47457291,0.35904927
-0.00900450,1.59375863,0.02213726,1.19793997,0.00433689,0.18459590,0.48681385,0.36864473
-0.00300150,1.61106330,0.01991234,1.21174351,0.00418862,0.18472261,0.49776846,0.37791012
0.00300150,1.62486218,0.01791202,1.22275727,0.00404013,0.18421005,0.50718720,0.38668154
0.00900450,1.63460770,0.01612682,1.23051123,0.00389124,0.18301434,0.51485666,0.39482017
0.01500750,1.63988628,0.01454535,1.23462768,0.00374201,0.18111074,0.52060817,0.40222020
0.02101051,1.64044040,0.01315522,1.23483852,0.00359280,0.17849531,0.52432490,0.40881554
0.02701351,1.63618423,0.01194370,1.23099809,0.00344426,0.17518569,0.52594695,0.41458508
0.03301651,1.62721209,0.01089839,1.22309098,0.00329736,0.17122095,0.52547442,0.41955621
0.03901951,1.61379942,0.01000774,1.21123461,0.00315337,0.16666052,0.52296794,0.42380619
0.04502251,1.59639611,0.00926139,1.19567633,0.00301381,0.16158234,0.51854703,0.42746154
0.05102551,1.57561252,0.00865044,1.17678537,0.00288042,0.15608021,0.51238598,0.43069518
0.05702851,1.55219890,0.00816755,1.15503998,0.00275509,0.15026057,0.50470769,0.43372139
0.06303152,1.52701905,0.00780693,1.13101048,0.00263979,0.14423885,0.49577561,0.43678896
0.06903452,1.50101952,0.00756424,1.10533895,0.00253650,0.13813549,0.48588423,0.44017252
0.07503752,1.47519556,0.00743637,1.07871656,0.00244713,0.13207192,0.47534839,0.44416252
0.08104052,1.45055548,0.00742110,1.05185956,0.00237346,0.12616663,0.46449217,0.44905429
0.08704352,1.42808481,0.00751686,1.02548506,0.00231706,0.12053143,0.45363753,0.45513649
0.09304652,1.40871185,0.00772224,1.00028744,0.00227920,0.11526817,0.44309351,0.46267954
0.09904952,1.39327592,0.00803566,0.97691661,0.00226086,0.11046590,0.43314614,0.47192456
0.10505253,1.38249963,0.00845497,0.95595874,0.00226263,0.10619871,0.42404987,0.48307306
0.11105553,1.37696618,0.00897704,0.93792031,0.00228470,0.10252413,0.41602047,0.49627813
0.11705853,1.37710252,0.00959744,0.92321589,0.00232685,0.09948235,0.40922999,0.51163727
0.12306153,1.38316877,0.01031020,0.91215992,0.00238844,0.09709601,0.40380382,0.52918729
0.12906453,1.39525436,0.01110751,0.90496279,0.00246840,0.09537073,0.39981995,0.54890148
0.13506753,1.41328063,0.01197968,0.90173087,0.00256527,0.09429626,0.39731043,0.57068920
0.14107054,1.43700975,0.01291503,0.90247041,0.00267722,0.09384812,0.39626494,0.59439796
0.14707354,1.46605934,0.01389997,0.90709485,0.00280211,0.09398978,0.39663617,0.61981781
0.15307654,1.49992205,0.01491915,0.91543484,0.00293752,0.09467516,0.39834690,0.64668813
0.15907954,1.53798928,0.01595569,0.92725065,0.00308084,0.09585141,0.40129824,0.67470626
0.16508254,1.57957782,0.01699154,0.94224587,0.00322929,0.09746183,0.40537882,0.70353796
0.17108554,1.62395854,0.01800790,0.96008214,0.00338009,0.09944888,0.41047433,0.73282910
0.17708854,1.67038579,0.01898568,0.98039387,0.00353045,0.10175709,0.41647717,0.76221828
0.18309155,1.71812659,0.01990608,1.00280254,0.00367772,0.10433581,0.42329557,0.79134978
0.18909455,1.76648837,0.02075113,1.02693001,0.00381944,0.10714167,0.43086194,0.81988657
0.19509755,1.81484435,0.02150431,1.05241030,0.00395346,0.11014079,0.43913999,0.84752269
0.20110055,1.86265585,0.02215105,1.07889959,0.00407799,0.11331040,0.44813028,0.87399463
0.20710355,1.90949049,0.02267930,1.10608422,0.00419171,0.11664008,0.45787399,0.89909135
0.21310655,1.95503606,0.02307996,1.13368642,0.00429378,0.12013244,0.46845465,0.92266247
0.21910955,1.99910935,0.02334722,1.16146794,0.00438394,0.12380310,0.47999771,0.94462437
0.22511256,2.04165993,0.02347884,1.18923142,0.00446253,0.12768023,0.49266796,0.96496395
0.23111556,2.08276856,0.02347628,1.21681989,0.00453046,0.13180337,0.50666479,0.98373984
0.23711856,2.12264052,0.02334462,1.24411431,0.00458925,0.13622170,0.52221531,1.00108108
0.24312156,2.16159392,0.02309254,1.27102955,0.00464096,0.14099178,0.53956571,1.01718315
0.24912456,2.20004343,0.02273191,1.29750906,0.00468815,0.14617483,0.55897097,1.03230151
0.25512756,2.23847998,0.02227749,1.32351851,0.00473378,0.15183362,0.58068329,1.04674277
0.26113057,2.27744697,0.02174639,1.34903859,0.00478112,0.15802908,0.60493960,1.06085378
0.26713357,2.31751383,0.02115745,1.37405745,0.00483360,0.16481675,0.63194871,1.07500888
0.27313657,2.35924772,0.02053061,1.39856298,0.00489472,0.17224323,0.66187831,1.08959576
0.27913957,2.40318437,0.01988620,1.42253527,0.00496784,0.18034276,0.69484260,1.10500036
0.28514257,2.44979902,0.01924425,1.44593954,0.00505609,0.18913401,0.73089079,1.12159124
0.29114557,2.49947856,0.01862378,1.46871986,0.00516216,0.19861735,0.76999716,1.13970398
0.29714857,2.55249585,0.01804217,1.49079393,0.00528821,0.20877258,0.81205297,1.15962615
0.30315158,2.60898727,0.01751458,1.51204922,0.00543572,0.21955741,0.85686071,1.18158335
0.30915458,2.66893458,0.01705350,1.53234063,0.00560538,0.23090660,0.90413104,1.20572688
0.31515758,2.73215178,0.01666837,1.55148999,0.00579702,0.24273192,0.95348268,1.23212353
0.32116058,2.79827782,0.01636530,1.56928734,0.00600959,0.25492305,1.00444539,1.26074789
0.32716358,2.86677570,0.01614700,1.58549433,0.00624110,0.26734919,1.05646617,1.29147763
0.33316658,2.93693818,0.01601276,1.59984940,0.00648868,0.27986164,1.10891865,1.32409189
0.33916958,3.00790024,0.01595858,1.61207495,0.00674866,0.29229697,1.16111537,1.35827315
0.34517259,3.07865818,0.01597743,1.62188605,0.00701662,0.30448104,1.21232291,1.39361237
0.35117559,3.14809460,0.01605960,1.62900057,0.00728757,0.31623333,1.26177920,1.42961761
0.35717859,3.21500882,0.01619314,1.63315012,0.00755606,0.32737180,1.30871277,1.46572565
0.36318159,3.27815147,0.01636434,1.63409165,0.00781641,0.33771788,1.35236312,1.50131652
0.36918459,3.33626216,0.01655831,1.63161882,0.00806287,0.34710151,1.39200163,1.53573022
0.37518759,3.38810873,0.01675956,1.62557286,0.00828981,0.35536597,1.42695238,1.56828538
0.38119060,3.43252663,0.01695252,1.61585219,0.00849196,0.36237240,1.45661195,1.59829890
0.38719360,3.46845687,0.01712217,1.60242039,0.00866454,0.36800384,1.48046758,1.62510611
0.39319660,3.49498098,0.01725450,1.58531191,0.00880346,0.37216859,1.49811310,1.64808063
0.39919960,3.51135162,0.01733700,1.56463528,0.00890546,0.37480280,1.50926177,1.66665325
0.40520260,3.51701764,0.01735904,1.54057355,0.00896820,0.37587225,1.51375575,1.68032911
0.41120560,3.51164266,0.01731215,1.51338172,0.00899034,0.37537320,1.51157173,1.68870269
0.41720860,3.49511641,0.01719027,1.48338139,0.00897161,0.37333239,1.50282246,1.69147000
0.42321161,3.46755864,0.01698987,1.45095264,0.00891275,0.36980609,1.48775423,1.68843773
0.42921461,3.42931550,0.01670995,1.41652360,0.00881550,0.36487832,1.46674025,1.67952894
0.43521761,3.38094878,0.01635201,1.38055809,0.00868255,0.35865843,1.44027032,1.66478543
0.44122061,3.32321874,0.01591989,1.34354184,0.00851738,0.35127791,1.40893714,1.64436666
0.44722361,3.25706126,0.01541958,1.30596802,0.00832418,0.34288676,1.37341981,1.61854547
0.45322661,3.18356072,0.01485897,1.26832260,0.00810768,0.33364953,1.33446518,1.58770097
0.45922961,3.10391958,0.01424748,1.23107025,0.00787299,0.32374104,1.29286781,1.55230889
0.46523262,3.01942632,0.01359581,1.19464133,0.00762546,0.31334216,1.24944919,1.51292998
0.47123562,2.93142279,0.01291550,1.15942059,0.00737050,0.30263557,1.20503710,1.47019689
0.47723862,2.84127253,0.01221865,1.12573792,0.00711343,0.29180175,1.16044575,1.42480015
0.48324162,2.75033099,0.01151755,1.09386160,0.00685938,0.28101532,1.11645738,1.37747368
0.48924462,2.65991878,0.01082437,1.06399417,0.00661316,0.27044178,1.07380590,1.32898039
0.49524762,2.57129864,0.01015088,1.03627118,0.00637916,0.26023475,1.03316296,1.28009826
0.50125063,2.48565661,0.00950821,1.01076262,0.00616135,0.25053373,0.99512683,1.23160723
0.50725363,2.40408780,0.00890665,0.98747707,0.00596317,0.24146249,0.96021415,1.18427709
0.51325663,2.32758662,0.00835548,0.96636831,0.00578758,0.23312802,0.92885471,1.13885673
0.51925963,2.25704140,0.00786288,0.94734404,0.00563708,0.22561996,0.90138901,1.09606452
0.52526263,2.19323290,0.00743583,0.93027636,0.00551371,0.21901068,0.87806854,1.05658010
0.53126563,2.13683610,0.00708010,0.91501358,0.00541912,0.21335569,0.85905825,1.02103727
0.53726863,2.08842472,0.00680021,0.90139290,0.00535463,0.20869451,0.84444103,0.99001794
0.54327164,2.04847747,0.00659951,0.88925338,0.00532131,0.20505177,0.83422360,0.96404700
0.54927464,2.01738533,0.00648014,0.87844871,0.00531999,0.20243857,0.82834339,0.94358781
0.55527764,1.99545895,0.00644315,0.86885923,0.00535137,0.20085385,0.82667598,0.92903818
0.56128064,1.98293554,0.00648853,0.86040272,0.00541600,0.20028584,0.82904263,0.92072669
0.56728364,1.97998432,0.00661529,0.85304337,0.00551436,0.20071337,0.83521755,0.91890915
0.57328664,1.98671023,0.00682152,0.84679861,0.00564679,0.20210706,0.84493456,0.92376512
0.57928964,2.00315530,0.00710442,0.84174329,0.00581352,0.20443026,0.85789303,0.93539453
0.58529265,2.02929750,0.00746041,0.83801096,0.00601464,0.20763970,0.87376283,0.95381429
0.59129565,2.06504712,0.00788512,0.83579207,0.00624996,0.21168596,0.89218837,0.97895505
0.59729865,2.11024056,0.00837348,0.83532889,0.00651902,0.21651354,0.91279170,1.01065827
0.60330165,2.16463220,0.00891971,0.83690730,0.00682096,0.22206078,0.93517494,1.04867365
0.60930465,2.22788450,0.00951736,0.84084549,0.00715443,0.22825950,0.95892203,1.09265734
0.61530765,2.29955726,0.01015937,0.84747998,0.00751751,0.23503460,0.98360035,1.14217102
0.62131066,2.37909665,0.01083804,0.85714929,0.00790761,0.24230351,1.00876223,1.19668216
0.62731366,2.46582493,0.01154513,0.87017586,0.00832144,0.24997574,1.03394680,1.25556584
0.63331666,2.55893191,0.01227183,0.88684696,0.00875492,0.25795257,1.05868245,1.31810819
0.63931966,2.65746879,0.01300891,0.90739525,0.00920320,0.26612689,1.08249011,1.38351184
0.64532266,2.76034567,0.01374673,0.93197986,0.00966065,0.27438350,1.10488757,1.45090353
0.65132566,2.86633309,0.01447533,0.96066889,0.01012094,0.28259960,1.12539498,1.51934393
0.65732866,2.97406869,0.01518463,0.99342417,0.01057713,0.29064592,1.14354151,1.58783975
0.66333167,3.08206915,0.01586450,1.03008906,0.01102175,0.29838813,1.15887314,1.65535813
0.66933467,3.18874779,0.01650496,1.07038009,0.01144701,0.30568883,1.17096146,1.72084318
0.67533767,3.29243783,0.01709637,1.11388300,0.01184499,0.31240994,1.17941316,1.78323426
0.68134067,3.39142102,0.01762967,1.16005368,0.01220779,0.31841545,1.18387992,1.84148595
0.68734367,3.48396102,0.01809654,1.20822425,0.01252781,0.32357448,1.18406823,1.89458896
0.69334667,3.56834089,0.01848971,1.25761431,0.01279796,0.32776454,1.17974888,1.94159165
0.69934967,3.64290329,0.01880313,1.30734734,0.01301188,0.33087482,1.17076534,1.98162150
0.70535268,3.70609239,0.01903221,1.35647161,0.01316414,0.33280947,1.15704090,2.01390575
0.71135568,3.75649586,0.01917400,1.40398519,0.01325042,0.33349060,1.13858393,2.03779077
0.71735868,3.79288534,0.01922739,1.44886408,0.01326767,0.33286097,1.11549092,2.05275908
0.72336168,3.81425391,0.01919314,1.49009257,0.01321424,0.33088618,1.08794713,2.05844383
0.72936468,3.81984877,0.01907406,1.52669455,0.01308990,0.32755631,1.05622452,2.05463964
0.73536768,3.80919787,0.01887488,1.55776452,0.01289587,0.32288678,1.02067707,2.04130966
0.74137069,3.78212906,0.01860232,1.58249720,0.01263483,0.31691859,0.98173342,2.01858828
0.74737369,3.73878082,0.01826486,1.60021423,0.01231078,0.30971770,0.93988712,1.98677931
0.75337669,3.67960389,0.01787262,1.61038694,0.01192897,0.30137365,0.89568478,1.94634945
0.75937969,3.60535332,0.01743704,1.61265418,0.01149568,0.29199746,0.84971248,1.89791734
0.76538269,3.51707124,0.01697063,1.60683433,0.01101811,0.28171887,0.80258107,1.84223825
0.77138569,3.41606059,0.01648658,1.59293102,0.01050409,0.27068302,0.75491082,1.78018503
0.77738869,3.30385081,0.01599839,1.57113215,0.00996188,0.25904665,0.70731599,1.71272589
0.78339170,3.18215661,0.01551947,1.54180251,0.00939994,0.24697401,0.66038994,1.64089966
0.78939470,3.05283147,0.01506270,1.50547002,0.00882671,0.23463270,0.61469144,1.56578955
0.79539770,2.91781747,0.01464010,1.46280657,0.00825035,0.22218938,0.57073240,1.48849623
0.80140070,2.77909356,0.01426240,1.41460406,0.00767860,0.20980581,0.52896777,1.41011125
0.80740370,2.63862417,0.01393879,1.36174701,0.00711858,0.19763509,0.48978767,1.33169162
0.81340670,2.49831021,0.01367662,1.30518278,0.00657667,0.18581841,0.45351215,1.25423668
0.81940970,2.35994424,0.01348125,1.24589098,0.00605837,0.17448237,0.42038859,1.17866779
0.82541271,2.22517161,0.01335592,1.18485318,0.00556828,0.16373695,0.39059172,1.10581166
0.83141571,2.09545873,0.01330176,1.12302445,0.00511004,0.15367414,0.36422625,1.03638782
0.83741871,1.97206966,0.01331783,1.06130767,0.00468636,0.14436739,0.34133180,0.97100045
0.84342171,1.85605158,0.01340130,1.00053167,0.00429901,0.13587172,0.32188987,0.91013472
0.84942471,1.74822918,0.01354769,0.94143400,0.00394892,0.12822453,0.30583245,0.85415766
0.85542771,1.64920788,0.01375111,0.88464855,0.00363627,0.12144709,0.29305191,0.80332306
0.86143072,1.55938513,0.01400469,0.83069843,0.00336056,0.11554646,0.28341170,0.75778014
0.86743372,1.47896866,0.01430093,0.77999375,0.00312073,0.11051794,0.27675737,0.71758524
0.87343672,1.40800056,0.01463211,0.73283419,0.00291532,0.10634770,0.27292746,0.68271586
0.87943972,1.34638535,0.01499070,0.68941549,0.00274253,0.10301563,0.27176386,0.65308618
0.88544272,1.29392054,0.01536977,0.64983936,0.00260039,0.10049821,0.27312122,0.62856327
0.89144572,1.25032780,0.01576335,0.61412565,0.00248683,0.09877118,0.27687506,0.60898304
0.89744872,1.21528317,0.01616669,0.58222615,0.00239979,0.09781206,0.28292834,0.59416533
0.90345173,1.18844471,0.01657655,0.55403885,0.00233730,0.09760224,0.29121626,0.58392713
0.90945473,1.16947629,0.01699131,0.52942198,0.00229756,0.09812863,0.30170909,0.57809373
0.91545773,1.15806654,0.01741106,0.50820691,0.00227897,0.09938484,0.31441315,0.57650706
0.92146073,1.15394226,0.01783759,0.49020959,0.00228015,0.10137177,0.32936974,0.57903113
0.92746373,1.15687602,0.01827428,0.47523977,0.00229997,0.10409763,0.34665227,0.58555446
0.93346673,1.16668788,0.01872591,0.46310817,0.00233756,0.10757742,0.36636165,0.59598960
0.93946973,1.18324171,0.01919841,0.45363114,0.00239225,0.11183190,0.38862015,0.61026986
0.94547274,1.20643668,0.01969858,0.44663338,0.00246358,0.11688605,0.41356394,0.62834382
0.95147574,1.23619487,0.02023371,0.44194858,0.00255125,0.12276721,0.44133465,0.65016796
0.95747874,1.27244594,0.02081124,0.43941869,0.00265507,0.12950284,0.47207006,0.67569798
0.96348174,1.31511010,0.02143836,0.43889209,0.00277491,0.13711811,0.50589440,0.70487937
0.96948474,1.36408053,0.02212169,0.44022119,0.00291064,0.14563337,0.54290835,0.73763788
0.97548774,1.41920627,0.02286687,0.44326000,0.00306213,0.15506157,0.58317914,0.77387041
0.98149075,1.48027674,0.02367833,0.44786192,0.00322912,0.16540583,0.62673101,0.81343676
0.98749375,1.54700860,0.02455903,0.45387835,0.00341125,0.17665709,0.67353626,0.85615276
0.99349675,1.61903581,0.02551025,0.46115806,0.00360798,0.18879215,0.72350720,0.90178512
0.99949975,1.69590325,0.02653150,0.46954778,0.00381858,0.20177190,0.77648927,0.95004816
1.00550275,1.77706431,0.02762046,0.47889372,0.00404208,0.21554011,0.83225569,1.00060274
1.01150575,1.86188258,0.02877296,0.48904418,0.00427731,0.23002261,0.89050373,1.05305727
1.01750875,1.94963750,0.02998317,0.49985282,0.00452282,0.24512708,0.95085321,1.10697109
1.02351176,2.03953389,0.03124362,0.51118256,0.00477696,0.26074334,1.01284714,1.16185979
1.02951476,2.13071493,0.03254552,0.52290958,0.00503785,0.27674435,1.07595507,1.21720267
1.03551776,2.22227831,0.03387898,0.53492720,0.00530339,0.29298779,1.13957913,1.27245194
1.04152076,2.31329477,0.03523330,0.54714919,0.00557134,0.30931821,1.20306300,1.32704349
1.04752376,2.40282867,0.03659738,0.55951228,0.00583934,0.32556992,1.26570370,1.38040895
1.05352676,2.48995976,0.03796000,0.57197747,0.00610494,0.34157026,1.32676629,1.43198867
1.05952976,2.57380545,0.03931031,0.58453007,0.00636568,0.35714348,1.38550099,1.48124524
1.06553277,2.65354280,0.04063812,0.59717825,0.00661913,0.37211483,1.44116241,1.52767713
1.07153577,2.72842942,0.04193431,0.60995002,0.00686299,0.38631502,1.49303034,1.57083192
1.07753877,2.79782240,0.04319115,0.62288890,0.00709508,0.39958464,1.54043127,1.61031877
1.08354177,2.86119458,0.04440258,0.63604814,0.00731348,0.41177847,1.58275973,1.64581939
1.08954477,2.91814719,0.04556443,0.64948400,0.00751652,0.42276960,1.61949870,1.67709724
1.09554777,2.96841844,0.04667452,0.66324829,0.00770284,0.43245294,1.65023772,1.70400425
1.10155078,3.01188722,0.04773273,0.67738047,0.00787145,0.44074814,1.67468810,1.72648487
1.10755378,3.04857176,0.04874086,0.69189988,0.00802171,0.44760171,1.69269398,1.74457695
1.11355678,3.07862306,0.04970252,0.70679843,0.00815336,0.45298814,1.70423872,1.75840929
1.11955978,3.10231303,0.05062274,0.72203422,0.00826650,0.45691013,1.70944595,1.76819586
1.12556278,3.12001789,0.05150765,0.73752649,0.00836156,0.45939763,1.70857503,1.77422672
1.13156578,3.13219742,0.05236389,0.75315224,0.00843926,0.46050598,1.70201102,1.77685593
1.13756878,3.13937083,0.05319810,0.76874490,0.00850058,0.46031306,1.69024936,1.77648693
1.14357179,3.14209065,0.05401630,0.78409513,0.00854666,0.45891564,1.67387605,1.77355597
1.14957479,3.14091567,0.05482325,0.79895393,0.00857875,0.45642512,1.65354418,1.76851434
1.15557779,3.13638457,0.05562186,0.81303800,0.00859818,0.45296287,1.62994803,1.76181025
1.16158079,3.12899147,0.05641269,0.82603732,0.00860622,0.44865544,1.60379614,1.75387130
1.16758379,3.11916498,0.05719349,0.83762451,0.00860410,0.44362974,1.57578458,1.74508826
1.17358679,3.10725172,0.05795894,0.84746587,0.00859291,0.43800877,1.54657208,1.73580117
1.17958979,3.09350546,0.05870050,0.85523337,0.00857360,0.43190774,1.51675819,1.72628845
1.18559280,3.07808237,0.05940649,0.86061729,0.00854696,0.42543106,1.48686568,1.71675946
1.19159580,3.06104283,0.06006234,0.86333878,0.00851360,0.41867019,1.45732793,1.70735098
1.19759880,3.04235946,0.06065101,0.86316191,0.00847399,0.41170253,1.42848212,1.69812775
1.20360180,3.02193108,0.06115363,0.85990441,0.00842848,0.40459131,1.40056817,1.68908691
1.20960480,2.99960171,0.06155024,0.85344680,0.00837737,0.39738651,1.37373343,1.68016614
1.21560780,2.97518337,0.06182074,0.84373932,0.00832092,0.39012662,1.34804263,1.67125482
1.22161081,2.94848138,0.06194577,0.83080636,0.00825945,0.38284122,1.32349227,1.66220773
1.22761381,2.91932065,0.06190776,0.81474816,0.00819338,0.37555411,1.30002834,1.65286026
1.23361681,2.88757135,0.06169187,0.79573972,0.00812326,0.36828675,1.27756624,1.64304445
1.23961981,2.85317257,0.06128687,0.77402690,0.00804989,0.36106184,1.25601151,1.63260477
1.24562281,2.81615248,0.06068593,0.74992008,0.00797425,0.35390679,1.23528008,1.62141292
1.25162581,2.77664396,0.05988718,0.72378545,0.00789762,0.34685677,1.21531667,1.60938085
1.25762881,2.73489494,0.05889414,0.69603462,0.00782152,0.33995730,1.19611037,1.59647125
1.26363182,2.69127274,0.05771590,0.66711284,0.00774774,0.33326602,1.17770628,1.58270525
1.26963482,2.64626249,0.05636706,0.63748650,0.00767828,0.32685366,1.16021282,1.56816676
1.27563782,2.60045954,0.05486746,0.60763042,0.00761532,0.32080412,1.14380400,1.55300361
1.28164082,2.55455661,0.05324171,0.57801545,0.00756120,0.31521351,1.12871689,1.53742538
1.28764382,2.50932612,0.05151848,0.54909700,0.00751831,0.31018839,1.11524426,1.52169814
1.29364682,2.46559878,0.04972971,0.52130469,0.00748907,0.30584304,1.10372299,1.50613670
1.29964982,2.42423945,0.04790961,0.49503365,0.00747581,0.30229610,1.09451883,1.49109446
1.30565283,2.38612131,0.04609368,0.47063755,0.00748077,0.29966654,1.08800851,1.47695177
1.31165583,2.35209952,0.04431764,0.44842356,0.00750595,0.29806926,1.08456003,1.46410308
1.31765883,2.32298531,0.04261638,0.42864914,0.00755315,0.29761042,1.08451238,1.45294365
1.32366183,2.29952152,0.04102303,0.41152063,0.00762382,0.29838282,1.08815554,1.44385614
1.32966483,2.28236033,0.03956799,0.39719344,0.00771907,0.30046135,1.09571196,1.43719789
1.33566783,2.27204395,0.03827825,0.38577353,0.00783964,0.30389887,1.10732040,1.43328894
1.34167084,2.26898862,0.03717668,0.37732001,0.00798584,0.30872267,1.12302286,1.43240153
1.34767384,2.27347241,0.03628162,0.37184842,0.00815755,0.31493157,1.14275543,1.43475110
1.35367684,2.28562710,0.03560655,0.36933452,0.00835423,0.32249393,1.16634335,1.44048922
1.35967984,2.30543407,0.03515989,0.36971818,0.00857489,0.33134666,1.19350064,1.44969857
1.36568284,2.33272453,0.03494508,0.37290725,0.00881809,0.34139519,1.22383445,1.46239009
1.37168584,2.36718374,0.03496063,0.37878118,0.00908199,0.35251467,1.25685386,1.47850242
1.37768884,2.40835931,0.03520044,0.38719424,0.00936438,0.36455221,1.29198295,1.49790367
1.38369185,2.45567327,0.03565413,0.39797836,0.00966266,0.37733021,1.32857765,1.52039549
1.38969485,2.50843773,0.03630747,0.41094552,0.00997393,0.39065072,1.36594574,1.54571936
1.39569785,2.56587367,0.03714291,0.42588977,0.01029502,0.40430076,1.40336918,1.57356500
1.40170085,2.62713247,0.03814009,0.44258901,0.01062254,0.41805829,1.44012806,1.60358066
1.40770385,2.69131960,0.03927645,0.46080659,0.01095298,0.43169882,1.47552511,1.63538500
1.41370685,2.75751984,0.04052775,0.48029295,0.01128274,0.44500234,1.50890988,1.66858011
1.41970985,2.82482314,0.04186868,0.50078739,0.01160824,0.45776027,1.53970166,1.70276531
1.42571286,2.89235042,0.04327339,0.52202004,0.01192596,0.46978232,1.56741002,1.73755106
1.43171586,2.95927808,0.04471599,0.54371430,0.01223260,0.48090278,1.59165240,1.77257247
1.43771886,3.02486051,0.04617107,0.56558957,0.01252508,0.49098605,1.61216769,1.80750158
1.44372186,3.08844940,0.04761409,0.58736450,0.01280067,0.49993127,1.62882535,1.84205798
1.44972486,3.14950900,0.04902179,0.60876057,0.01305701,0.50767549,1.64162952,1.87601698
1.45572786,3.20762639,0.05037253,0.62950604,0.01329224,0.51419563,1.65071794,1.90921484
1.46173087,3.26251636,0.05164655,0.64934006,0.01350495,0.51950870,1.65635550,1.94155064
1.46773387,3.31402028,0.05282619,0.66801683,0.01369429,0.52367047,1.65892268,1.97298457
1.47373687,3.36209888,0.05389606,0.68530963,0.01385991,0.52677256,1.65889921,2.00353250
1.47973987,3.40681938,0.05484316,0.70101464,0.01400198,0.52893795,1.65684369,2.03325707
1.48574287,3.44833715,0.05565688,0.71495415,0.01412114,0.53031518,1.65336975,2.06225563
1.49174587,3.48687321,0.05632907,0.72697930,0.01421846,0.53107151,1.64912003,2.09064565
1.49774887,3.52268835,0.05685391,0.73697201,0.01429537,0.53138520,1.64473889,2.11854840
1.50375188,3.55605556,0.05722790,0.74484610,0.01435356,0.53143745,1.64084517,2.14607174
1.50975488,3.58723230,0.05744966,0.75054759,0.01439492,0.53140428,1.63800616,2.17329333
1.51575788,3.61643413,0.05751983,0.75405418,0.01442144,0.53144869,1.63671408,2.20024497
1.52176088,3.64381148,0.05744088,0.75537386,0.01443511,0.53171368,1.63736610,2.22689946
1.52776388,3.66943102,0.05721692,0.75454299,0.01443787,0.53231625,1.64024889,2.25316070
1.53376688,3.69326273,0.05685354,0.75162369,0.01443150,0.53334283,1.64552845,2.27885793
1.53976988,3.71517378,0.05635760,0.74670087,0.01441762,0.53484626,1.65324560,2.30374461
1.54577289,3.73492955,0.05573709,0.73987906,0.01439761,0.53684454,1.66331752,2.32750213
1.55177589,3.75220197,0.05500097,0.73127908,0.01437262,0.53932131,1.67554500,2.34974856
1.55777889,3.76658469,0.05415900,0.72103477,0.01434354,0.54222802,1.68962510,2.37005176
1.56378189,3.77761432,0.05322168,0.70928988,0.01431107,0.54548767,1.70516849,2.38794655
1.56978489,3.78479638,0.05220006,0.69619527,0.01427570,0.54899985,1.72172043,2.40295478
1.57578789,3.78763446,0.05110570,0.68190628,0.01423778,0.55264677,1.73878436,2.41460743
1.58179090,3.78566086,0.04995052,0.66658050,0.01419757,0.55629993,1.75584661,2.42246731
1.58779390,3.77846664,0.04874673,0.65037587,0.01415524,0.55982703,1.77240106,2.42615117
1.59379690,3.76572947,0.04750667,0.63344897,0.01411099,0.56309873,1.78797229,2.42534999
1.59979990,3.74723732,0.04624274,0.61595358,0.01406500,0.56599492,1.80213612,2.41984616
1.60580290,3.72290668,0.04496720,0.59803938,0.01401749,0.56841013,1.81453632,2.40952666
1.61180590,3.69279418,0.04369201,0.57985078,0.01396873,0.57025779,1.82489699,2.39439150
1.61780890,3.65710096,0.04242868,0.56152579,0.01391901,0.57147322,1.83302974,2.37455692
1.62381191,3.61616955,0.04118807,0.54319493,0.01386862,0.57201526,1.83883586,2.35025324
1.62981491,3.57047358,0.03998016,0.52498015,0.01381783,0.57186636,1.84230330,2.32181758
1.63581791,3.52060102,0.03881389,0.50699382,0.01376682,0.57103147,1.84349922,2.28968183
1.64182091,3.46723206,0.03769701,0.48933775,0.01371568,0.56953572,1.84255853,2.25435677
1.64782391,3.41111307,0.03663586,0.47210240,0.01366433,0.56742111,1.83966960,2.21641304
1.65382691,3.35302814,0.03563533,0.45536620,0.01361248,0.56474262,1.83505813,2.17646035
1.65982991,3.29377014,0.03469877,0.43919520,0.01355966,0.56156392,1.82897034,2.13512583
1.66583292,3.23411256,0.03382799,0.42364294,0.01350518,0.55795308,1.82165663,2.09303279
1.67183592,3.17478414,0.03302331,0.40875076,0.01344816,0.55397852,1.81335681,2.05078090
1.67783892,3.11644711,0.03228369,0.39454843,0.01338759,0.54970552,1.80428780,2.00892870
1.68384192,3.05968034,0.03160691,0.38105519,0.01332237,0.54519343,1.79463441,1.96797921
1.68984492,3.00496786,0.03098980,0.36828111,0.01325142,0.54049376,1.78454375,1.92836906
1.69584792,2.95269302,0.03042849,0.35622883,0.01317377,0.53564933,1.77412341,1.89046141
1.70185093,2.90313823,0.02991878,0.34489542,0.01308867,0.53069421,1.76344321,1.85454275
1.70785393,2.85648973,0.02945641,0.33427448,0.01299576,0.52565467,1.75254034,1.82082325
1.71385693,2.81284669,0.02903739,0.32435824,0.01289513,0.52055082,1.74142712,1.78944035
1.71985993,2.77223381,0.02865835,0.31513952,0.01278746,0.51539886,1.73010082,1.76046512
1.72586293,2.73461622,0.02831681,0.30661364,0.01267413,0.51021360,1.71855461,1.73391052
1.73186593,2.69991563,0.02801137,0.29877994,0.01255729,0.50501122,1.70678879,1.70974129
1.73786893,2.66802680,0.02774197,0.29164301,0.01243990,0.49981186,1.69482142,1.68788440
1.74387194,2.63883317,0.02750994,0.28521348,0.01232576,0.49464188,1.68269760,1.66823979
1.74987494,2.61222110,0.02731810,0.27950835,0.01221953,0.48953576,1.67049687,1.65069064
1.75587794,2.58809189,0.02717072,0.27455093,0.01212664,0.48453728,1.65833803,1.63511298
1.76188094,2.56637143,0.02707342,0.27037020,0.01205325,0.47970012,1.64638132,1.62138414
1.76788394,2.54701713,0.02703304,0.26699991,0.01200613,0.47508775,1.63482786,1.60938997
1.77388694,2.53002228,0.02705741,0.26447718,0.01199254,0.47077265,1.62391632,1.59903084
1.77988994,2.51541793,0.02715514,0.26284085,0.01202009,0.46683500,1.61391728,1.59022622
1.78589295,2.50327257,0.02733527,0.26212963,0.01209653,0.46336086,1.60512565,1.58291820
1.79189595,2.49369005,0.02760700,0.26238005,0.01222962,0.46044008,1.59785161,1.57707384
1.79789895,2.48680611,0.02797936,0.26362429,0.01242690,0.45816401,1.59241072,1.57268663
1.80390195,2.48278378,0.02846087,0.26588813,0.01269549,0.45662315,1.58911373,1.56977718
1.80990495,2.48180815,0.02905927,0.26918883,0.01304194,0.45590495,1.58825670,1.56839311
1.81590795,2.48408061,0.02978116,0.27353324,0.01347200,0.45609176,1.59011180,1.56860845
1.82191096,2.48981283,0.03063182,0.27891608,0.01399045,0.45725905,1.59491923,1.57052227
1.82791396,2.49922061,0.03161493,0.28531845,0.01460094,0.45947400,1.60288055,1.57425678
1.83391696,2.51251747,0.03273243,0.29270671,0.01530584,0.46279423,1.61415352,1.57995473
1.83991996,2.52990819,0.03398436,0.30103165,0.01610608,0.46726697,1.62884838,1.58777606
1.84592296,2.55158213,0.03536876,0.31022809,0.01700106,0.47292834,1.64702577,1.59789374
1.85192596,2.57770624,0.03688169,0.32021490,0.01798859,0.47980278,1.66869576,1.61048891
1.85792896,2.60841801,0.03851717,0.33089546,0.01906478,0.48790257,1.69381806,1.62574501
1.86393197,2.64381802,0.04026731,0.34215859,0.02022404,0.49722727,1.72230311,1.64384135
1.86993497,2.68396264,0.04212232,0.35387991,0.02145912,0.50776322,1.75401365,1.66494594
1.87593797,2.72885662,0.04407073,0.36592366,0.02276110,0.51948274,1.78876674,1.68920786
1.88194097,2.77844619,0.04609953,0.37814492,0.02411952,0.53234341,1.82633602,1.71674952
1.88794397,2.83261266,0.04819435,0.39039215,0.02552250,0.54628712,1.86645397,1.74765886
1.89394697,2.89116718,0.05033975,0.40251003,0.02695692,0.56123918,1.90881436,1.78198207
1.89994997,2.95384664,0.05251939,0.41434251,0.02840859,0.57710740,1.95307463,1.81971696
1.90595298,3.02031146,0.05471635,0.42573592,0.02986255,0.59378140,1.99885857,1.86080750
1.91195598,3.09014530,0.05691341,0.43654208,0.03130329,0.61113211,2.04575924,1.90513965
1.91795898,3.16285703,0.05909328,0.44662131,0.03271512,0.62901179,2.09334234,1.95253890
1.92396198,3.23788523,0.06123892,0.45584524,0.03408243,0.64725439,2.14115029,2.00276968
1.92996498,3.31460516,0.06333383,0.46409927,0.03539006,0.66567671,2.18870705,2.05553671
1.93596798,3.39233826,0.06536232,0.47128466,0.03662361,0.68408014,2.23552391,2.11048842
1.94197099,3.47036397,0.06730976,0.47732020,0.03776978,0.70225314,2.28110631,2.16722235
1.94797399,3.54793372,0.06916291,0.48214336,0.03881667,0.71997454,2.32496170,2.22529243
1.95397699,3.62428650,0.07091009,0.48571098,0.03975402,0.73701749,2.36660836,2.28421790
1.95997999,3.69866590,0.07254148,0.48799945,0.04057349,0.75315405,2.40558509,2.34349362
1.96598299,3.77033766,0.07404931,0.48900446,0.04126879,0.76816034,2.44146154,2.40260142
1.97198599,3.83860752,0.07542802,0.48874032,0.04183585,0.78182200,2.47384880,2.46102213
1.97798899,3.90283846,0.07667441,0.48723893,0.04227285,0.79393989,2.50241000,2.51824777
1.98399200,3.96246681,0.07778777,0.48454852,0.04258028,0.80433578,2.52687041,2.57379354
1.98999500,4.01701658,0.07876986,0.48073210,0.04276083,0.81285769,2.54702662,2.62720924
1.99599800,4.06611135,0.07962491,0.47586576,0.04281931,0.81938493,2.56275429,2.67808945
2.00200100,4.10948324,0.08035952,0.47003694,0.04276249,0.82383238,2.57401409,2.72608234
2.00800400,4.14697850,0.08098247,0.46334249,0.04259885,0.82615383,2.58085534,2.77089655
2.01400700,4.17855926,0.08150443,0.45588685,0.04233838,0.82634440,2.58341703,2.81230601
2.02001001,4.20430144,0.08193764,0.44778004,0.04199225,0.82444170,2.58192592,2.85015231
2.02601301,4.22438854,0.08229546,0.43913578,0.04157252,0.82052563,2.57669166,2.88434463
2.03201601,4.23910157,0.08259188,0.43006952,0.04109178,0.81471702,2.56809875,2.91485716
2.03801901,4.24880532,0.08284092,0.42069644,0.04056289,0.80717472,2.55659574,2.94172402
2.04402201,4.25393142,0.08305612,0.41112952,0.03999860,0.79809158,2.54268150,2.96503198
2.05002501,4.25495893,0.08324988,0.40147757,0.03941126,0.78768917,2.52688952,2.98491120
2.05602801,4.25239302,0.08343290,0.39184332,0.03881258,0.77621152,2.50977025,3.00152448
2.06203102,4.24674288,0.08361366,0.38232156,0.03821329,0.76391808,2.49187250,3.01505537
2.06803402,4.23849964,0.08379798,0.37299741,0.03762301,0.75107609,2.47372450,3.02569595
2.07403702,4.22811537,0.08398866,0.36394481,0.03705003,0.73795270,2.45581537,3.03363465
2.08004002,4.21598425,0.08418530,0.35522517,0.03650120,0.72480705,2.43857785,3.03904485
2.08604302,4.20242667,0.08438420,0.34688637,0.03598182,0.71188271,2.42237302,3.04207502
2.09204602,4.18767721,0.08457852,0.33896213,0.03549564,0.69940062,2.40747767,3.04284061
2.09804902,4.17187703,0.08475851,0.33147172,0.03504486,0.68755291,2.39407502,3.04141853
2.10405203,4.15507114,0.08491193,0.32442021,0.03463016,0.67649772,2.38224899,3.03784435
2.11005503,4.13721072,0.08502461,0.31779911,0.03425082,0.66635533,2.37198249,3.03211244
2.11605803,4.11816035,0.08508116,0.31158739,0.03390485,0.65720552,2.36315980,3.02417916
2.12206103,4.09770986,0.08506566,0.30575311,0.03358913,0.64908648,2.35557272,3.01396898
2.12806403,4.07559020,0.08496248,0.30025514,0.03329961,0.64199508,2.34893059,3.00138301
2.13406703,4.05149242,0.08475710,0.29504543,0.03303151,0.63588856,2.34287331,2.98630984
2.14007004,4.02508899,0.08443684,0.29007124,0.03277949,0.63068750,2.33698720,2.96863774
2.14607304,3.99605611,0.08399154,0.28527763,0.03253792,0.62627997,2.33082263,2.94826773
2.15207604,3.96409610,0.08341416,0.28060984,0.03230102,0.62252664,2.32391302,2.92512670
2.15807904,3.92895857,0.08270117,0.27601556,0.03206312,0.61926665,2.31579410,2.89917984
2.16408204,3.89045937,0.08185286,0.27144703,0.03181879,0.61632400,2.30602292,2.87044154
2.17008504,3.84849638,0.08087342,0.26686279,0.03156305,0.61351422,2.29419568,2.83898424
2.17608804,3.80306140,0.07977087,0.26222911,0.03129149,0.61065114,2.27996377,2.80494449
2.18209105,3.75424761,0.07855684,0.25752094,0.03100040,0.60755342,2.26304750,2.76852602
2.18809405,3.70225224,0.07724616,0.25272253,0.03068693,0.60405070,2.24324699,2.72999940
2.19409705,3.64737449,0.07585637,0.24782757,0.03034912,0.59998917,2.22044988,2.68969835
2.20010005,3.59000893,0.07440709,0.24283887,0.02998602,0.59523639,2.19463579,2.64801287
2.20610305,3.53063471,0.07291937,0.23776782,0.02959773,0.58968523,2.16587737,2.60537947
2.21210605,3.46980140,0.07141495,0.23263342,0.02918546,0.58325690,2.13433809,2.56226905
2.21810905,3.40811213,0.06991555,0.22746116,0.02875156,0.57590286,2.10026698,2.51917312
2.22411206,3.34620509,0.06844218,0.22228170,0.02829950,0.56760583,2.06399066,2.47658899
2.23011506,3.28473435,0.06701457,0.21712952,0.02783392,0.55837974,2.02590315,2.43500498
2.23611806,3.22435098,0.06565053,0.21204152,0.02736057,0.54826872,1.98645381,2.39488626
2.24212106,3.16568554,0.06436564,0.20705581,0.02688627,0.53734528,1.94613421,2.35666220
2.24812406,3.10933278,0.06317284,0.20221052,0.02641889,0.52570773,1.90546427,2.32071600
2.25412706,3.05583916,0.06208230,0.19754284,0.02596721,0.51347698,1.86497843,2.28737706
2.26013007,3.00569393,0.06110137,0.19308837,0.02554084,0.50079291,1.82521233,2.25691656
2.26613307,2.95932381,0.06023465,0.18888054,0.02515009,0.48781038,1.78669041,2.22954641
2.27213607,2.91709158,0.05948418,0.18495040,0.02480575,0.47469508,1.74991493,2.20542155
2.27813907,2.87929812,0.05884980,0.18132657,0.02451895,0.46161935,1.71535665,2.18464539
2.28414207,2.84618764,0.05832947,0.17803535,0.02430090,0.44875806,1.68344731,2.16727788
2.29014507,2.81795535,0.05791981,0.17510097,0.02416262,0.43628471,1.65457390,2.15334558
2.29614807,2.79475664,0.05761651,0.17254590,0.02411469,0.42436767,1.62907471,2.14285294
2.30215108,2.77671704,0.05741490,0.17039112,0.02416694,0.41316686,1.60723691,2.13579391
2.30815408,2.76394162,0.05731038,0.16865641,0.02432810,0.40283062,1.58929519,2.13216291
2.31415708,2.75652309,0.05729886,0.16736040,0.02460550,0.39349297,1.57543141,2.13196432
2.32016008,2.75454755,0.05737710,0.16652052,0.02500476,0.38527115,1.56577448,2.13521958
2.32616308,2.75809719,0.05754293,0.16615270,0.02552940,0.37826350,1.56040033,2.14197139
2.33216608,2.76724944,0.05779540,0.16627085,0.02618065,0.37254750,1.55933159,2.15228433
2.33816908,2.78207233,0.05813475,0.16688612,0.02695707,0.36817821,1.56253663,2.16624194
2.34417209,2.80261613,0.05856226,0.16800593,0.02785445,0.36518683,1.56992796,2.18394005
2.35017509,2.82890174,0.05908001,0.16963288,0.02886555,0.36357958,1.58135998,2.20547687
2.35617809,2.86090644,0.05969049,0.17176359,0.02998010,0.36333693,1.59662623,2.23094030
2.36218109,2.89854799,0.06039613,0.17438751,0.03118475,0.36441305,1.61545655,2.26039320
2.36818409,2.94166836,0.06119882,0.17748584,0.03246322,0.36673579,1.63751448,2.29385766
2.37418709,2.99001822,0.06209932,0.18103067,0.03379646,0.37020712,1.66239564,2.33129930
2.38019010,3.04324352,0.06309680,0.18498436,0.03516299,0.37470407,1.68962751,2.37261257
2.38619310,3.10087557,0.06418831,0.18929930,0.03653930,0.38008045,1.71867125,2.41760824
2.39219610,3.16232552,0.06536843,0.19391817,0.03790041,0.38616911,1.74892622,2.46600390
2.39819910,3.22688418,0.06662899,0.19877453,0.03922041,0.39278503,1.77973733,2.51741836
2.40420210,3.29372774,0.06795895,0.20379401,0.04047322,0.39972906,1.81040577,2.57137038
2.41020510,3.36192952,0.06934442,0.20889589,0.04163327,0.40679236,1.84020290,2.62728211
2.41620810,3.43047762,0.07076884,0.21399507,0.04267629,0.41376136,1.86838718,2.68448728
2.42221111,3.49829798,0.07221328,0.21900444,0.04358009,0.42042321,1.89422372,2.74224392
2.42821411,3.56428183,0.07365698,0.22383736,0.04432523,0.42657142,1.91700576,2.79975113
2.43421711,3.62731661,0.07507785,0.22841033,0.04489578,0.43201164,1.93607724,2.85616926
2.44022011,3.68631875,0.07645317,0.23264558,0.04527979,0.43656717,1.95085529,2.91064264
2.44622311,3.74026710,0.07776029,0.23647351,0.04546984,0.44008415,1.96085186,2.96232400
2.45222611,3.78823530,0.07897733,0.23983488,0.04546331,0.44243609,1.96569307,3.01039940
2.45822911,3.82942174,0.08008388,0.24268259,0.04526253,0.44352756,1.96513533,3.05411279
2.46423212,3.86317562,0.08106160,0.24498300,0.04487479,0.44329688,1.95907731,3.09278919
2.47023512,3.88901821,0.08189477,0.24671673,0.04431213,0.44171770,1.94756693,3.12585547
2.47623812,3.90665808,0.08257068,0.24787893,0.04359101,0.43879930,1.93080288,3.15285800
2.48224112,3.91599986,0.08307992,0.24847896,0.04273180,0.43458576,1.90913029,3.17347651
2.48824412,3.91714613,0.08341651,0.24853960,0.04175813,0.42915383,1.88303074,3.18753352
2.49424712,3.91039228,0.08357789,0.24809573,0.04069611,0.42260970,1.85310663,3.19499909
2.50025013,3.89621464,0.08356483,0.24719271,0.03957354,0.41508485,1.82006081,3.19599059
2.50625313,3.87525238,0.08338110,0.24588438,0.03841897,0.40673104,1.78467192,3.19076752
2.51225613,3.84828375,0.08303317,0.24423088,0.03726084,0.39771476,1.74776670,3.17972153
2.51825913,3.81619768,0.08252977,0.24229636,0.03612651,0.38821124,1.71019032,3.16336191
2.52426213,3.77996188,0.08188137,0.24014667,0.03504150,0.37839844,1.67277592,3.14229713
2.53026513,3.74058842,0.08109970,0.23784712,0.03402863,0.36845111,1.63631478,3.11721296
2.53626813,3.69909842,0.08019716,0.23546039,0.03310741,0.35853514,1.60152817,3.08884813
2.54227114,3.65648687,0.07918639,0.23304469,0.03229347,0.34880257,1.56904226,3.05796839
2.54827414,3.61368925,0.07807973,0.23065211,0.03159815,0.33938720,1.53936689,3.02533993
2.55427714,3.57155106,0.07688885,0.22832733,0.03102824,0.33040115,1.51287929,2.99170341
2.56028014,3.53080159,0.07562435,0.22610672,0.03058592,0.32193235,1.48981322,2.95774964
2.56628314,3.49203307,0.07429555,0.22401768,0.03026877,0.31404305,1.47025404,2.92409800
2.57228614,3.45568590,0.07291026,0.22207847,0.03007003,0.30676935,1.45413987,2.89127854
2.57828914,3.42204093,0.07147470,0.22029829,0.02997896,0.30012186,1.44126866,2.85971874
2.58429215,3.39121883,0.06999354,0.21867783,0.02998131,0.29408722,1.43131095,2.82973537
2.59029515,3.36318677,0.06846997,0.21721007,0.03005995,0.28863053,1.42382770,2.80153199
2.59629815,3.33777209,0.06690585,0.21588144,0.03019558,0.28369855,1.41829228,2.77520207
2.60230115,3.31468217,0.06530204,0.21467322,0.03036745,0.27922346,1.41411581,2.75073749
2.60830415,3.29352965,0.06365863,0.21356316,0.03055418,0.27512709,1.41067460,2.72804205
2.61430715,3.27386165,0.06197535,0.21252729,0.03073459,0.27132531,1.40733855,2.70694888
2.62031016,3.25519146,0.06025194,0.21154174,0.03088842,0.26773252,1.40349921,2.68724103
2.62631316,3.23703113,0.05848854,0.21058466,0.03099713,0.26426599,1.39859625,2.66867373
2.63231616,3.21892313,0.05668604,0.20963797,0.03104449,0.26084980,1.39214131,2.65099725
2.63831916,3.20046958,0.05484642,0.20868895,0.03101716,0.25741838,1.38373809,2.63397880
2.64432216,3.18135743,0.05297304,0.20773165,0.03090510,0.25391938,1.37309781,2.61742245
2.65032516,3.16137839,0.05107083,0.20676784,0.03070188,0.25031581,1.36004970,2.60118577
2.65632816,3.14044279,0.04914636,0.20580764,0.03040478,0.24658739,1.34454583,2.58519263
2.66233117,3.11858666,0.04720793,0.20486970,0.03001482,0.24273117,1.32666056,2.56944128
2.66833417,3.09597208,0.04526543,0.20398087,0.02953659,0.23876125,1.30658451,2.55400782
2.67433717,3.07288109,0.04333018,0.20317544,0.02897797,0.23470787,1.28461384,2.53904482
2.68034017,3.04970371,0.04141471,0.20249390,0.02834972,0.23061579,1.26113529,2.52477579
2.68634317,3.02692123,0.03953238,0.20198140,0.02766497,0.22654225,1.23660805,2.51148588
2.69234617,3.00508591,0.03769707,0.20168585,0.02693868,0.22255452,1.21154338,2.49950980
2.69834917,2.98479846,0.03592273,0.20165587,0.02618697,0.21872719,1.18648315,2.48921788
2.70435218,2.96668468,0.03422306,0.20193861,0.02542656,0.21513949,1.16197832,2.48100107
2.71035518,2.95137264,0.03261105,0.20257771,0.02467405,0.21187261,1.13856851,2.47525611
2.71635818,2.93947132,0.03109875,0.20361134,0.02394544,0.20900728,1.11676344,2.47237123
2.72236118,2.93155189,0.02969691,0.20507060,0.02325553,0.20662158,1.09702699,2.47271336
2.72836418,2.92813185,0.02841487,0.20697814,0.02261751,0.20478911,1.07976456,2.47661697
2.73436718,2.92966257,0.02726042,0.20934739,0.02204260,0.20357760,1.06531383,2.48437478
2.74037019,2.93651998,0.02623977,0.21218209,0.02153980,0.20304779,1.05393913,2.49623025
2.74637319,2.94899815,0.02535762,0.21547635,0.02111574,0.20325270,1.04582920,2.51237168
2.75237619,2.96730519,0.02461726,0.21921511,0.02077462,0.20423714,1.04109802,2.53292733
2.75837919,2.99156083,0.02402076,0.22337498,0.02051829,0.20603742,1.03978824,2.55796138
2.76438219,3.02179493,0.02356915,0.22792531,0.02034632,0.20868112,1.04187650,2.58747016
2.77038519,3.05794621,0.02326266,0.23282950,0.02025626,0.21218687,1.04728015,2.62137827
2.77638819,3.09986085,0.02310087,0.23804631,0.02024381,0.21656407,1.05586450,2.65953450
2.78239120,3.14729043,0.02308298,0.24353125,0.02030318,0.22181250,1.06745020,2.70170745
2.78839420,3.19988930,0.02320782,0.24923768,0.02042731,0.22792170,1.08182002,2.74758092
2.79439720,3.25721149,0.02347406,0.25511789,0.02060824,0.23487026,1.09872490,2.79674974
2.80040020,3.31870764,0.02388011,0.26112386,0.02083738,0.24262494,1.11788875,2.84871620
2.80640320,3.38372262,0.02442417,0.26720773,0.02110577,0.25113971,1.13901214,2.90288812
2.81240620,3.45149469,0.02510413,0.27332210,0.02140437,0.26035492,1.16177489,2.95857904
2.81840920,3.52115703,0.02591738,0.27942012,0.02172425,0.27019643,1.18583774,3.01501151
2.82441221,3.59174263,0.02686074,0.28545541,0.02205682,0.28057515,1.21084350,3.07132394
2.83041521,3.66219322,0.02793027,0.29138197,0.02239394,0.29138690,1.23641805,3.12658165
2.83641821,3.73137294,0.02912110,0.29715407,0.02272812,0.30251273,1.26217164,3.17979235
2.84242121,3.79808690,0.03042737,0.30272638,0.02305259,0.31381991,1.28770088,3.22992601
2.84842421,3.86110476,0.03184217,0.30805418,0.02336138,0.32516353,1.31259188,3.27593890
2.85442721,3.91918885,0.03335750,0.31309386,0.02364945,0.33638874,1.33642473,3.31680103
2.86043022,3.97112623,0.03496441,0.31780381,0.02391269,0.34733381,1.35877956,3.35152617
2.86643322,4.01576336,0.03665313,0.32214544,0.02414801,0.35783363,1.37924418,3.37920328
2.87243622,4.05204239,0.03841330,0.32608458,0.02435335,0.36772395,1.39742314,3.39902792
2.87843922,4.07903713,0.04023424,0.32959304,0.02452773,0.37684583,1.41294801,3.41033218
2.88444222,4.09598744,0.04210531,0.33265027,0.02467123,0.38505043,1.42548846,3.41261174
2.89044522,4.10232994,0.04401621,0.33524506,0.02478500,0.39220384,1.43476365,3.40554858
2.89644822,4.09772385,0.04595737,0.33737707,0.02487125,0.39819173,1.44055325,3.38902815
2.90245123,4.08207035,0.04792019,0.33905817,0.02493315,0.40292358,1.44270765,3.36314996
2.90845423,4.05552434,0.04989739,0.34031340,0.02497477,0.40633643,1.44115665,3.32823110
2.91445723,4.01849803,0.05188307,0.34118152,0.02500098,0.40839785,1.43591602,3.28480214
2.92046023,3.97165583,0.05387289,0.34171494,0.02501729,0.40910795,1.42709158,3.23359562
2.92646323,3.91590055,0.05586397,0.34197922,0.02502968,0.40850042,1.41488033,3.17552758
2.93246623,3.85235158,0.05785482,0.34205183,0.02504443,0.40664253,1.39956848,3.11167265
2.93846923,3.78231555,0.05984501,0.34202049,0.02506789,0.40363391,1.38152620,3.04323405
2.94447224,3.70725091,0.06183494,0.34198089,0.02510627,0.39960430,1.36119933,2.97150943
2.95047524,3.62872760,0.06382533,0.34203403,0.02516539,0.39471031,1.33909818,2.89785420
2.95647824,3.54838342,0.06581683,0.34228321,0.02525050,0.38913121,1.31578393,2.82364358
2.96248124,3.46787880,0.06780948,0.34283080,0.02536606,0.38306401,1.29185292,2.75023496
2.96848424,3.38885152,0.06980229,0.34377497,0.02551556,0.37671791,1.26791978,2.67893185
2.97448724,3.31287305,0.07179276,0.34520638,0.02570139,0.37030845,1.24459971,2.61095054
2.98049025,3.24140778,0.07377654,0.34720509,0.02592471,0.36405140,1.22249085,2.54739068
2.98649325,3.17577653,0.07574713,0.34983776,0.02618543,0.35815675,1.20215736,2.48921023
2.99249625,3.11712529,0.07769573,0.35315513,0.02648218,0.35282296,1.18411381,2.43720575
2.99849925,3.06639987,0.07961119,0.35719007,0.02681232,0.34823158,1.16881149,2.39199784
3.00450225,3.02432712,0.08148012,0.36195609,0.02717208,0.34454258,1.15662720,2.35402231
3.01050525,2.99140284,0.08328707,0.36744641,0.02755660,0.34189037,1.14785476,2.32352655
3.01650825,2.96788649,0.08501489,0.37363362,0.02796015,0.34038071,1.14269961,2.30057122
3.02251126,2.95380262,0.08664519,0.38047001,0.02837628,0.34008862,1.14127659,2.28503652
3.02851426,2.94894852,0.08815883,0.38788840,0.02879805,0.34105721,1.14361083,2.27663293
3.03451726,2.95290783,0.08953657,0.39580365,0.02921821,0.34329762,1.14964175,2.27491559
3.04052026,2.96506935,0.09075970,0.40411461,0.02962947,0.34678986,1.15922973,2.27930198
3.04652326,2.98465054,0.09181067,0.41270669,0.03002467,0.35148467,1.17216529,2.28909227
3.05252626,3.01072485,0.09267378,0.42145476,0.03039704,0.35730616,1.18818016,2.30349176
3.05852926,3.04225206,0.09333574,0.43022646,0.03074036,0.36415523,1.20695984,2.32163481
3.06453227,3.07811087,0.09378629,0.43888574,0.03104912,0.37191356,1.22815702,2.34260986
3.07053527,3.11713270,0.09401861,0.44729653,0.03131871,0.38044811,1.25140531,2.36548472
3.07653827,3.15813574,0.09402968,0.45532648,0.03154548,0.38961578,1.27633264,2.38933180
3.08254127,3.19995839,0.09382059,0.46285053,0.03172683,0.39926832,1.30257387,2.41325250
3.08854427,3.24149105,0.09339659,0.46975422,0.03186127,0.40925705,1.32978199,2.43640028
3.09454727,3.28170529,0.09276712,0.47593663,0.03194838,0.41943741,1.35763761,2.45800176
3.10055028,3.31967959,0.09194560,0.48131279,0.03198881,0.42967309,1.38585628,2.47737533
3.10655328,3.35462090,0.09094918,0.48581547,0.03198416,0.43983965,1.41419358,2.49394673
3.11255628,3.38588133,0.08979824,0.48939621,0.03193690,0.44982748,1.44244778,2.50726115
3.11855928,3.41296957,0.08851593,0.49202565,0.03185024,0.45954408,1.47046015,2.51699145
3.12456228,3.43555684,0.08712743,0.49369306,0.03172793,0.46891554,1.49811323,2.52294242
3.13056528,3.45347732,0.08565928,0.49440514,0.03157413,0.47788732,1.52532707,2.52505083
3.13656828,3.46672330,0.08413861,0.49418419,0.03139320,0.48642423,1.55205419,2.52338145
3.14257129,3.47543563,0.08259232,0.49306578,0.03118953,0.49450978,1.57827347,2.51811936
3.14857429,3.47988997,0.08104637,0.49109597,0.03096740,0.50214492,1.60398351,2.50955881
3.15457729,3.48047989,0.07952505,0.48832845,0.03073079,0.50934634,1.62919616,2.49808930
3.16058029,3.47769762,0.07805037,0.48482165,0.03048332,0.51614438,1.65393043,2.48417960
3.16658329,3.47211363,0.07664158,0.48063607,0.03022817,0.52258079,1.67820743,2.46836036
3.17258629,3.46435594,0.07531482,0.47583196,0.02996802,0.52870631,1.70204648,2.45120617
3.17858929,3.45509019,0.07408292,0.47046764,0.02970510,0.53457835,1.72546272,2.43331784
3.18459230,3.44500127,0.07295539,0.46459836,0.02944125,0.54025881,1.74846625,2.41530566
3.19059530,3.43477708,0.07193853,0.45827599,0.02917798,0.54581204,1.77106269,2.39777419
3.19659830,3.42509498,0.07103575,0.45154932,0.02891664,0.55130309,1.79325501,2.38130908
3.20260130,3.41661093,0.07024791,0.44446514,0.02865853,0.55679625,1.81504639,2.36646640
3.20860430,3.40995153,0.06957387,0.43706978,0.02840508,0.56235383,1.83644356,2.35376435
3.21460730,3.40570838,0.06901102,0.42941123,0.02815799,0.56803519,1.85746045,2.34367762
3.22061031,3.40443469,0.06855577,0.42154132,0.02791938,0.57389598,1.87812146,2.33663408
3.22661331,3.40664329,0.06820416,0.41351811,0.02769186,0.57998752,1.89846406,2.33301343
3.23261631,3.41280564,0.06795223,0.40540799,0.02747863,0.58635624,1.91854046,2.33314755
3.23861931,3.42335102,0.06779638,0.39728753,0.02728345,0.59304318,1.93841786,2.33732195
3.24462231,3.43866548,0.06773359,0.38924471,0.02711069,0.60008342,1.95817747,2.34577781
3.25062531,3.45908997,0.06776144,0.38137958,0.02696512,0.60750550,1.97791191,2.35871411
3.25662831,3.48491738,0.06787803,0.37380407,0.02685191,0.61533071,1.99772147,2.37628946
3.26263132,3.51638821,0.06808173,0.36664113,0.02677634,0.62357235,2.01770921,2.39862310
3.26863432,3.55368505,0.06837082,0.36002301,0.02674367,0.63223490,2.03797531,2.42579503
3.27463732,3.59692592,0.06874306,0.35408892,0.02675889,0.64131318,2.05861117,2.45784491
3.28064032,3.64615693,0.06919513,0.34898207,0.02682651,0.65079157,2.07969349,2.49476993
3.28664332,3.70134475,0.06972220,0.34484627,0.02695034,0.66064333,2.10127901,2.53652156
3.29264632,3.76236938,0.07031743,0.34182233,0.02713336,0.67083005,2.12340013,2.58300170
3.29864932,3.82901806,0.07097158,0.34004429,0.02737753,0.68130139,2.14606182,2.63405825
3.30465233,3.90098063,0.07167282,0.33963581,0.02768377,0.69199513,2.16924009,2.68948082
3.31065533,3.97784730,0.07240661,0.34070674,0.02805187,0.70283751,2.19288210,2.74899676
3.31665833,4.05910884,0.07315584,0.34335019,0.02848060,0.71374399,2.21690784,2.81226818
3.32266133,4.14415986,0.07390108,0.34763989,0.02896778,0.72462046,2.24121339,2.87889017
3.32866433,4.23230507,0.07462107,0.35362826,0.02951040,0.73536468,2.26567533,2.94839068
3.33466733,4.32276849,0.07529335,0.36134489,0.03010482,0.74586823,2.29015605,3.02023233
3.34067034,4.41470544,0.07589506,0.37079566,0.03074698,0.75601861,2.31450943,3.09381618
3.34667334,4.50721676,0.07640371,0.38196225,0.03143260,0.76570162,2.33858648,3.16848755
3.35267634,4.59936474,0.07679815,0.39480210,0.03215735,0.77480384,2.36224035,3.24354375
3.35867934,4.69019008,0.07705937,0.40924870,0.03291703,0.78321509,2.38533047,3.31824363
3.36468234,4.77872914,0.07717138,0.42521214,0.03370769,0.79083088,2.40772513,3.39181840
3.37068534,4.86403083,0.07712182,0.44257978,0.03452570,0.79755457,2.42930262,3.46348358
3.37668834,4.94517249,0.07690257,0.46121715,0.03536772,0.80329941,2.44995050,3.53245160
3.38269135,5.02127418,0.07651006,0.48096888,0.03623063,0.80799016,2.46956329,3.59794468
3.38869435,5.09151122,0.07594546,0.50165977,0.03711144,0.81156438,2.48803868,3.65920752
3.39469735,5.15512459,0.07521462,0.52309607,0.03800710,0.81397342,2.50527261,3.71551970
3.40070035,5.21142946,0.07432784,0.54506693,0.03891426,0.81518302,2.52115384,3.76620743
3.40670335,5.25982192,0.07329947,0.56734623,0.03982909,0.81517358,2.53555847,3.81065456
3.41270635,5.29978441,0.07214739,0.58969479,0.04074704,0.81394030,2.54834525,3.84831279
3.41870935,5.33089022,0.07089234,0.61186316,0.04166265,0.81149300,2.55935209,3.87871112
3.42471236,5.35280770,0.06955724,0.63359487,0.04256941,0.80785601,2.56839470,3.90146467
3.43071536,5.36530463,0.06816649,0.65463051,0.04345970,0.80306793,2.57526749,3.91628275
3.43671836,5.36825312,0.06674529,0.67471229,0.04432483,0.79718146,2.57974742,3.92297652
3.44272136,5.36163532,0.06531900,0.69358926,0.04515511,0.79026328,2.58160067,3.92146589
3.44872436,5.34554991,0.06391261,0.71102302,0.04594012,0.78239402,2.58059215,3.91178594
3.45472736,5.32021919,0.06255031,0.72679369,0.04666898,0.77366829,2.57649755,3.89409228
3.46073037,5.28599618,0.06125513,0.74070606,0.04733075,0.76419459,2.56911727,3.86866535
3.46673337,5.24337120,0.06004874,0.75259545,0.04791489,0.75409523,2.55829162,3.83591299
3.47273637,5.19297670,0.05895122,0.76233323,0.04841175,0.74350596,2.54391617,3.79637090
3.47873937,5.13558970,0.05798105,0.76983153,0.04881302,0.73257528,2.52595646,3.75070043
3.48474237,5.07213045,0.05715495,0.77504685,0.04911228,0.72146332,2.50446088,3.69968317
3.49074537,5.00365660,0.05648790,0.77798251,0.04930533,0.71034012,2.47957083,3.64421182
3.49674837,4.93135191,0.05599302,0.77868947,0.04939056,0.69938334,2.45152721,3.58527707
3.50275138,4.85650920,0.05568144,0.77726560,0.04936913,0.68877530,2.42067276,3.52395046
3.50875438,4.78050728,0.05556219,0.77385334,0.04924507,0.67869937,2.38744964,3.46136314
3.51475738,4.70478223,0.05564191,0.76863568,0.04902519,0.66933591,2.35239230,3.39868112
3.52076038,4.63079378,0.05592461,0.76183076,0.04871888,0.66085764,2.31611581,3.33707764
3.52676338,4.55998805,0.05641135,0.75368532,0.04833777,0.65342497,2.27930010,3.27770352
3.53276638,4.49375806,0.05709994,0.74446713,0.04789523,0.64718121,2.24267099,3.22165690
3.53876938,4.43340417,0.05798457,0.73445713,0.04740582,0.64224812,2.20697895,3.16995350
3.54477239,4.38009610,0.05905562,0.72394127,0.04688464,0.63872197,2.17297672,3.12349903
3.55077539,4.33483904,0.06029945,0.71320280,0.04634667,0.63667038,2.14139711,3.08306508
3.55677839,4.29844547,0.06169837,0.70251527,0.04580613,0.63613024,2.11293205,3.04926987
3.56278139,4.27151459,0.06323073,0.69213649,0.04527583,0.63710675,2.08821409,3.02256499
3.56878439,4.25442048,0.06487116,0.68230395,0.04476664,0.63957381,2.06780107,3.00322887
3.57478739,4.24730994,0.06659105,0.67323158,0.04428709,0.64347566,2.05216483,2.99136743
3.58079040,4.25011001,0.06835912,0.66510825,0.04384301,0.64872984,2.04168401,2.98692197
3.58679340,4.26254478,0.07014218,0.65809769,0.04343746,0.65523115,2.03664115,2.98968378
3.59279640,4.28416043,0.07190605,0.65233982,0.04307063,0.66285656,2.03722365,2.99931453
3.59879940,4.31435681,0.07361649,0.64795331,0.04274004,0.67147053,2.04352811,3.01537130
3.60480240,4.35242348,0.07524027,0.64503884,0.04244078,0.68093068,2.05556706,3.03733456
3.61080540,4.39757794,0.07674611,0.64368294,0.04216589,0.69109315,2.07327729,3.06463740
3.61680840,4.44900325,0.07810569,0.64396175,0.04190684,0.70181751,2.09652864,3.09669397
3.62281141,4.50588284,0.07929444,0.64594447,0.04165398,0.71297074,2.12513224,3.13292557
3.62881441,4.56742999,0.08029221,0.64969602,0.04139717,0.72443016,2.15884746,3.17278240
3.63481741,4.63291025,0.08108375,0.65527860,0.04112622,0.73608498,2.19738669,3.21575997
3.64082041,4.70165535,0.08165899,0.66275189,0.04083143,0.74783648,2.24041773,3.26140886
3.64682341,4.77306793,0.08201299,0.67217173,0.04050400,0.75959688,2.28756354,3.30933759
3.65282641,4.84661707,0.08214580,0.68358733,0.04013635,0.77128687,2.33839970,3.35920851
3.65882941,4.92182523,0.08206203,0.69703689,0.03972238,0.78283229,2.39244991,3.41072721
3.66483242,4.99824803,0.08177022,0.71254209,0.03925764,0.79416008,2.44918050,3.46362657
3.67083542,5.07544878,0.08128214,0.73010157,0.03873933,0.80519400,2.50799476,3.51764674
3.67683842,5.15296996,0.08061196,0.74968385,0.03816632,0.81585045,2.56822825,3.57251294
3.68284142,5.23030454,0.07977537,0.77122025,0.03753899,0.82603496,2.62914614,3.62791296
3.68884442,5.30686952,0.07878874,0.79459818,0.03685906,0.83563959,2.68994372,3.68347630
3.69484742,5.38198450,0.07766834,0.81965545,0.03612941,0.84454165,2.74975078,3.73875704
3.70085043,5.45485749,0.07642969,0.84617604,0.03535382,0.85260402,2.80764057,3.79322201
3.70685343,5.52457969,0.07508701,0.87388784,0.03453672,0.85967713,2.86264366,3.84624566
3.71285643,5.59013057,0.07365289,0.90246263,0.03368304,0.86560260,2.91376656,3.89711260
3.71885943,5.65039363,0.07213811,0.93151861,0.03279797,0.87021856,2.96001477,3.94502818
3.72486243,5.70418257,0.07055169,0.96062559,0.03188685,0.87336626,3.00041938,3.98913686
3.73086543,5.75027696,0.06890101,0.98931284,0.03095505,0.87489771,3.03406630,4.02854784
3.73686843,5.78746563,0.06719220,1.01707930,0.03000795,0.87468384,3.06012658,4.06236660
3.74287144,5.81459540,0.06543056,1.04340599,0.02905091,0.87262282,3.07788649,4.08973069
3.74887444,5.83062261,0.06362107,1.06777005,0.02808931,0.86864782,3.08677570,4.10984779
3.75487744,5.83466419,0.06176891,1.08965985,0.02712860,0.86273385,3.08639188,4.12203376
3.76088044,5.82604534,0.05988002,1.10859056,0.02617434,0.85490309,3.07652058,4.12574843
3.76688344,5.80434068,0.05796154,1.12411950,0.02523231,0.84522838,3.05714878,4.12062680
3.77288644,5.76940631,0.05602221,1.13586043,0.02430847,0.83383442,3.02847146,4.10650366
3.77888944,5.72140043,0.05407258,1.14349634,0.02340906,0.82089664,2.99089042,4.08343004
3.78489245,5.66079100,0.05212515,1.14678987,0.02254054,0.80663760,2.94500525,4.05167999
3.79089545,5.58834960,0.05019432,1.14559111,0.02170953,0.79132087,2.89159652,4.01174728
3.79689845,5.50513122,0.04829616,1.13984222,0.02092271,0.77524290,2.83160190,3.96433166
3.80290145,5.41244088,0.04644807,1.12957874,0.02018670,0.75872287,2.76608603,3.91031522
3.80890445,5.31178841,0.04466833,1.11492760,0.01950782,0.74209123,2.69620547,3.85072990
3.81490745,5.20483344,0.04297544,1.09610179,0.01889195,0.72567731,2.62317020,3.78671761
3.82091046,5.09332345,0.04138752,1.07339215,0.01834426,0.70979664,2.54820327,3.71948495
3.82691346,4.97902776,0.03992160,1.04715659,0.01786898,0.69473859,2.47250043,3.65025481
3.83291646,4.86367083,0.03859289,1.01780730,0.01746918,0.68075487,2.39719138,3.58021726
3.83891946,4.74886812,0.03741412,0.98579662,0.01714656,0.66804958,2.32330429,3.51048228
3.84492246,4.63606785,0.03639497,0.95160219,0.01690130,0.65677108,2.25173503,3.44203662
3.85092546,4.52650124,0.03554151,0.91571212,0.01673189,0.64700636,2.18322237,3.37570717
3.85692846,4.42114388,0.03485592,0.87861073,0.01663514,0.63877790,2.11833002,3.31213238
3.86293147,4.32068983,0.03433619,0.84076562,0.01660611,0.63204337,2.05743615,3.25174343
3.86893447,4.22553971,0.03397610,0.80261639,0.01663822,0.62669811,2.00073064,3.19475578
3.87493747,4.13580291,0.03376532,0.76456551,0.01672337,0.62258030,1.94821991,3.14117156
3.88094047,4.05131382,0.03368969,0.72697147,0.01685214,0.61947854,1.89973904,3.09079247
3.88694347,3.97166081,0.03373165,0.69014451,0.01701404,0.61714147,1.85497024,3.04324245
3.89294647,3.89622625,0.03387079,0.65434466,0.01719787,0.61528911,1.81346697,2.99799884
3.89894947,3.82423534,0.03408459,0.61978206,0.01739198,0.61362520,1.77468211,2.95443013
3.90495248,3.75481107,0.03434915,0.58661934,0.01758474,0.61185013,1.73799930,2.91183852
3.91095548,3.68703236,0.03464003,0.55497557,0.01776482,0.60967383,1.70276556,2.86950485
3.91695848,3.61999226,0.03493314,0.52493148,0.01792164,0.60682795,1.66832407,2.82673352
3.92296148,3.55285348,0.03520556,0.49653544,0.01804568,0.60307703,1.63404555,2.78289528
3.92896448,3.48489819,0.03543636,0.46980980,0.01812879,0.59822792,1.59935700,2.73746555
3.93496748,3.41556995,0.03560729,0.44475714,0.01816444,0.59213731,1.56376669,2.69005648
3.94097049,3.34450584,0.03570343,0.42136611,0.01814793,0.58471688,1.52688444,2.64044131
3.94697349,3.27155732,0.03571364,0.39961644,0.01807650,0.57593617,1.48843665,2.58856986
3.95297649,3.19679936,0.03563091,0.37948309,0.01794939,0.56582279,1.44827555,2.53457470
3.95897949,3.12052763,0.03545253,0.36093926,0.01776779,0.55446041,1.40638278,2.47876797
3.96498249,3.04324450,0.03518008,0.34395822,0.01753477,0.54198441,1.36286722,2.42162924
3.97098549,2.96563489,0.03481933,0.32851410,0.01725508,0.52857572,1.31795768,2.36378538
3.97698849,2.88853385,0.03437990,0.31458173,0.01693496,0.51445303,1.27199106,2.30598385
3.98299150,2.81288783,0.03387488,0.30213559,0.01658183,0.49986392,1.22539676,2.24906090
3.98899450,2.73971195,0.03332028,0.29114828,0.01620402,0.48507532,1.17867829,2.19390668
3.99499750,2.67004585,0.03273448,0.28158861,0.01581046,0.47036374,1.13239322,2.14142908
4.00100050,2.60491039,0.03213754,0.27341961,0.01541031,0.45600585,1.08713228,2.09251829
4.00700350,2.54526746,0.03155055,0.26659675,0.01501269,0.44226959,1.04349881,2.04801371
4.01300650,2.49198485,0.03099503,0.26106649,0.01462641,0.42940637,1.00208932,2.00867489
4.01900950,2.44580759,0.03049222,0.25676538,0.01425969,0.41764452,0.96347591,1.97515753
4.02501251,2.40733682,0.03006260,0.25361981,0.01391995,0.40718415,0.92819121,1.94799545
4.03101551,2.37701663,0.02972533,0.25154652,0.01361372,0.39819356,0.89671612,1.92758878
4.03701851,2.35512883,0.02949788,0.25045372,0.01334648,0.39080712,0.86947052,1.91419859
4.04302151,2.34179518,0.02939563,0.25024292,0.01312261,0.38512464,0.84680711,1.90794719
4.04902451,2.33698591,0.02943163,0.25081132,0.01294545,0.38121184,0.82900789,1.90882377
4.05502751,2.34053350,0.02961641,0.25205442,0.01281727,0.37910197,0.81628334,1.91669402
4.06103052,2.35214999,0.02995784,0.25386906,0.01273938,0.37879809,0.80877346,1.93131285
4.06703352,2.37144638,0.03046100,0.25615624,0.01271224,0.38027585,0.80655058,1.95233893
4.07303652,2.39795239,0.03112821,0.25882388,0.01273554,0.38348657,0.80962311,1.97934979
4.07903952,2.43113541,0.03195897,0.26178918,0.01280833,0.38836015,0.81793996,2.01185657
4.08504252,2.47041724,0.03294995,0.26498046,0.01292916,0.39480793,0.83139510,2.04931757
4.09104552,2.51518803,0.03409507,0.26833836,0.01309616,0.40272506,0.84983204,2.09114999
4.09704852,2.56481673,0.03538552,0.27181636,0.01330716,0.41199260,0.87304791,2.13673953
4.10305153,2.61865823,0.03680983,0.27538060,0.01355973,0.42247908,0.90079705,2.18544797
4.10905453,2.67605732,0.03835393,0.27900900,0.01385127,0.43404170,0.93279421,2.23661885
4.11505753,2.73635008,0.04000136,0.28268977,0.01417906,0.44652733,0.96871735,2.28958187
4.12106053,2.79886356,0.04173337,0.28641944,0.01454022,0.45977327,1.00821030,2.34365640
4.12706353,2.86291480,0.04352914,0.29020053,0.01493180,0.47360803,1.05088542,2.39815510
4.13306653,2.92780995,0.04536613,0.29403901,0.01535070,0.48785238,1.09632669,2.45238797
4.13906953,2.99284478,0.04722034,0.29794180,0.01579371,0.50232057,1.14409314,2.50566777
4.14507254,3.05730700,0.04906676,0.30191431,0.01625750,0.51682211,1.19372320,2.55731701
4.15107554,3.12048126,0.05087982,0.30595836,0.01673856,0.53116396,1.24473968,2.60667680
4.15707854,3.18165694,0.05263392,0.31007050,0.01723327,0.54515328,1.29665582,2.65311762
4.16308154,3.24013872,0.05430396,0.31424076,0.01773786,0.55860074,1.34898194,2.69605170
4.16908454,3.29525972,0.05586593,0.31845212,0.01824842,0.57132411,1.40123292,2.73494651
4.17508754,3.34639641,0.05729746,0.32268043,0.01876093,0.58315226,1.45293595,2.76933874
4.18109055,3.39298469,0.05857842,0.32689504,0.01927131,0.59392918,1.50363848,2.79884787
4.18709355,3.43453599,0.05969135,0.33105990,0.01977541,0.60351797,1.55291592,2.82318857
4.19309655,3.47065240,0.06062200,0.33513517,0.02026911,0.61180443,1.60037874,2.84218084
4.19909955,3.50103981,0.06135957,0.33907913,0.02074831,0.61870022,1.64567862,2.85575726
4.20510255,3.52551815,0.06189706,0.34285046,0.02120903,0.62414530,1.68851342,2.86396658
4.21110555,3.54402784,0.06223134,0.34641051,0.02164743,0.62810949,1.72863067,2.86697322
4.21710855,3.55663217,0.06236321,0.34972564,0.02205984,0.63059305,1.76582945,2.86505249
4.22311156,3.56351502,0.06229725,0.35276943,0.02244286,0.63162638,1.79996067,2.85858149
4.22911456,3.56497434,0.06204163,0.35552458,0.02279338,0.63126852,1.83092581,2.84802622
4.23511756,3.56141147,0.06160775,0.35798455,0.02310860,0.62960493,1.85867425,2.83392529
4.24112056,3.55331691,0.06100985,0.36015464,0.02338610,0.62674431,1.88319959,2.81687118
4.24712356,3.54125356,0.06026448,0.36205271,0.02362387,0.62281484,1.90453513,2.79748994
4.25312656,3.52583813,0.05939001,0.36370933,0.02382037,0.61796002,1.92274902,2.77642054
4.25912956,3.50772186,0.05840598,0.36516734,0.02397452,0.61233419,1.93793944,2.75429468
4.26513257,3.48757165,0.05733259,0.36648101,0.02408579,0.60609816,1.95023016,2.73171844
4.27113557,3.46605239,0.05619013,0.36771464,0.02415421,0.59941488,1.95976667,2.70925634
4.27713857,3.44381139,0.05499844,0.36894081,0.02418043,0.59244568,1.96671337,2.68741866
4.28314157,3.42146541,0.05377647,0.37023822,0.02416572,0.58534676,1.97125156,2.66665252
4.28914457,3.39959068,0.05254187,0.37168935,0.02411202,0.57826651,1.97357848,2.64733677
4.29514757,3.37871593,0.05131067,0.37337795,0.02402196,0.57134320,1.97390712,2.62978062
4.30115058,3.35931830,0.05009708,0.37538641,0.02389885,0.56470344,1.97246646,2.61422577
4.30715358,3.34182163,0.04891328,0.37779328,0.02374668,0.55846104,1.96950204,2.60085128
4.31315658,3.32659666,0.04776941,0.38067083,0.02357009,0.55271631,1.96527603,2.58978060
4.31915958,3.31396239,0.04667351,0.38408287,0.02337431,0.54755568,1.96006681,2.58108974
4.32516258,3.30418796,0.04563165,0.38808287,0.02316509,0.54305143,1.95416724,2.57481583
4.33116558,3.29749426,0.04464800,0.39271250,0.02294859,0.53926151,1.94788161,2.57096519
4.33716858,3.29405494,0.04372505,0.39800049,0.02273123,0.53622925,1.94152080,2.56952017
4.34317159,3.29399632,0.04286379,0.40396210,0.02251959,0.53398300,1.93539578,2.57044432
4.34917459,3.29739621,0.04206394,0.41059905,0.02232020,0.53253565,1.92980943,2.57368564
4.35517759,3.30428171,0.04132426,0.41789995,0.02213935,0.53188403,1.92504700,2.57917774
4.36118059,3.31462651,0.04064275,0.42584132,0.02198296,0.53200836,1.92136574,2.58683937
4.36718359,3.32834823,0.04001698,0.43438918,0.02185637,0.53287181,1.91898432,2.59657261
4.37318659,3.34530667,0.03944436,0.44350098,0.02176422,0.53442038,1.91807263,2.60826053
4.37918959,3.36530373,0.03892242,0.45312814,0.02171031,0.53658322,1.91874306,2.62176500
4.38519260,3.38808603,0.03844910,0.46321882,0.02169755,0.53927361,1.92104371,2.63692553
4.39119560,3.41335079,0.03802301,0.47372094,0.02172795,0.54239070,1.92495451,2.65355991
4.39719860,3.44075560,0.03764373,0.48458538,0.02180264,0.54582215,1.93038667,2.67146717
4.40320160,3.46993226,0.03731204,0.49576900,0.02192203,0.54944763,1.93718595,2.69043348
4.40920460,3.50050457,0.03703014,0.50723751,0.02208591,0.55314328,1.94513973,2.71024089
4.41520760,3.53210938,0.03680188,0.51896785,0.02229378,0.55678680,1.95398789,2.73067880
4.42121061,3.56442008,0.03663289,0.53094996,0.02254505,0.56026322,1.96343688,2.75155765
4.42721361,3.59717113,0.03653066,0.54318776,0.02283940,0.56347087,1.97317637,2.77272399
4.43321661,3.63018189,0.03650461,0.55569907,0.02317713,0.56632737,1.98289754,2.79407566
4.43921961,3.66337800,0.03656596,0.56851451,0.02355944,0.56877514,1.99231164,2.81557599
4.44522261,3.69680834,0.03672763,0.58167516,0.02398877,0.57078622,2.00116792,2.83726547
4.45122561,3.73065582,0.03700393,0.59522912,0.02446901,0.57236577,2.00926929,2.85926954
4.45722861,3.76524023,0.03741018,0.60922687,0.02500567,0.57355425,2.01648481,2.88180134
4.46323162,3.80101225,0.03796220,0.62371573,0.02560593,0.57442773,2.02275781,2.90515838
4.46923462,3.83853755,0.03867568,0.63873359,0.02627858,0.57509627,2.02810890,2.92971250
4.47523762,3.87847128,0.03956546,0.65430215,0.02703380,0.57570039,2.03263353,2.95589312
4.48124062,3.92152331,0.04064475,0.67042016,0.02788285,0.57640545,2.03649379,2.98416387
4.48724362,3.96841551,0.04192421,0.68705700,0.02883755,0.57739443,2.03990504,3.01499366
4.49324662,4.01983308,0.04341114,0.70414695,0.02990973,0.57885912,2.04311781,3.04882334
4.49924962,4.07637227,0.04510856,0.72158476,0.03111051,0.58099029,2.04639614,3.08602974
4.50525263,4.13848737,0.04701446,0.73922270,0.03244952,0.58396720,2.04999360,3.12688916
4.51125563,4.20644009,0.04912110,0.75686953,0.03393414,0.58794712,2.05412858,3.17154243
4.51725863,4.28025440,0.05141449,0.77429156,0.03556862,0.59305532,2.05896034,3.21996389
4.52326163,4.35967981,0.05387406,0.79121601,0.03735339,0.59937605,2.06456756,3.27193638
4.52926463,4.44416573,0.05647257,0.80733652,0.03928440,0.60694513,2.07093077,3.32703417
4.53526763,4.53284894,0.05917631,0.82232081,0.04135253,0.61574451,2.07791987,3.38461526
4.54127064,4.62455554,0.06194551,0.83582016,0.04354331,0.62569907,2.08528791,3.44382410
4.54727364,4.71781798,0.06473510,0.84748035,0.04583676,0.63667606,2.09267147,3.50360500
4.55327664,4.81090683,0.06749568,0.85695354,0.04820743,0.64848700,2.09959791,3.56272614
4.55927964,4.90187639,0.07017476,0.86391066,0.05062481,0.66089226,2.10549931,3.61981318
4.56528264,4.98862193,0.07271820,0.86805356,0.05305379,0.67360788,2.10973231,3.67339117
4.57128564,5.06894639,0.07507173,0.86912648,0.05545553,0.68631447,2.11160290,3.72193275
4.57728864,5.14063314,0.07718264,0.86692625,0.05778843,0.69866773,2.11039494,3.76391049
4.58329165,5.20152160,0.07900141,0.86131057,0.06000925,0.71031009,2.10540071,3.79785068
4.58929465,5.24958214,0.08048331,0.85220429,0.06207441,0.72088298,2.09595206,3.82238619
4.59529765,5.28298680,0.08158985,0.83960308,0.06394133,0.73003906,2.08145044,3.83630581
4.60130065,5.30017266,0.08229006,0.82357456,0.06556974,0.73745405,2.06139428,3.83859775
4.60730365,5.29989516,0.08256147,0.80425676,0.06692302,0.74283747,2.03540245,3.82848550
4.61330665,5.28126922,0.08239084,0.78185407,0.06796935,0.74594204,2.00323258,3.80545454
4.61930965,5.24379666,0.08177454,0.75663095,0.06868275,0.74657125,1.96479357,3.76926887
4.62531266,5.18737933,0.08071861,0.72890366,0.06904391,0.74458495,1.92015179,3.71997706
4.63131566,5.11231784,0.07923843,0.69903054,0.06904082,0.73990281,1.86953083,3.65790798
4.63731866,5.01929656,0.07735816,0.66740125,0.06866905,0.73250556,1.81330507,3.58365672
4.64332166,4.90935644,0.07510984,0.63442544,0.06793190,0.72243420,1.75198768,3.49806188
4.64932466,4.78385709,0.07253227,0.60052145,0.06684017,0.70978721,1.68621359,3.40217561
4.65532766,4.64443065,0.06966968,0.56610541,0.06541175,0.69471610,1.61671869,3.29722806
4.66133067,4.49292941,0.06657037,0.53158114,0.06367100,0.67741950,1.54431609,3.18458800
4.66733367,4.33137004,0.06328513,0.49733128,0.06164792,0.65813618,1.46987079,3.06572143
4.67333667,4.16187633,0.05986586,0.46370973,0.05937713,0.63713728,1.39427366,2.94214985
4.67933967,3.98662293,0.05636407,0.43103572,0.05689689,0.61471810,1.31841605,2.81540980
4.68534267,3.80778183,0.05282958,0.39958946,0.05424791,0.59118979,1.24316571,2.68701497
4.69134567,3.62747307,0.04930940,0.36960939,0.05147225,0.56687115,1.16934500,2.55842191
4.69734867,3.44772096,0.04584668,0.34129093,0.04861223,0.54208087,1.09771188,2.43100019
4.70335168,3.27041647,0.04247995,0.31478656,0.04570941,0.51713029,1.02894419,2.30600739
4.70935468,3.09728635,0.03924257,0.29020708,0.04280363,0.49231698,0.96362737,2.18456929
4.71535768,2.92986902,0.03616231,0.26762379,0.03993226,0.46791907,0.90224591,2.06766514
4.72136068,2.76949706,0.03326127,0.24707133,0.03712949,0.44419060,0.84517813,1.95611792
4.72736368,2.61728610,0.03055583,0.22855103,0.03442586,0.42135768,0.79269449,1.85058919
4.73336668,2.47412954,0.02805688,0.21203451,0.03184784,0.39961573,0.74495888,1.75157822
4.73936968,2.34069857,0.02577017,0.19746739,0.02941766,0.37912755,0.70203266,1.65942484
4.74537269,2.21744696,0.02369672,0.18477288,0.02715318,0.36002233,0.66388105,1.57431559
4.75137569,2.10462004,0.02183341,0.17385531,0.02506796,0.34239547,0.63038152,1.49629273
4.75737869,2.00226726,0.02017352,0.16460340,0.02317139,0.32630926,0.60133367,1.42526559
4.76338169,1.91025799,0.01870740,0.15689320,0.02146896,0.31179420,0.57647034,1.36102390
4.76938469,1.82829984,0.01742308,0.15059093,0.01996256,0.29885106,0.55546946,1.30325277
4.77538769,1.75595935,0.01630693,0.14555546,0.01865091,0.28745342,0.53796637,1.25154885
4.78139070,1.69268423,0.01534423,0.14164067,0.01752998,0.27755080,0.52356630,1.20543739
4.78739370,1.63782711,0.01451976,0.13869762,0.01659346,0.26907214,0.51185659,1.16438987
4.79339670,1.59066989,0.01381827,0.13657667,0.01583331,0.26192954,0.50241855,1.12784177
4.79939970,1.55044849,0.01322493,0.13512947,0.01524023,0.25602226,0.49483856,1.09521018
4.80540270,1.51637720,0.01272569,0.13421096,0.01480419,0.25124066,0.48871825,1.06591085
4.81140570,1.48767222,0.01230760,0.13368131,0.01451496,0.24747018,0.48368356,1.03937419
4.81740870,1.46357359,0.01195900,0.13340786,0.01436256,0.24459510,0.47939244,1.01505998
4.82341171,1.44336499,0.01166968,0.13326691,0.01433769,0.24250191,0.47554116,0.99247029
4.82941471,1.42639085,0.01143097,0.13314548,0.01443219,0.24108234,0.47186895,0.97116030
4.83541771,1.41207021,0.01123572,0.13294293,0.01463934,0.24023586,0.46816113,0.95074677
4.84142071,1.39990691,0.01107831,0.13257226,0.01495413,0.23987154,0.46425042,0.93091391
4.84742371,1.38949589,0.01095448,0.13196123,0.01537350,0.23990931,0.46001680,0.91141652
4.85342671,1.38052538,0.01086127,0.13105311,0.01589640,0.24028056,0.45538566,0.89208044
4.85942971,1.37277521,0.01079678,0.12980709,0.01652389,0.24092813,0.45032471,0.87280034
4.86543272,1.36611117,0.01076001,0.12819820,0.01725899,0.24180566,0.44483953,0.85353515
4.87143572,1.36047616,0.01075067,0.12621690,0.01810658,0.24287646,0.43896821,0.83430130
4.87743872,1.35587834,0.01076892,0.12386822,0.01907307,0.24411203,0.43277526,0.81516428
4.88344172,1.35237726,0.01081523,0.12117048,0.02016610,0.24549019,0.42634504,0.79622892
4.88944472,1.35006839,0.01089014,0.11815366,0.02139408,0.24699317,0.41977508,0.77762890
4.89544772,1.34906722,0.01099409,0.11485757,0.02276568,0.24860563,0.41316946,0.75951598
4.90145073,1.34949331,0.01112734,0.11132970,0.02428923,0.25031282,0.40663267,0.74204945
4.90745373,1.35145538,0.01128976,0.10762300,0.02597218,0.25209895,0.40026401,0.72538627
4.91345673,1.35503786,0.01148085,0.10379362,0.02782040,0.25394590,0.39415284,0.70967222
4.91945973,1.36028952,0.01169960,0.09989866,0.02983759,0.25583229,0.38837480,0.69503439
4.92546273,1.36721450,0.01194452,0.09599414,0.03202467,0.25773299,0.38298891,0.68157518
4.93146573,1.37576599,0.01221359,0.09213303,0.03437922,0.25961898,0.37803587,0.66936801
4.93746873,1.38584257,0.01250435,0.08836371,0.03689499,0.26145764,0.37353726,0.65845451
4.94347174,1.39728714,0.01281386,0.08472859,0.03956154,0.26321329,0.36949560,0.64884336
4.94947474,1.40988825,0.01313878,0.08126312,0.04236391,0.26484800,0.36589531,0.64051045
4.95547774,1.42338337,0.01347544,0.07799515,0.04528248,0.26632253,0.36270418,0.63340017
4.96148074,1.43746390,0.01381984,0.07494461,0.04829300,0.26759727,0.35987540,0.62742774
4.96748374,1.45178141,0.01416771,0.07212345,0.05136669,0.26863318,0.35734979,0.62248201
4.97348674,1.46595478,0.01451460,0.06953596,0.05447054,0.26939260,0.35505826,0.61842888
4.97948974,1.47957777,0.01485584,0.06717920,0.05756778,0.26983984,0.35292418,0.61511483
4.98549275,1.49222695,0.01518663,0.06504377,0.06061849,0.26994163,0.35086575,0.61237057
4.99149575,1.50346960,0.01550205,0.06311459,0.06358031,0.26966732,0.34879810,0.61001461
4.99749875,1.51287147,0.01579706,0.06137187,0.06640935,0.26898889,0.34663524,0.60785679
5.00350175,1.52000453,0.01606660,0.05979212,0.06906110,0.26788083,0.34429179,0.60570161
5.00950475,1.52445443,0.01630556,0.05834919,0.07149155,0.26631997,0.34168450,0.60335157
5.01550775,1.52582791,0.01650891,0.05701526,0.07365820,0.26428527,0.33873357,0.60061042
5.02151076,1.52376020,0.01667171,0.05576184,0.07552121,0.26175767,0.33536402,0.59728643
5.02751376,1.51792230,0.01678921,0.05456072,0.07704443,0.25872006,0.33150680,0.59319583
5.03351676,1.50802827,0.01685698,0.05338477,0.07819644,0.25515753,0.32710009,0.58816626
5.03951976,1.49384247,0.01687101,0.05220877,0.07895147,0.25105767,0.32209057,0.58204042
5.04552276,1.47518646,0.01682783,0.05101005,0.07929013,0.24641125,0.31643467,0.57467982
5.05152576,1.45194562,0.01672466,0.04976904,0.07920010,0.24121301,0.31009995,0.56596848
5.05752876,1.42407499,0.01655956,0.04846981,0.07867649,0.23546264,0.30306651,0.55581658
5.06353177,1.39160421,0.01633150,0.04710033,0.07772210,0.22916588,0.29532820,0.54416386
5.06953477,1.35464115,0.01604057,0.04565280,0.07634742,0.22233565,0.28689391,0.53098256
5.07553777,1.31337392,0.01568798,0.04412377,0.07457040,0.21499305,0.27778851,0.51627978
5.08154077,1.26807106,0.01527617,0.04251411,0.07241602,0.20716829,0.26805358,0.50009907
5.08754377,1.21907960,0.01480886,0.04082901,0.06991566,0.19890131,0.25774779,0.48252107
5.09354677,1.16682090,0.01429097,0.03907775,0.06710627,0.19024213,0.24694679,0.46366316
5.09954977,1.11178428,0.01372864,0.03727344,0.06402940,0.18125083,0.23574270,0.44367795
5.10555278,1.05451848,0.01312912,0.03543261,0.06073014,0.17199706,0.22424302,0.42275067
5.11155578,0.99562118,0.01250062,0.03357481,0.05725591,0.16255929,0.21256910,0.40109552
5.11755878,0.93572687,0.01185216,0.03172210,0.05365533,0.15302349,0.20085407,0.37895099
5.12356178,0.87549352,0.01119340,0.02989842,0.04997696,0.14348164,0.18924041,0.35657444
5.12956478,0.81558846,0.01053439,0.02812905,0.04626826,0.13402983,0.17787705,0.33423597
5.13556778,0.75667397,0.00988540,0.02643996,0.04257448,0.12476624,0.16691627,0.31221193
5.14157079,0.69939322,0.00925661,0.02485718,0.03893776,0.11578896,0.15651038,0.29077828
5.14757379,0.64435691,0.00865794,0.02340616,0.03539638,0.10719385,0.14680835,0.27020396
5.15357679,0.59213107,0.00809884,0.02211121,0.03198412,0.09907240,0.13795235,0.25074459
5.15957979,0.54322652,0.00758801,0.02099486,0.02872986,0.09150979,0.13007459,0.23263669
5.16558279,0.49809021,0.00713332,0.02007742,0.02565734,0.08458321,0.12329416,0.21609251
5.17158579,0.45709856,0.00674158,0.01937645,0.02278506,0.07836039,0.11771430,0.20129570
5.17758879,0.42055306,0.00641843,0.01890635,0.02012638,0.07289849,0.11341997,0.18839789
5.18359180,0.38867798,0.00616827,0.01867807,0.01768976,0.06824341,0.11047583,0.17751620
5.18959480,0.36162024,0.00599418,0.01869879,0.01547914,0.06442930,0.10892469,0.16873171
5.19559780,0.33945116,0.00589790,0.01897176,0.01349435,0.06147856,0.10878642,0.16208894
5.20160080,0.32216999,0.00587979,0.01949620,0.01173163,0.05940207,0.11005740,0.15759615
5.20760380,0.30970884,0.00593894,0.02026724,0.01018424,0.05819971,0.11271052,0.15522657
5.21360680,0.30193883,0.00607314,0.02127605,0.00884299,0.05786116,0.11669566,0.15492033
5.21960980,0.29867715,0.00627903,0.02250997,0.00769686,0.05836683,0.12194072,0.15658709
5.22561281,0.29969458,0.00655216,0.02395273,0.00673348,0.05968890,0.12835318,0.16010920
5.23161581,0.30472342,0.00688715,0.02558482,0.00593969,0.06179251,0.13582209,0.16534528
5.23761881,0.31346533,0.00727781,0.02738385,0.00530194,0.06463688,0.14422050,0.17213415
5.24362181,0.32559893,0.00771729,0.02932505,0.00480666,0.06817639,0.15340826,0.18029895
5.24962481,0.34078692,0.00819822,0.03138178,0.00444058,0.07236161,0.16323513,0.18965133
5.25562781,0.35868242,0.00871293,0.03352608,0.00419096,0.07714012,0.17354396,0.19999555
5.26163082,0.37893453,0.00925354,0.03572923,0.00404571,0.08245722,0.18417411,0.21113247
5.26763382,0.40119283,0.00981214,0.03796233,0.00399350,0.08825638,0.19496469,0.22286318
5.27363682,0.42511075,0.01038092,0.04019686,0.00402378,0.09447950,0.20575774,0.23499228
5.27963982,0.45034791,0.01095229,0.04240512,0.00412675,0.10106692,0.21640108,0.24733064
5.28564282,0.47657126,0.01151897,0.04456072,0.00429333,0.10795729,0.22675081,0.25969766
5.29164582,0.50345526,0.01207408,0.04663888,0.00451498,0.11508720,0.23667337,0.27192288
5.29764882,0.53068123,0.01261117,0.04861670,0.00478369,0.12239070,0.24604706,0.28384702
5.30365183,0.55793594,0.01312426,0.05047333,0.00509177,0.12979884,0.25476303,0.29532247
5.30965483,0.58490996,0.01360785,0.05219005,0.00543177,0.13723909,0.26272572,0.30621330
5.31565783,0.61129576,0.01405690,0.05375023,0.00579637,0.14463496,0.26985287,0.31639474
5.32166083,0.63678621,0.01446679,0.05513928,0.00617828,0.15190576,0.27607498,0.32575254
5.32766383,0.66107347,0.01483333,0.05634451,0.00657019,0.15896660,0.28133458,0.33418206
5.33366683,0.68384891,0.01515267,0.05735496,0.00696472,0.16572877,0.28558522,0.34158740
5.33966983,0.70480399,0.01542132,0.05816128,0.00735444,0.17210045,0.28879039,0.34788073
5.34567284,0.72363258,0.01563609,0.05875557,0.00773193,0.17798783,0.29092247,0.35298181
5.35167584,0.74003457,0.01579412,0.05913130,0.00808983,0.18329671,0.29196189,0.35681794
5.35767884,0.75372087,0.01589289,0.05928326,0.00842095,0.18793441,0.29189644,0.35932439
5.36368184,0.76441972,0.01593024,0.05920761,0.00871841,0.19181207,0.29072101,0.36044525
5.36968484,0.77188386,0.01590444,0.05890197,0.00897578,0.19484715,0.28843753,0.36013471
5.37568784,0.77589852,0.01581426,0.05836556,0.00918727,0.19696611,0.28505534,0.35835878
5.38169085,0.77628944,0.01565904,0.05759945,0.00934785,0.19810704,0.28059177,0.35509720
5.38769385,0.77293078,0.01543879,0.05660675,0.00945343,0.19822221,0.27507290,0.35034543
5.39369685,0.76575219,0.01515426,0.05539286,0.00950096,0.19728026,0.26853443,0.34411663
5.39969985,0.75474458,0.01480703,0.05396570,0.00948857,0.19526799,0.26102253,0.33644335
5.40570285,0.73996421,0.01439955,0.05233586,0.00941564,0.19219166,0.25259444,0.32737870
5.41170585,0.72153474,0.01393516,0.05051669,0.00928278,0.18807754,0.24331890,0.31699708
5.41770885,0.69964685,0.01341811,0.04852430,0.00909187,0.18297187,0.23327611,0.30539405
5.42371186,0.67455555,0.01285352,0.04637747,0.00884601,0.17694001,0.22255729,0.29268547
5.42971486,0.64657498,0.01224728,0.04409740,0.00854938,0.17006494,0.21126371,0.27900585
5.43571786,0.61607099,0.01160600,0.04170738,0.00820713,0.16244510,0.19950529,0.26450583
5.44172086,0.58345177,0.01093680,0.03923235,0.00782522,0.15419165,0.18739867,0.24934904
5.44772386,0.54915694,0.01024721,0.03669841,0.00741024,0.14542531,0.17506492,0.23370834
5.45372686,0.51364560,0.00954497,0.03413219,0.00696917,0.13627294,0.16262699,0.21776163
5.45972986,0.47738387,0.00883785,0.03156027,0.00650920,0.12686395,0.15020696,0.20168747
5.46573287,0.44083246,0.00813342,0.02900850,0.00603753,0.11732676,0.13792325,0.18566070
5.47173587,0.40443487,0.00743893,0.02650147,0.00556113,0.10778541,0.12588795,0.16984819
5.47773887,0.36860665,0.00676109,0.02406190,0.00508661,0.09835652,0.11420432,0.15440500
5.48374187,0.33372619,0.00610597,0.02171019,0.00462004,0.08914667,0.10296472,0.13947106
5.48974487,0.30012723,0.00547884,0.01946403,0.00416683,0.08025025,0.09224885,0.12516846
5.49574787,0.26809348,0.00488413,0.01733812,0.00373165,0.07174792,0.08212251,0.11159958
5.50175088,0.23785523,0.00432535,0.01534402,0.00331836,0.06370567,0.07263695,0.09884586
5.50775388,0.20958806,0.00380508,0.01349008,0.00293001,0.05617441,0.06382859,0.08696744
5.51375688,0.18341352,0.00332499,0.01178152,0.00256880,0.04919009,0.05571937,0.07600350
5.51975988,0.15940148,0.00288589,0.01022057,0.00223616,0.04277440,0.04831744,0.06597324
5.52576288,0.13757396,0.00248777,0.00880671,0.00193278,0.03693576,0.04161831,0.05687744
5.53176588,0.11791011,0.00212994,0.00753697,0.00165869,0.03167071,0.03560623,0.04870042
5.53776888,0.10035201,0.00181106,0.00640630,0.00141334,0.02696546,0.03025582,0.04141238
5.54377189,0.08481090,0.00152930,0.00540788,0.00119570,0.02279763,0.02553380,0.03497183
5.54977489,0.07117365,0.00128242,0.00453360,0.00100437,0.01913801,0.02140077,0.02932813
5.55577789,0.05930906,0.00106793,0.00377434,0.00083763,0.01595229,0.01781298,0.02442400
5.56178089,0.04907385,0.00088310,0.00312040,0.00069359,0.01320271,0.01472393,0.02019786
5.56778389,0.04031813,0.00072515,0.00256176,0.00057022,0.01084957,0.01208591,0.01658598
5.57378689,0.03289018,0.00059127,0.00208842,0.00046544,0.00885251,0.00985129,0.01352432
5.57978989,0.02664053,0.00047871,0.00169059,0.00037719,0.00717170,0.00797361,0.01095017
5.58579290,0.02142524,0.00038485,0.00135891,0.00030349,0.00576866,0.00640851,0.00880342
5.59179590,0.01710845,0.00030721,0.00108461,0.00024245,0.00460705,0.00511437,0.00702750
5.59779890,0.01356422,0.00024349,0.00085956,0.00019229,0.00365311,0.00405278,0.00557010
5.60380190,0.01067762,0.00019162,0.00067638,0.00015142,0.00287602,0.00318885,0.00438364
5.60980490,0.00834539,0.00014973,0.00052847,0.00011838,0.00224806,0.00249132,0.00342540
5.61580790,0.00647604,0.00011617,0.00040997,0.00009189,0.00174466,0.00193256,0.00265759
5.62181091,0.00498954,0.00008948,0.00031578,0.00007081,0.00134430,0.00148848,0.00204721
5.62781391,0.00381679,0.00006844,0.00024150,0.00005418,0.00102841,0.00113830,0.00156578
5.63381691,0.00289881,0.00005197,0.00018338,0.00004116,0.00078111,0.00086430,0.00118903
5.63981991,0.00218587,0.00003918,0.00013825,0.00003104,0.00058904,0.00065158,0.00089648
5.64582291,0.00163648,0.00002933,0.00010349,0.00002324,0.00044101,0.00048772,0.00067109
5.65182591,0.00121640,0.00002180,0.00007691,0.00001728,0.00032782,0.00036245,0.00049877
5.65782891,0.00089768,0.00001609,0.00005675,0.00001275,0.00024194,0.00026744,0.00036805
5.66383192,0.00065772,0.00001179,0.00004158,0.00000934,0.00017727,0.00019592,0.00026965
5.66983492,0.00047846,0.00000857,0.00003024,0.00000680,0.00012896,0.00014251,0.00019614
5.67583792,0.00034556,0.00000619,0.00002184,0.00000491,0.00009314,0.00010291,0.00014165
5.68184092,0.00024778,0.00000444,0.00001566,0.00000352,0.00006679,0.00007378,0.00010157
5.68784392,0.00017640,0.00000316,0.00001115,0.00000251,0.00004755,0.00005252,0.00007230
5.69384692,0.00012468,0.00000223,0.00000788,0.00000177,0.00003361,0.00003712,0.00005110
5.69984992,0.00008749,0.00000157,0.00000553,0.00000124,0.00002359,0.00002605,0.00003586
5.70585293,0.00006096,0.00000109,0.00000385,0.00000087,0.00001643,0.00001815,0.00002498
5.71185593,0.00004216,0.00000076,0.00000266,0.00000060,0.00001137,0.00001255,0.00001728
5.71785893,0.00002896,0.00000052,0.00000183,0.00000041,0.00000781,0.00000862,0.00001187
5.72386193,0.00001974,0.00000035,0.00000125,0.00000028,0.00000532,0.00000588,0.00000809
5.72986493,0.00001336,0.00000024,0.00000084,0.00000019,0.00000360,0.00000398,0.00000548
5.73586793,0.00000898,0.00000016,0.00000057,0.00000013,0.00000242,0.00000267,0.00000368
5.74187094,0.00000599,0.00000011,0.00000038,0.00000009,0.00000162,0.00000178,0.00000246
5.74787394,0.00000397,0.00000007,0.00000025,0.00000006,0.00000107,0.00000118,0.00000163
5.75387694,0.00000261,0.00000005,0.00000016,0.00000004,0.00000070,0.00000078,0.00000107
5.75987994,0.00000171,0.00000003,0.00000011,0.00000002,0.00000046,0.00000051,0.00000070
5.76588294,0.00000111,0.00000002,0.00000007,0.00000002,0.00000030,0.00000033,0.00000045
5.77188594,0.00000071,0.00000001,0.00000004,0.00000001,0.00000019,0.00000021,0.00000029
5.77788894,0.00000045,0.00000001,0.00000003,0.00000001,0.00000012,0.00000014,0.00000019
5.78389195,0.00000029,0.00000001,0.00000002,0.00000000,0.00000008,0.00000009,0.00000012
5.78989495,0.00000018,0.00000000,0.00000001,0.00000000,0.00000005,0.00000005,0.00000007
5.79589795,0.00000011,0.00000000,0.00000001,0.00000000,0.00000003,0.00000003,0.00000005
5.80190095,0.00000007,0.00000000,0.00000000,0.00000000,0.00000002,0.00000002,0.00000003
5.80790395,0.00000004,0.00000000,0.00000000,0.00000000,0.00000001,0.00000001,0.00000002
5.81390695,0.00000003,0.00000000,0.00000000,0.00000000,0.00000001,0.00000001,0.00000001
5.81990995,0.00000002,0.00000000,0.00000000,0.00000000,0.00000000,0.00000000,0.00000001
5.82591296,0.00000001,0.00000000,0.00000000,0.00000000,0.00000000,0.00000000,0.00000000
5.83191596,0.00000001,0.00000000,0.00000000,0.00000000,0.00000000,0.00000000,0.00000000
5.83791896,0.00000000,0.00000000,0.00000000,0.00000000,0.00000000,0.00000000,0.00000000
5.84392196,0.00000000,0.00000000,0.00000000,0.00000000,0.00000000,0.00000000,0.00000000
5.84992496,0.00000000,0.00000000,0.00000000,0.00000000,0.00000000,0.00000000,0.00000000
5.85592796,0.00000000,0.00000000,0.00000000,0.00000000,0.00000000,0.00000000,0.00000000
5.86193097,0.00000000,0.00000000,0.00000000,0.00000000,0.00000000,0.00000000,0.00000000
5.86793397,0.00000000,0.00000000,0.00000000,0.00000000,0.00000000,0.00000000,0.00000000
5.87393697,0.00000000,0.00000000,0.00000000,0.00000000,0.00000000,0.00000000,0.00000000
5.87993997,0.00000000,0.00000000,0.00000000,0.00000000,0.00000000,0.00000000,0.00000000
5.88594297,0.00000000,0.00000000,0.00000000,0.00000000,0.00000000,0.00000000,0.00000000
5.89194597,0.00000000,0.00000000,0.00000000,0.00000000,0.00000000,0.00000000,0.00000000
5.89794897,0.00000000,0.00000000,0.00000000,0.00000000,0.00000000,0.00000000,0.00000000
5.90395198,0.00000000,0.00000000,0.00000000,0.00000000,0.00000000,0.00000000,0.00000000
5.90995498,0.00000000,0.00000000,0.00000000,0.00000000,0.00000000,0.00000000,0.00000000
5.91595798,0.00000000,0.00000000,0.00000000,0.00000000,0.00000000,0.00000000,0.00000000
5.92196098,0.00000000,0.00000000,0.00000000,0.00000000,0.00000000,0.00000000,0.00000000
5.92796398,0.00000000,0.00000000,0.00000000,0.00000000,0.00000000,0.00000000,0.00000000
5.93396698,0.00000000,0.00000000,0.00000000,0.00000000,0.00000000,0.00000000,0.00000000
5.93996998,0.00000000,0.00000000,0.00000000,0.00000000,0.00000000,0.00000000,0.00000000
5.94597299,0.00000000,0.00000000,0.00000000,0.00000000,0.00000000,0.00000000,0.00000000
5.95197599,0.00000000,0.00000000,0.00000000,0.00000000,0.00000000,0.00000000,0.00000000
5.95797899,0.00000000,0.00000000,0.00000000,0.00000000,0.00000000,0.00000000,0.00000000
5.96398199,0.00000000,0.00000000,0.00000000,0.00000000,0.00000000,0.00000000,0.00000000
5.96998499,0.00000000,0.00000000,0.00000000,0.00000000,0.00000000,0.00000000,0.00000000
5.97598799,0.00000000,0.00000000,0.00000000,0.00000000,0.00000000,0.00000000,0.00000000
5.98199100,0.00000000,0.00000000,0.00000000,0.00000000,0.00000000,0.00000000,0.00000000
5.98799400,0.00000000,0.00000000,0.00000000,0.00000000,0.00000000,0.00000000,0.00000000
5.99399700,0.00000000,0.00000000,0.00000000,0.00000000,0.00000000,0.00000000,0.00000000
6.00000000,0.00000000,0.00000000,0.00000000,0.00000000,0.00000000,0.00000000,0.00000000
