energy_ev,total_up,C_s_up,C_p_up,Cu_p_up,Cu_d_up,Hg_p_up,Hg_d_up,Se_s_up,Se_p_up
-6.00000000,1.63371021,0.00486859,0.03086281,0.37606496,1.04276442,0.11227876,0.21805840,0.01070370,0.39733081
-5.99399700,1.69340125,0.00519625,0.02847737,0.38017390,1.10246619,0.10728760,0.22060605,0.01095353,0.40799246
-5.98799400,1.76293672,0.00556414,0.02650898,0.38765385,1.16679087,0.10370332,0.22466673,0.01130477,0.42137343
-5.98199100,1.84101694,0.00596513,0.02492888,0.39814413,1.23501469,0.10141083,0.23003744,0.01174491,0.43715306
-5.97598799,1.92612386,0.00639120,0.02370366,0.41122846,1.30627481,0.10027670,0.23649188,0.01225923,0.45495621
-5.96998499,2.01655155,0.00683359,0.02279655,0.42644560,1.37958230,0.10015372,0.24378588,0.01283124,0.47436186
-5.96398199,2.11044212,0.00728297,0.02216865,0.44330082,1.45384004,0.10088548,0.25166298,0.01344305,0.49491287
-5.95797899,2.20582679,0.00772969,0.02178010,0.46127772,1.52786530,0.10231088,0.25986016,0.01407582,0.51612689
-5.95197599,2.30067162,0.00816397,0.02159112,0.47985061,1.60041682,0.10426845,0.26811359,0.01471029,0.53750800
-5.94597299,2.39292712,0.00857618,0.02156296,0.49849694,1.67022595,0.10660040,0.27616451,0.01532728,0.55855921
-5.93996998,2.48058063,0.00895711,0.02165874,0.51670982,1.73603080,0.10915648,0.28376494,0.01590819,0.57879524
-5.93396698,2.56171001,0.00929828,0.02184414,0.53401021,1.79661251,0.11179739,0.29068331,0.01643556,0.59775543
-5.92796398,2.63453703,0.00959212,0.02208798,0.54995853,1.85083218,0.11439779,0.29670986,0.01689354,0.61501629
-5.92196098,2.69747847,0.00983234,0.02236268,0.56416546,1.89766708,0.11684886,0.30166167,0.01726838,0.63020321
-5.91595798,2.74919307,0.01001407,0.02264457,0.57630150,1.93624449,0.11906034,0.30538718,0.01754881,0.64300110
-5.90995498,2.78862221,0.01013416,0.02291411,0.58610500,1.96587160,0.12096191,0.30777008,0.01772641,0.65316315
-5.90395198,2.81502261,0.01019123,0.02315596,0.59338843,1.98606005,0.12250410,0.30873244,0.01779587,0.66051771
-5.89794897,2.82798934,0.01018590,0.02335889,0.59804258,1.99654371,0.12365847,0.30823688,0.01775516,0.66497266
-5.89194597,2.82746792,0.01012078,0.02351569,0.60003848,1.99728881,0.12441727,0.30628786,0.01760560,0.66651716
-5.88594297,2.81375483,0.01000053,0.02362283,0.59942709,1.98849572,0.12479245,0.30293172,0.01735188,0.66522063
-5.87993997,2.78748615,0.00983178,0.02368015,0.59633655,1.97059211,0.12481421,0.29825574,0.01700192,0.66122895
-5.87393697,2.74961460,0.00962307,0.02369043,0.59096722,1.94421778,0.12452905,0.29238600,0.01656668,0.65475809
-5.86793397,2.70137602,0.00938469,0.02365890,0.58358459,1.91020172,0.12399744,0.28548419,0.01605986,0.64608528
-5.86193097,2.64424648,0.00912850,0.02359271,0.57451047,1.86953240,0.12329129,0.27774340,0.01549757,0.63553827
-5.85592796,2.57989217,0.00886772,0.02350046,0.56411258,1.82332280,0.12249120,0.26938306,0.01489791,0.62348304
-5.84992496,2.51011386,0.00861661,0.02339164,0.55279312,1.77277167,0.12168370,0.26064315,0.01428051,0.61031062
-5.84392196,2.43678869,0.00839025,0.02327617,0.54097666,1.71912294,0.12095855,0.25177785,0.01366605,0.59642344
-5.83791896,2.36181145,0.00820419,0.02316401,0.52909773,1.66362502,0.12040617,0.24304885,0.01307578,0.58222199
-5.83191596,2.28703792,0.00807414,0.02306479,0.51758866,1.60749194,0.12011536,0.23471846,0.01253098,0.56809218
-5.82591296,2.21423221,0.00801558,0.02298753,0.50686788,1.55186784,0.12017121,0.22704278,0.01205255,0.55439397
-5.81990995,2.14502029,0.00804346,0.02294048,0.49732914,1.49779634,0.12065347,0.22026507,0.01166046,0.54145168
-5.81390695,2.08085083,0.00817179,0.02293100,0.48933190,1.44619581,0.12163506,0.21460951,0.01137337,0.52954619
-5.80790395,2.02296462,0.00841331,0.02296557,0.48319299,1.39784130,0.12318103,0.21027541,0.01120818,0.51890940
-5.80190095,1.97237306,0.00877908,0.02304983,0.47917986,1.35335362,0.12534774,0.20743214,0.01117966,0.50972072
-5.79589795,1.92984576,0.00927814,0.02318869,0.47750531,1.31319536,0.12818226,0.20621478,0.01130013,0.50210590
-5.78989495,1.89590714,0.00991713,0.02338646,0.47832387,1.27767372,0.13172190,0.20672058,0.01157914,0.49613771
-5.78389195,1.87084119,0.01070000,0.02364704,0.48172972,1.24694933,0.13599397,0.20900634,0.01202321,0.49183851
-5.77788894,1.85470360,0.01162765,0.02397407,0.48775617,1.22105041,0.14101542,0.21308669,0.01263564,0.48918429
-5.77188594,1.84734013,0.01269770,0.02437109,0.49637652,1.19989089,0.14679270,0.21893345,0.01341632,0.48810991
-5.76588294,1.84840999,0.01390426,0.02484163,0.50750641,1.18329172,0.15332149,0.22647581,0.01436167,0.48851518
-5.75987994,1.85741297,0.01523782,0.02538930,0.52100734,1.17100390,0.16058648,0.23560172,0.01546457,0.49027155
-5.75387694,1.87371912,0.01668516,0.02601781,0.53669144,1.16273216,0.16856117,0.24616014,0.01671440,0.49322896
-5.74787394,1.89659978,0.01822945,0.02673091,0.55432729,1.15815823,0.17720771,0.25796430,0.01809720,0.49722274
-5.74187094,1.92525896,0.01985035,0.02753230,0.57364673,1.15696271,0.18647688,0.27079592,0.01959580,0.50208021
-5.73586793,1.95886395,0.02152436,0.02842553,0.59435248,1.15884468,0.19630819,0.28441022,0.02119018,0.50762693
-5.72986493,1.99657451,0.02322517,0.02941378,0.61612644,1.16353830,0.20663023,0.29854180,0.02285782,0.51369237
-5.72386193,2.03756978,0.02492422,0.03049971,0.63863839,1.17082603,0.21736131,0.31291098,0.02457418,0.52011485
-5.71785893,2.08107217,0.02659133,0.03168523,0.66155504,1.18054787,0.22841038,0.32723076,0.02631324,0.52674588
-5.71185593,2.12636789,0.02819545,0.03297132,0.68454894,1.19260660,0.23967838,0.34121397,0.02804813,0.53345362
-5.70585293,2.17282336,0.02970545,0.03435788,0.70730707,1.20696874,0.25105988,0.35458049,0.02975181,0.54012555
-5.69984992,2.21989730,0.03109106,0.03584358,0.72953888,1.22366141,0.26244508,0.36706432,0.03139772,0.54667031
-5.69384692,2.26714798,0.03232366,0.03742578,0.75098321,1.24276520,0.27372216,0.37842025,0.03296053,0.55301872
-5.68784392,2.31423563,0.03337720,0.03910048,0.77141404,1.26440339,0.28477977,0.38842986,0.03441679,0.55912387
-5.68184092,2.36091977,0.03422903,0.04086238,0.79064465,1.28872789,0.29550966,0.39690671,0.03574555,0.56496047
-5.67583792,2.40705162,0.03486057,0.04270486,0.80853001,1.31590252,0.30580939,0.40370044,0.03692888,0.57052326
-5.66983492,2.45256188,0.03525792,0.04462019,0.82496732,1.34608432,0.31558482,0.40869975,0.03795236,0.57582473
-5.66383192,2.49744437,0.03541234,0.04659956,0.83989459,1.37940357,0.32475243,0.41183401,0.03880534,0.58089205
-5.65782891,2.54173624,0.03532046,0.04863326,0.85328739,1.41594353,0.33324127,0.41307365,0.03948112,0.58576339
-5.65182591,2.58549570,0.03498441,0.05071087,0.86515387,1.45572077,0.34099434,0.41242915,0.03997702,0.59048379
-5.64582291,2.62877834,0.03441168,0.05282131,0.87552857,1.49866716,0.34796956,0.40994884,0.04029419,0.59510052
-5.63981991,2.67161335,0.03361486,0.05495298,0.88446503,1.54461447,0.35413996,0.40571562,0.04043742,0.59965842
-5.63381691,2.71398103,0.03261115,0.05709384,0.89202810,1.59328264,0.35949334,0.39984279,0.04041472,0.60419511
-5.62781391,2.75579292,0.03142176,0.05923135,0.89828610,1.64427245,0.36403117,0.39246908,0.04023685,0.60873655
-5.62181091,2.79687601,0.03007123,0.06135253,0.90330364,1.69706353,0.36776708,0.38375334,0.03991682,0.61329298
-5.61580790,2.83696200,0.02858657,0.06344377,0.90713539,1.75101810,0.37072463,0.37386898,0.03946922,0.61785552
-5.60980490,2.87568301,0.02699645,0.06549082,0.90982147,1.80539087,0.37293489,0.36299846,0.03890971,0.62239372
-5.60380190,2.91257397,0.02533035,0.06747857,0.91138468,1.85934501,0.37443369,0.35132805,0.03825439,0.62685405
-5.59779890,2.94708252,0.02361777,0.06939096,0.91182991,1.91197413,0.37525881,0.33904309,0.03751928,0.63115965
-5.59179590,2.97858608,0.02188744,0.07121085,0.91114590,1.96232949,0.37544737,0.32632389,0.03671993,0.63521132
-5.58579290,3.00641577,0.02016674,0.07291998,0.90930916,2.00945176,0.37503337,0.31334240,0.03587102,0.63888975
-5.57978989,3.02988645,0.01848110,0.07449899,0.90629017,2.05240610,0.37404581,0.30025967,0.03498615,0.64205916
-5.57378689,3.04833151,0.01685365,0.07592748,0.90206123,2.09031927,0.37250735,0.28722430,0.03407772,0.64457191
-5.56778389,3.06114097,0.01530492,0.07718433,0.89660575,2.12241714,0.37043363,0.27437154,0.03315693,0.64627432
-5.56178089,3.06780105,0.01385274,0.07824797,0.88992831,2.14806101,0.36783343,0.26182333,0.03223384,0.64701314
-5.55577789,3.06793321,0.01251221,0.07909692,0.88206489,2.16678105,0.36470954,0.24968890,0.03131760,0.64664262
-5.54977489,3.06133063,0.01129582,0.07971036,0.87309261,2.17830516,0.36106040,0.23806591,0.03041671,0.64503178
-5.54377189,3.04799001,0.01021361,0.08006883,0.86313826,2.18258175,0.35688236,0.22704205,0.02953925,0.64207160
-5.53776888,3.02813676,0.00927350,0.08015502,0.85238499,2.17979523,0.35217246,0.21669672,0.02869328,0.63768160
-5.53176588,3.00224187,0.00848153,0.07995457,0.84107662,2.17037283,0.34693157,0.20710288,0.02788710,0.63181580
-5.52576288,2.97102903,0.00784222,0.07945689,0.82951900,2.15498245,0.34116765,0.19832869,0.02712954,0.62446733
-5.51975988,2.93547102,0.00735887,0.07865587,0.81807815,2.13452079,0.33489886,0.19043896,0.02643018,0.61567169
-5.51375688,2.89677480,0.00703391,0.07755062,0.80717493,2.11009203,0.32815645,0.18349617,0.02579949,0.60550832
-5.50775388,2.85635514,0.00686908,0.07614589,0.79727630,2.08297740,0.32098701,0.17756106,0.02524887,0.59410033
-5.50175088,2.81579752,0.00686570,0.07445250,0.78888319,2.05459651,0.31345406,0.17269259,0.02479065,0.58161222
-5.49574787,2.77681105,0.00702476,0.07248740,0.78251541,2.02646171,0.30563874,0.16894746,0.02443789,0.56824583
-5.48974487,2.74117312,0.00734700,0.07027360,0.77869408,2.00012698,0.29763949,0.16637888,0.02420420,0.55423437
-5.48374187,2.71066773,0.00783292,0.06783984,0.77792215,1.97713331,0.28957080,0.16503502,0.02410336,0.53983492
-5.47773887,2.68701974,0.00848267,0.06522001,0.78066392,1.95895259,0.28156085,0.16495684,0.02414892,0.52531960
-5.47173587,2.67182807,0.00929596,0.06245243,0.78732427,1.94693231,0.27374832,0.16617572,0.02435377,0.51096581
-5.46573287,2.66650029,0.01027184,0.05957882,0.79822872,1.94224326,0.26627832,0.16871075,0.02472958,0.49704603
-5.45972986,2.67219195,0.01140849,0.05664330,0.81360502,1.94583269,0.25929783,0.17256612,0.02528633,0.48381750
-5.45372686,2.68975321,0.01270301,0.05369117,0.83356749,1.95838480,0.25295066,0.17772853,0.02603177,0.47151245
-5.44772386,2.71968569,0.01415111,0.05076771,0.85810469,1.98029060,0.24737232,0.18416492,0.02697097,0.46032917
-5.44172086,2.76211161,0.01574694,0.04791696,0.88707137,2.01162873,0.24268496,0.19182063,0.02810584,0.45042456
-5.43571786,2.81675729,0.01748280,0.04518060,0.92018517,2.05215825,0.23899270,0.20061823,0.02943483,0.44190821
-5.42971486,2.88295211,0.01934903,0.04259692,0.95702846,2.10132419,0.23637753,0.21045697,0.03095266,0.43483873
-5.42371186,2.95964349,0.02133382,0.04019991,0.99705556,2.15827594,0.23489593,0.22121312,0.03265016,0.42922203
-5.41770885,3.04542791,0.02342318,0.03801854,1.03960527,2.22189801,0.23457643,0.23274112,0.03451423,0.42501202
-5.41170585,3.13859681,0.02560091,0.03607621,1.08391827,2.29085231,0.23541819,0.24487565,0.03652791,0.42211346
-5.40570285,3.23719589,0.02784869,0.03439041,1.12915900,2.36363012,0.23739056,0.25743451,0.03867062,0.42038684
-5.39969985,3.33909547,0.03014619,0.03297261,1.17444119,2.43861202,0.24043381,0.27022224,0.04091844,0.41965502
-5.39369685,3.44206886,0.03247130,0.03182820,1.21885598,2.51413299,0.24446070,0.28303438,0.04324451,0.41971140
-5.38769385,3.54387559,0.03480041,0.03095677,1.26150169,2.58855014,0.24935906,0.29566230,0.04561963,0.42032895
-5.38169085,3.64234563,0.03710875,0.03035237,1.30151380,2.66030994,0.25499508,0.30789818,0.04801274,0.42126989
-5.37568784,3.73546099,0.03937078,0.03000405,1.33809421,2.72801196,0.26121723,0.31954027,0.05039166,0.42229540
-5.36968484,3.82143099,0.04156064,0.02989631,1.37053814,2.79046620,0.26786064,0.33039792,0.05272373,0.42317493
-5.36368184,3.89875781,0.04365257,0.03000979,1.39825801,2.84674141,0.27475172,0.34029640,0.05497654,0.42369471
-5.35767884,3.96628939,0.04562150,0.03032192,1.42080291,2.89620201,0.28171291,0.34908123,0.05711861,0.42366506
-5.35167584,4.02325737,0.04744345,0.03080755,1.43787312,2.93853197,0.28856742,0.35662184,0.05912009,0.42292624
-5.34567284,4.06929854,0.04909607,0.03143974,1.44932905,2.97374452,0.29514373,0.36281455,0.06095339,0.42135269
-5.33966983,4.10445900,0.05055911,0.03219035,1.45519432,3.00217721,0.30127981,0.36758462,0.06259375,0.41885543
-5.33366683,4.12918120,0.05181487,0.03303080,1.45565296,3.02447267,0.30682696,0.37088742,0.06401975,0.41538285
-5.32766383,4.14427475,0.05284855,0.03393263,1.45104101,3.04154602,0.31165314,0.37270874,0.06521372,0.41091976
-5.32166083,4.15087267,0.05364870,0.03486818,1.44183292,3.05454056,0.31564580,0.37306412,0.06616205,0.40548501
-5.31565783,4.15037564,0.05420738,0.03581114,1.42862360,3.06477396,0.31871418,0.37199744,0.06685543,0.39912793
-5.30965483,4.14438688,0.05452047,0.03673706,1.41210681,3.07367757,0.32079088,0.36957874,0.06728895,0.39192381
-5.30365183,4.13464112,0.05458775,0.03762382,1.39305102,3.08273180,0.32183304,0.36590141,0.06746210,0.38396875
-5.29764882,4.12293088,0.05441296,0.03845208,1.37227358,3.09340053,0.32182272,0.36107891,0.06737871,0.37537426
-5.29164582,4.11103357,0.05400373,0.03920557,1.35061444,3.10706771,0.32076683,0.35524115,0.06704673,0.36626178
-5.28564282,4.10064241,0.05337146,0.03987141,1.32891020,3.12497884,0.31869638,0.34853055,0.06647798,0.35675754
-5.27963982,4.09330409,0.05253109,0.04044025,1.30796944,3.14818984,0.31566520,0.34109816,0.06568775,0.34698787
-5.27363682,4.09036534,0.05150075,0.04090637,1.28855012,3.17752542,0.31174813,0.33309964,0.06469443,0.33707512
-5.26763382,4.09293014,0.05030135,0.04126765,1.27133949,3.21354816,0.30703862,0.32469147,0.06351898,0.32713442
-5.26163082,4.10182859,0.04895612,0.04152549,1.25693712,3.25653949,0.30164598,0.31602734,0.06218440,0.31727114
-5.25562781,4.11759794,0.04749000,0.04168454,1.24584120,3.30649242,0.29569208,0.30725482,0.06071518,0.30757925
-5.24962481,4.14047532,0.04592909,0.04175241,1.23843822,3.36311594,0.28930776,0.29851233,0.05913667,0.29814037
-5.24362181,4.17040165,0.04429997,0.04173920,1.23499610,3.42584994,0.28262903,0.28992656,0.05747453,0.28902350
-5.23761881,4.20703536,0.04262907,0.04165704,1.23566055,3.49388940,0.27579294,0.28161022,0.05575408,0.28028531
-5.23161581,4.24977436,0.04094198,0.04151947,1.24045459,3.56621608,0.26893356,0.27366020,0.05399978,0.27197085
-5.22561281,4.29778460,0.03926287,0.04134083,1.24928082,3.64163566,0.26217792,0.26615624,0.05223463,0.26411458
-5.21960980,4.35003331,0.03761388,0.04113558,1.26192635,3.71881849,0.25564221,0.25915996,0.05047976,0.25674158
-5.21360680,4.40532524,0.03601466,0.04091766,1.27807007,3.79634182,0.24942826,0.25271432,0.04875390,0.24986887
-5.20760380,4.46234023,0.03448186,0.04069986,1.29729195,3.87273170,0.24362054,0.24684358,0.04707309,0.24350668
-5.20160080,4.51967093,0.03302893,0.04049322,1.31908426,3.94650311,0.23828376,0.24155359,0.04545041,0.23765975
-5.19559780,4.57585948,0.03166582,0.04030657,1.34286447,4.01619700,0.23346114,0.23683263,0.04389574,0.23232848
-5.18959480,4.62943253,0.03039894,0.04014612,1.36798968,4.08041346,0.22917353,0.23265258,0.04241575,0.22750999
-5.18359180,4.67893423,0.02923122,0.04001519,1.39377232,4.13784051,0.22541933,0.22897051,0.04101388,0.22319909
-5.17758879,4.72295712,0.02816226,0.03991412,1.41949709,4.18727856,0.22217531,0.22573066,0.03969050,0.21938916
-5.17158579,4.76017083,0.02718861,0.03984026,1.44443884,4.22766061,0.21939833,0.22286675,0.03844311,0.21607292
-5.16558279,4.78934907,0.02630417,0.03978815,1.46788107,4.25806870,0.21702781,0.22030459,0.03726670,0.21324314
-5.15957979,4.80939498,0.02550067,0.03974986,1.48913487,4.27774725,0.21498893,0.21796489,0.03615416,0.21089328
-5.15357679,4.81936512,0.02476819,0.03971541,1.50755777,4.28611382,0.21319644,0.21576628,0.03509675,0.20901812
-5.14757379,4.81849209,0.02409578,0.03967329,1.52257216,4.28276803,0.21155884,0.21362830,0.03408461,0.20761416
-5.14157079,4.80620580,0.02347200,0.03961114,1.53368256,4.26749886,0.20998286,0.21147445,0.03310736,0.20668003
-5.13556778,4.78215284,0.02288560,0.03951641,1.54049141,4.24029084,0.20837791,0.20923503,0.03215467,0.20621672
-5.12956478,4.74621349,0.02232598,0.03937699,1.54271252,4.20132885,0.20666040,0.20684974,0.03121675,0.20622752
-5.12356178,4.69851548,0.02178378,0.03918196,1.54018175,4.15100159,0.20475766,0.20426991,0.03028492,0.20671785
-5.11755878,4.63944371,0.02125127,0.03892215,1.53286439,4.08990289,0.20261137,0.20146031,0.02935202,0.20769471
-5.11155578,4.56964455,0.02072265,0.03859066,1.52085857,4.01883058,0.20018018,0.19840037,0.02841277,0.20916586
-5.10555278,4.49002414,0.02019434,0.03818331,1.50439465,3.93878177,0.19744164,0.19508486,0.02746402,0.21113876
-5.09954977,4.40173944,0.01966506,0.03769888,1.48383015,3.85094400,0.19439310,0.19152387,0.02650493,0.21361913
-5.09354677,4.30618156,0.01913581,0.03713927,1.45964036,3.75668144,0.19105179,0.18774224,0.02553698,0.21660941
-5.08754377,4.20495091,0.01860981,0.03650952,1.43240479,3.65751545,0.18745391,0.18377831,0.02456388,0.22010698
-5.08154077,4.09982432,0.01809222,0.03581760,1.40278981,3.55509943,0.18365292,0.17968214,0.02359142,0.22410242
-5.07553777,3.99271449,0.01758989,0.03507419,1.37152805,3.45118760,0.17971707,0.17551329,0.02262718,0.22857778
-5.06953477,3.88562280,0.01711094,0.03429224,1.33939537,3.34759843,0.17572631,0.17133821,0.02168015,0.23350520
-5.06353177,3.78058672,0.01666437,0.03348654,1.30718621,3.24617312,0.17176879,0.16722740,0.02076034,0.23884575
-5.05752876,3.67962367,0.01625953,0.03267314,1.27568820,3.14873046,0.16793705,0.16325248,0.01987833,0.24454892
-5.05152576,3.58467329,0.01590571,0.03186881,1.24565729,3.05701937,0.16432423,0.15948330,0.01904479,0.25055263
-5.04552276,3.49754039,0.01561161,0.03109043,1.21779405,2.97267084,0.16102025,0.15598522,0.01827006,0.25678400
-5.03951976,3.41984083,0.01538495,0.03035448,1.19272239,2.89715114,0.15810839,0.15281671,0.01756372,0.26316087
-5.03351676,3.35295272,0.01523205,0.02967653,1.17097128,2.83171827,0.15566223,0.15002735,0.01693422,0.26959407
-5.02751376,3.29797490,0.01515755,0.02907081,1.15296043,2.77738348,0.15374313,0.14765624,0.01638860,0.27599039
-5.02151076,3.25569456,0.01516413,0.02854984,1.13899014,2.73487974,0.15239837,0.14573108,0.01593227,0.28225621
-5.01550775,3.22656552,0.01525235,0.02812423,1.12923591,2.70463863,0.15165992,0.14426765,0.01556888,0.28830158
-5.00950475,3.21069800,0.01542066,0.02780244,1.12374781,2.68677683,0.15154391,0.14326992,0.01530027,0.29404458
-5.00350175,3.20786042,0.01566537,0.02759079,1.12245449,2.68109316,0.15205082,0.14273066,0.01512651,0.29941576
-4.99749875,3.21749324,0.01598080,0.02749340,1.12517167,2.68707632,0.15316627,0.14263244,0.01504603,0.30436243
-4.99149575,3.23873407,0.01635956,0.02751231,1.13161452,2.70392336,0.15486231,0.14294901,0.01505576,0.30885254
-4.98549275,3.27045311,0.01679275,0.02764760,1.14141335,2.73056824,0.15709929,0.14364697,0.01515140,0.31287788
-4.97948974,3.31129731,0.01727042,0.02789756,1.15413193,2.76571939,0.15982799,0.14468757,0.01532762,0.31645651
-4.97348674,3.35974129,0.01778195,0.02825892,1.16928751,2.80790479,0.16299208,0.14602852,0.01557841,0.31963402
-4.96748374,3.41414296,0.01831646,0.02872704,1.18637170,2.85552280,0.16653059,0.14762585,0.01589728,0.32248375
-4.96148074,3.47280124,0.01886335,0.02929615,1.20487124,2.90689655,0.17038052,0.14943551,0.01627758,0.32510565
-4.95547774,3.53401361,0.01941268,0.02995952,1.22428784,2.96032974,0.17447928,0.15141486,0.01671270,0.32762390
-4.94947474,3.59613098,0.01995562,0.03070969,1.24415615,3.01416136,0.17876692,0.15352382,0.01719628,0.33018328
-4.94347174,3.65760762,0.02048482,0.03153857,1.26405915,3.06681726,0.18318807,0.15572572,0.01772232,0.33294436
-4.93746873,3.71704416,0.02099473,0.03243761,1.28364036,3.11685625,0.18769361,0.15798781,0.01828533,0.33607769
-4.93146573,3.77322205,0.02148179,0.03339790,1.30261229,3.16300898,0.19224176,0.16028151,0.01888029,0.33975724
-4.92546273,3.82512818,0.02194459,0.03441020,1.32076091,3.20420816,0.19679891,0.16258222,0.01950268,0.34415326
-4.91945973,3.87196913,0.02238388,0.03546504,1.33794600,3.23960893,0.20133987,0.16486905,0.02014840,0.34942481
-4.91345673,3.91317467,0.02280252,0.03655274,1.35409739,3.26859899,0.20584773,0.16712415,0.02081363,0.35571245
-4.90745373,3.94839107,0.02320531,0.03766341,1.36920760,3.29079839,0.21031332,0.16933210,0.02149473,0.36313118
-4.90145073,3.97746514,0.02359873,0.03878696,1.38332109,3.30604947,0.21473433,0.17147905,0.02218807,0.37176405
-4.89544772,4.00042021,0.02399064,0.03991317,1.39652102,3.31439803,0.21911410,0.17355203,0.02288984,0.38165673
-4.88944472,4.01742614,0.02438986,0.04103165,1.40891426,3.31606722,0.22346032,0.17553824,0.02359594,0.39281331
-4.88344172,4.02876528,0.02480579,0.04213192,1.42061547,3.31142586,0.22778355,0.17742453,0.02430185,0.40519345
-4.87743872,4.03479665,0.02524800,0.04320345,1.43173151,3.30095331,0.23209580,0.17919708,0.02500252,0.41871127
-4.87143572,4.03592093,0.02572579,0.04423576,1.44234680,3.28520322,0.23640924,0.18084137,0.02569237,0.43323587
-4.86543272,4.03254816,0.02624787,0.04521850,1.45251092,3.26476813,0.24073510,0.18234234,0.02636529,0.44859368
-4.85942971,4.02507044,0.02682204,0.04614163,1.46222901,3.24024719,0.24508285,0.18368494,0.02701474,0.46457255
-4.85342671,4.01384112,0.02745498,0.04699556,1.47145584,3.21221862,0.24945978,0.18485482,0.02763391,0.48092757
-4.84742371,3.99916179,0.02815210,0.04777137,1.48009390,3.18121853,0.25387093,0.18583936,0.02821594,0.49738838
-4.84142071,3.98127752,0.02891754,0.04846100,1.48799569,3.14772683,0.25831943,0.18662882,0.02875417,0.51366783
-4.83541771,3.96038067,0.02975418,0.04905752,1.49497040,3.11216089,0.26280722,0.18721760,0.02924244,0.52947160
-4.82941471,3.93662251,0.03066378,0.04955534,1.50079443,3.07487679,0.26733607,0.18760557,0.02967549,0.54450857
-4.82341171,3.91013182,0.03164720,0.04995051,1.50522540,3.03617755,0.27190887,0.18779926,0.03004920,0.55850152
-4.81740870,3.88103862,0.03270458,0.05024089,1.50801877,2.99632736,0.27653102,0.18781298,0.03036103,0.57119771
-4.81140570,3.84950150,0.03383564,0.05042644,1.50894626,2.95557030,0.28121180,0.18766964,0.03061020,0.58237903
-4.80540270,3.81573599,0.03503987,0.05050930,1.50781483,2.91415192,0.28596571,0.18740126,0.03079802,0.59187123
-4.79939970,3.78004202,0.03631673,0.05049403,1.50448531,2.87234168,0.29081342,0.18704913,0.03092798,0.59955197
-4.79339670,3.74282805,0.03766576,0.05038757,1.49888931,2.83045448,0.29578241,0.18666344,0.03100584,0.60535723
-4.78739370,3.70462989,0.03908664,0.05019933,1.49104351,2.78886934,0.30090710,0.18630250,0.03103961,0.60928586
-4.78139070,3.66612253,0.04057906,0.04994103,1.48106037,2.74804372,0.30622837,0.18603152,0.03103935,0.61140205
-4.77538769,3.62812362,0.04214258,0.04962663,1.46915436,2.70852207,0.31179252,0.18592082,0.03101698,0.61183559
-4.76938469,3.59158778,0.04377634,0.04927201,1.45564334,2.67093775,0.31764950,0.18604377,0.03098586,0.61077977
-4.76338169,3.55759165,0.04547868,0.04889472,1.44094464,2.63600792,0.32385069,0.18647433,0.03096039,0.60848707
-4.75737869,3.52730979,0.04724668,0.04851355,1.42556594,2.60452120,0.33044602,0.18728434,0.03095545,0.60526258
-4.75137569,3.50198236,0.04907569,0.04814811,1.41009107,2.57731864,0.33748083,0.18854075,0.03098585,0.60145550
-4.74537269,3.48287597,0.05095886,0.04781834,1.39516128,2.55526883,0.34499238,0.19030272,0.03106577,0.59744887
-4.73936968,3.47123932,0.05288664,0.04754399,1.38145269,2.53923822,0.35300637,0.19261902,0.03120813,0.59364778
-4.73336668,3.46825568,0.05484643,0.04734412,1.36965085,2.53005823,0.36153358,0.19552548,0.03142410,0.59046667
-4.72736368,3.47499445,0.05682235,0.04723660,1.36042340,2.52849068,0.37056687,0.19904293,0.03172259,0.58831583
-4.72136068,3.49236407,0.05879504,0.04723765,1.35439211,2.53519330,0.38007868,0.20317555,0.03210990,0.58758779
-4.71535768,3.52106840,0.06074177,0.04736145,1.35210534,2.55068703,0.39001928,0.20790977,0.03258945,0.58864389
-4.70935468,3.56156881,0.06263663,0.04761981,1.35401226,2.57532670,0.40031589,0.21321381,0.03316162,0.59180159
-4.70335168,3.61405362,0.06445099,0.04802196,1.36043993,2.60927663,0.41087278,0.21903782,0.03382376,0.59732282
-4.69734867,3.67841638,0.06615408,0.04857442,1.37157420,2.65249216,0.42157244,0.22531471,0.03457033,0.60540390
-4.69134567,3.75424420,0.06771378,0.04928104,1.38744533,2.70470829,0.43227778,0.23196161,0.03539315,0.61616733
-4.68534267,3.84081659,0.06909748,0.05014308,1.40791913,2.76543585,0.44283542,0.23888189,0.03628179,0.62965570
-4.67933967,3.93711506,0.07027317,0.05115942,1.43269388,2.83396546,0.45307989,0.24596774,0.03722402,0.64582802
-4.67333667,4.04184324,0.07121041,0.05232694,1.46130349,2.90937938,0.46283862,0.25310315,0.03820640,0.66455862
-4.66733367,4.15345679,0.07188148,0.05364088,1.49312672,2.99057063,0.47193759,0.26016721,0.03921483,0.68563857
-4.66133067,4.27020199,0.07226235,0.05509532,1.52740231,3.07626885,0.48020730,0.26703761,0.04023520,0.70877981
-4.65532766,4.39016162,0.07233365,0.05668366,1.56324947,3.16507184,0.48748891,0.27359416,0.04125397,0.73362168
-4.64932466,4.51130629,0.07208142,0.05839913,1.59969310,3.25548162,0.49364021,0.27972230,0.04225870,0.75973979
-4.64332166,4.63154943,0.07149780,0.06023524,1.63569271,3.34594365,0.49854118,0.28531636,0.04323859,0.78665688
-4.63731866,4.74880378,0.07058139,0.06218616,1.67017414,3.43488773,0.50209882,0.29028252,0.04418482,0.81385542
-4.63131566,4.86103720,0.06933746,0.06424702,1.70206276,3.52076909,0.50425107,0.29454130,0.04509086,0.84079136
-4.62531266,4.96632594,0.06777794,0.06641407,1.73031700,3.60210806,0.50496962,0.29802959,0.04595264,0.86690891
-4.61930965,5.06290318,0.06592111,0.06868469,1.75396092,3.67752695,0.50426130,0.30070204,0.04676854,0.89165543
-4.61330665,5.14920127,0.06379112,0.07105723,1.77211459,3.74578285,0.50216818,0.30253183,0.04753937,0.91449635
-4.60730365,5.22388615,0.06141735,0.07353066,1.78402123,3.80579508,0.49876615,0.30351080,0.04826810,0.93492938
-4.60130065,5.28588301,0.05883353,0.07610413,1.78906996,3.85666667,0.49416213,0.30364893,0.04895960,0.95249770
-4.59529765,5.33439226,0.05607681,0.07877627,1.78681358,3.89769895,0.48848992,0.30297324,0.04962020,0.96680159
-4.58929465,5.36889589,0.05318669,0.08154446,1.77698067,3.92839921,0.48190498,0.30152612,0.05025729,0.97750830
-4.58329165,5.38915422,0.05020397,0.08440400,1.75948162,3.94848139,0.47457823,0.29936323,0.05087879,0.98435982
-4.57728864,5.39519378,0.04716965,0.08734722,1.73440870,3.95786013,0.46668927,0.29655107,0.05149268,0.98717831
-4.57128564,5.38728740,0.04412393,0.09036263,1.70203024,3.95663877,0.45841926,0.29316428,0.05210656,0.98586922
-4.56528264,5.36592789,0.04110524,0.09343418,1.66277929,3.94509242,0.44994378,0.28928290,0.05272719,0.98042202
-4.55927964,5.33179693,0.03814947,0.09654065,1.61723752,3.92364695,0.44142619,0.28498957,0.05336021,0.97090853
-4.55327664,5.28573095,0.03528924,0.09965521,1.56611510,3.89285536,0.43301149,0.28036703,0.05400987,0.95747925
-4.54727364,5.22868599,0.03255339,0.10274529,1.51022745,3.85337274,0.42482127,0.27549568,0.05467894,0.94035757
-4.54127064,5.16170310,0.02996661,0.10577271,1.45046999,3.80593109,0.41694988,0.27045168,0.05536871,0.91983245
-4.53526763,5.08587596,0.02754925,0.10869412,1.38779176,3.75131528,0.40946193,0.26530531,0.05607909,0.89624961
-4.52926463,5.00232211,0.02531725,0.11146177,1.32316904,3.69034113,0.40239133,0.26011993,0.05680888,0.87000175
-4.52326163,4.91215852,0.02328224,0.11402460,1.25757975,3.62383628,0.39574183,0.25495126,0.05755603,0.84151800
-4.51725863,4.81648235,0.02145171,0.11632961,1.19197952,3.55262455,0.38948904,0.24984721,0.05831811,0.81125296
-4.51125563,4.71635665,0.01982936,0.11832340,1.12728002,3.47751385,0.38358378,0.24484804,0.05909264,0.77967559
-4.50525263,4.61280108,0.01841543,0.11995398,1.06433002,3.39928756,0.37795649,0.23998690,0.05987759,0.74725836
-4.49924962,4.50678666,0.01720708,0.12117256,1.00389946,3.31869915,0.37252254,0.23529052,0.06067167,0.71446674
-4.49324662,4.39923390,0.01619887,0.12193541,0.94666677,3.23646921,0.36718804,0.23078009,0.06147471,0.68174927
-4.48724362,4.29101285,0.01538314,0.12220559,0.89320926,3.15328437,0.36185589,0.22647218,0.06228780,0.64952849
-4.48124062,4.18294410,0.01475036,0.12195451,0.84399668,3.06979712,0.35643161,0.22237948,0.06311334,0.61819283
-4.47523762,4.07579936,0.01428957,0.12116321,0.79938746,2.98662566,0.35082879,0.21851152,0.06395492,0.58808945
-4.46923462,3.97030059,0.01398857,0.11982334,0.75962764,2.90435311,0.34497373,0.21487503,0.06481710,0.55951839
-4.46323162,3.86711694,0.01383426,0.11793772,0.72485204,2.82352531,0.33880912,0.21147412,0.06570489,0.53272779
-4.45722861,3.76685885,0.01381274,0.11552050,0.69508730,2.74464684,0.33229655,0.20831015,0.06662326,0.50791058
-4.45122561,3.67006933,0.01390955,0.11259686,0.67025677,2.66817511,0.32541774,0.20538135,0.06757640,0.48520231
-4.44522261,3.57721267,0.01410968,0.10920236,0.65018676,2.59451250,0.31817455,0.20268218,0.06856700,0.46468049
-4.43921961,3.48866114,0.01439772,0.10538181,0.63461418,2.52399704,0.31058779,0.20020263,0.06959544,0.44636520
-4.43321661,3.40468080,0.01475789,0.10118791,0.62319520,2.45689215,0.30269485,0.19792742,0.07065909,0.43022104
-4.42721361,3.32541741,0.01517414,0.09667954,0.61551512,2.39337626,0.29454661,0.19583528,0.07175163,0.41616043
-4.42121061,3.25088419,0.01563020,0.09191995,0.61109904,2.33353322,0.28620359,0.19389835,0.07286259,0.40404804
-4.41520760,3.18095235,0.01610970,0.08697480,0.60942352,2.27734455,0.27773178,0.19208188,0.07397701,0.39370644
-4.40920460,3.11534615,0.01659635,0.08191026,0.60992901,2.22468438,0.26919845,0.19034430,0.07507538,0.38492267
-4.40320160,3.05364330,0.01707406,0.07679111,0.61203286,2.17531794,0.26066803,0.18863759,0.07613384,0.37745564
-4.39719860,2.99528157,0.01752718,0.07167913,0.61514292,2.12890437,0.25219855,0.18690824,0.07712464,0.37104415
-4.39119560,2.93957215,0.01794076,0.06663161,0.61867130,2.08500406,0.24383869,0.18509848,0.07801685,0.36541536
-4.38519260,2.88571951,0.01830083,0.06170020,0.62204818,2.04309077,0.23562563,0.18314807,0.07877734,0.36029330
-4.37918959,2.83284754,0.01859463,0.05693007,0.62473518,2.00256825,0.22758386,0.18099630,0.07937195,0.35540732
-4.37318659,2.78003091,0.01881100,0.05235942,0.62623810,1.96279096,0.21972491,0.17858437,0.07976676,0.35050020
-4.36718359,2.72633037,0.01894055,0.04801922,0.62611842,1.92308794,0.21204797,0.17585776,0.07992958,0.34533553
-4.36118059,2.67083056,0.01897597,0.04393345,0.62400341,1.88278899,0.20454142,0.17276875,0.07983129,0.33970429
-4.35517759,2.61267838,0.01891224,0.04011937,0.61959434,1.84125184,0.19718498,0.16927870,0.07944722,0.33343030
-4.34917459,2.55112020,0.01874673,0.03658827,0.61267247,1.79788903,0.18995246,0.16536019,0.07875843,0.32637447
-4.34317159,2.48553590,0.01847934,0.03334617,0.60310271,1.75219332,0.18281478,0.16099865,0.07775275,0.31843758
-4.33716858,2.41546831,0.01811249,0.03039484,0.59083475,1.70376023,0.17574314,0.15619370,0.07642556,0.30956181
-4.33116558,2.34064636,0.01765106,0.02773272,0.57590150,1.65230674,0.16871214,0.15095983,0.07478036,0.29973063
-4.32516258,2.26100102,0.01710231,0.02535593,0.55841518,1.59768528,0.16170259,0.14532653,0.07282902,0.28896749
-4.31915958,2.17667324,0.01647566,0.02325927,0.53856096,1.53989224,0.15470394,0.13933795,0.07059166,0.27733314
-4.31315658,2.08801362,0.01578248,0.02143699,0.51658863,1.47907088,0.14771611,0.13305185,0.06809627,0.26492184
-4.30715358,1.99557399,0.01503581,0.01988359,0.49280259,1.41550838,0.14075074,0.12653819,0.06537805,0.25185674
-4.30115058,1.90009140,0.01425006,0.01859434,0.46755059,1.34962754,0.13383171,0.11987718,0.06247851,0.23828446
-4.29514757,1.80246538,0.01344074,0.01756569,0.44121165,1.28197332,0.12699502,0.11315711,0.05944428,0.22436929
-4.28914457,1.70372978,0.01262409,0.01679547,0.41418378,1.21319525,0.12028796,0.10647183,0.05632589,0.21028713
-4.28314157,1.60502032,0.01181686,0.01628291,0.38687175,1.14402646,0.11376776,0.09991823,0.05317638,0.19621952
-4.27713857,1.50753959,0.01103599,0.01602847,0.35967556,1.07526032,0.10749970,0.09359358,0.05004984,0.18234783
-4.27113557,1.41252078,0.01029846,0.01603349,0.33297986,1.00772576,0.10155484,0.08759303,0.04700005,0.16884797
-4.26513257,1.32119168,0.00962102,0.01629973,0.30714464,0.94226241,0.09600746,0.08200729,0.04407909,0.15588559
-4.25912956,1.23474024,0.00902008,0.01682878,0.28249745,0.87969623,0.09093242,0.07692040,0.04133610,0.14361200
-4.25312656,1.15428276,0.00851160,0.01762134,0.25932726,0.82081684,0.08640238,0.07240796,0.03881614,0.13216094
-4.24712356,1.08083562,0.00811098,0.01867651,0.23788001,0.76635685,0.08248518,0.06853552,0.03655922,0.12164599
-4.24112056,1.01529121,0.00783301,0.01999103,0.21835587,0.71697407,0.07924132,0.06535737,0.03459949,0.11215891
-4.23511756,0.95839844,0.00769176,0.02155851,0.20090808,0.67323661,0.07672176,0.06291563,0.03296459,0.10376866
-4.22911456,0.91074793,0.00770057,0.02336880,0.18564320,0.63561129,0.07496593,0.06123964,0.03167518,0.09652118
-4.22311156,0.87276196,0.00787189,0.02540740,0.17262266,0.60445525,0.07400019,0.06034562,0.03074469,0.09043969
-4.21710855,0.84468890,0.00821721,0.02765500,0.16186530,0.58001063,0.07383661,0.06023665,0.03017910,0.08552564
-4.21110555,0.82660173,0.00874686,0.03008724,0.15335078,0.56240220,0.07447215,0.06090279,0.02997701,0.08175997
-4.20510255,0.81840044,0.00946980,0.03267458,0.14702350,0.55163750,0.07588833,0.06232148,0.03012976,0.07910484
-4.19909955,0.81981758,0.01039340,0.03538246,0.14279693,0.54760938,0.07805117,0.06445804,0.03062170,0.07750545
-4.19309655,0.83042680,0.01152307,0.03817164,0.14055809,0.55010043,0.08091165,0.06726640,0.03143059,0.07689217
-4.18709355,0.84965365,0.01286197,0.04099876,0.14017209,0.55878909,0.08440647,0.07068990,0.03252804,0.07718269
-4.18109055,0.87678859,0.01441060,0.04381712,0.14148637,0.57325714,0.08845918,0.07466224,0.03388017,0.07828423
-4.17508754,0.91100161,0.01616643,0.04657768,0.14433487,0.59299842,0.09298162,0.07910853,0.03544823,0.08009573
-4.16908454,0.95135828,0.01812354,0.04923020,0.14854171,0.61742850,0.09787572,0.08394647,0.03718941,0.08251004
-4.16308154,0.99683713,0.02027226,0.05172448,0.15392458,0.64589535,0.10303543,0.08908763,0.03905766,0.08541598
-4.15707854,1.04634794,0.02259891,0.05401175,0.16029765,0.67769070,0.10834895,0.09443876,0.04100463,0.08870041
-4.15107554,1.09875107,0.02508557,0.05604599,0.16747409,0.71206232,0.11370113,0.09990334,0.04298062,0.09225007
-4.14507254,1.15287738,0.02771004,0.05778536,0.17526820,0.74822686,0.11897590,0.10538304,0.04493563,0.09595348
-4.13906953,1.20754879,0.03044583,0.05919337,0.18349720,0.78538347,0.12405883,0.11077934,0.04682038,0.09970253
-4.13306653,1.26159913,0.03326240,0.06024007,0.19198263,0.82272790,0.12883967,0.11599525,0.04858741,0.10339414
-4.12706353,1.31389512,0.03612546,0.06090295,0.20055166,0.85946703,0.13321481,0.12093689,0.05019205,0.10693160
-4.12106053,1.36335712,0.03899751,0.06116763,0.20903807,0.89483367,0.13708962,0.12551526,0.05159350,0.11022593
-4.11505753,1.40897935,0.04183853,0.06102838,0.21728319,0.92810132,0.14038062,0.12964782,0.05275567,0.11319696
-4.10905453,1.44984915,0.04460677,0.06048820,0.22513684,0.95859866,0.14301739,0.13326009,0.05364804,0.11577430
-4.10305153,1.48516492,0.04725969,0.05955878,0.23245822,0.98572346,0.14494424,0.13628709,0.05424637,0.11789812
-4.09704852,1.51425231,0.04975506,0.05826014,0.23911686,1.00895547,0.14612151,0.13867468,0.05453323,0.11951975
-4.09104552,1.53657828,0.05205207,0.05661994,0.24499379,1.02786813,0.14652655,0.14038070,0.05449836,0.12060208
-4.08504252,1.55176258,0.05411246,0.05467276,0.24998265,1.04213848,0.14615430,0.14137585,0.05413890,0.12111977
-4.07903952,1.55958654,0.05590172,0.05245902,0.25399109,1.05155534,0.14501755,0.14164444,0.05345939,0.12105923
-4.07303652,1.55999875,0.05739013,0.05002392,0.25694212,1.05602513,0.14314678,0.14118480,0.05247156,0.12041849
-4.06703352,1.55311756,0.05855381,0.04741627,0.25877564,1.05557549,0.14058970,0.14000942,0.05119401,0.11920678
-4.06103052,1.53923046,0.05937554,0.04468730,0.25944988,1.05035639,0.13741043,0.13814486,0.04965168,0.11744400
-4.05502751,1.51879028,0.05984551,0.04188950,0.25894279,1.04063878,0.13368847,0.13563137,0.04787514,0.11516004
-4.04902451,1.49240835,0.05996175,0.03907562,0.25725330,1.02681088,0.12951738,0.13252221,0.04589988,0.11239393
-4.04302151,1.46084492,0.05973046,0.03629772,0.25440225,1.00937220,0.12500329,0.12888277,0.04376540,0.10919292
-4.03701851,1.42499712,0.05916602,0.03360640,0.25043310,0.98892547,0.12026331,0.12478947,0.04151433,0.10561141
-4.03101551,1.38588466,0.05829080,0.03105021,0.24541220,0.96616677,0.11542379,0.12032838,0.03919145,0.10170989
-4.02501251,1.34463370,0.05713471,0.02867521,0.23942850,0.94187394,0.11061855,0.11559384,0.03684285,0.09755377
-4.01900950,1.30245915,0.05573455,0.02652476,0.23259293,0.91689376,0.10598714,0.11068674,0.03451500,0.09321226
-4.01300650,1.26064572,0.05413316,0.02463936,0.22503713,0.89212790,0.10167299,0.10571291,0.03225402,0.08875724
-4.00700350,1.22052788,0.05237838,0.02305672,0.21691170,0.86851789,0.09782165,0.10078127,0.03010488,0.08426212
-4.00100050,1.18346905,0.05052185,0.02181191,0.20838399,0.84702946,0.09457900,0.09600209,0.02811088,0.07980083
-3.99499750,1.15084003,0.04861773,0.02093748,0.19963544,0.82863602,0.09208950,0.09148509,0.02631304,0.07544681
-3.98899450,1.12399684,0.04672133,0.02046371,0.19085860,0.81430174,0.09049436,0.08733766,0.02474977,0.07127212
-3.98299150,1.10425812,0.04488771,0.02041882,0.18225381,0.80496418,0.08992972,0.08366309,0.02345646,0.06734658
-3.97698849,1.09288200,0.04317025,0.02082902,0.17402584,0.80151646,0.09052475,0.08055880,0.02246524,0.06373710
-3.97098549,1.09104280,0.04161927,0.02171863,0.16638028,0.80478928,0.09239969,0.07811464,0.02180479,0.06050694
-3.96498249,1.09980753,0.04028076,0.02310995,0.15952012,0.81553295,0.09566379,0.07641132,0.02150013,0.05771521
-3.95897949,1.12011248,0.03919512,0.02502306,0.15364229,0.83439941,0.10041312,0.07551884,0.02157246,0.05541633
-3.95297649,1.15274034,0.03839610,0.02747544,0.14893439,0.86192494,0.10672839,0.07549504,0.02203900,0.05365958
-3.94697349,1.19829819,0.03790989,0.03048148,0.14557169,0.89851363,0.11467260,0.07638431,0.02291278,0.05248872
-3.94097049,1.25719696,0.03775432,0.03405180,0.14371420,0.94442226,0.12428877,0.07821641,0.02420242,0.05194163
-3.93496748,1.32963304,0.03793834,0.03819253,0.14350416,0.99974705,0.13559767,0.08100543,0.02591189,0.05204990
-3.92896448,1.41557276,0.03846166,0.04290439,0.14506359,1.06441300,0.14859566,0.08474899,0.02804022,0.05283853
-3.92296148,1.51474051,0.03931467,0.04818184,0.14849215,1.13816621,0.16325281,0.08942767,0.03058119,0.05432556
-3.91695848,1.62661135,0.04047856,0.05401214,0.15386518,1.22057012,0.17951123,0.09500466,0.03352307,0.05652166
-3.91095548,1.75040883,0.04192568,0.06037446,0.16123191,1.31100590,0.19728391,0.10142579,0.03684830,0.05942979
-3.90495248,1.88510874,0.04362020,0.06723916,0.17061388,1.40867769,0.21645405,0.10861985,0.04053328,0.06304476
-3.89894947,2.02944924,0.04551897,0.07456710,0.18200349,1.51262285,0.23687495,0.11649930,0.04454825,0.06735291
-3.89294647,2.18194777,0.04757257,0.08230927,0.19536291,1.62172749,0.25837072,0.12496138,0.04885719,0.07233167
-3.88694347,2.34092482,0.04972666,0.09040656,0.21062314,1.73474717,0.28073767,0.13388958,0.05341798,0.07794934
-3.88094047,2.50453439,0.05192339,0.09878992,0.22768353,1.85033251,0.30374655,0.14315560,0.05818260,0.08416484
-3.87493747,2.67080072,0.05410301,0.10738079,0.24641169,1.96705913,0.32714566,0.15262156,0.06309764,0.09092766
-3.86893447,2.83766049,0.05620557,0.11609188,0.26664406,2.08346136,0.35066472,0.16214270,0.06810485,0.09817799
-3.86293147,3.00300954,0.05817258,0.12482830,0.28818703,2.19806862,0.37401958,0.17157025,0.07314204,0.10584702
-3.85692846,3.16475281,0.05994873,0.13348912,0.31081898,2.30944340,0.39691755,0.18075456,0.07814402,0.11385758
-3.85092546,3.32085602,0.06148347,0.14196912,0.33429311,2.41621962,0.41906340,0.18954847,0.08304390,0.12212496
-3.84492246,3.46939759,0.06273247,0.15016101,0.35834120,2.51714014,0.44016572,0.19781057,0.08777432,0.13055817
-3.83891946,3.60861883,0.06365891,0.15795778,0.38267839,2.61109184,0.45994360,0.20540857,0.09226898,0.13906143
-3.83291646,3.73697105,0.06423444,0.16525526,0.40700881,2.69713721,0.47813335,0.21222238,0.09646414,0.14753601
-3.82691346,3.85315757,0.06444001,0.17195488,0.43103209,2.77454120,0.49449511,0.21814711,0.10030015,0.15588232
-3.82091046,3.95616933,0.06426622,0.17796631,0.45445055,2.84279211,0.50881913,0.22309552,0.10372298,0.16400229
-3.81490745,4.04531273,0.06371347,0.18321018,0.47697687,2.90161601,0.52093149,0.22700023,0.10668564,0.17180184
-3.80890445,4.12022846,0.06279177,0.18762053,0.49834201,2.95098367,0.53069901,0.22981527,0.10914943,0.17919350
-3.80290145,4.18090072,0.06152020,0.19114708,0.51830309,2.99111010,0.53803334,0.23151717,0.11108506,0.18609895
-3.79689845,4.22765628,0.05992611,0.19375705,0.53665078,3.02244630,0.54289379,0.23210539,0.11247341,0.19245151
-3.79089545,4.26115328,0.05804412,0.19543666,0.55321606,3.04566361,0.54528905,0.23160211,0.11330613,0.19819827
-3.78489245,4.28236005,0.05591484,0.19619202,0.56787588,3.06163117,0.54527750,0.23005149,0.11358584,0.20330202
-3.77888944,4.29252458,0.05358355,0.19604952,0.58055740,3.07138716,0.54296617,0.22751821,0.11332602,0.20774258
-3.77288644,4.29313554,0.05109870,0.19505557,0.59124070,3.07610486,0.53850836,0.22408558,0.11255059,0.21151769
-3.76688344,4.28587622,0.04851048,0.19327578,0.59995959,3.07705476,0.53209981,0.21985310,0.11129311,0.21464323
-3.76088044,4.27257286,0.04586933,0.19079350,0.60680055,3.07556388,0.52397379,0.21493361,0.10959575,0.21715286
-3.75487744,4.25513912,0.04322462,0.18770782,0.61189973,3.07297392,0.51439501,0.20945022,0.10750797,0.21909696
-3.74887444,4.23551860,0.04062341,0.18413101,0.61543813,3.07059949,0.50365258,0.20353289,0.10508493,0.22054096
-3.74287144,4.21562742,0.03810936,0.18018563,0.61763506,3.06968815,0.49205241,0.19731507,0.10238584,0.22156312
-3.73686843,4.19729886,0.03572189,0.17600116,0.61874026,3.07138344,0.47990908,0.19093022,0.09947213,0.22225177
-3.73086543,4.18223189,0.03349547,0.17171053,0.61902493,3.07669227,0.46753752,0.18450854,0.09640569,0.22270224
-3.72486243,4.17194549,0.03145916,0.16744645,0.61877208,3.08645787,0.45524483,0.17817390,0.09324706,0.22301350
-3.71885943,4.16774009,0.02963634,0.16333777,0.61826664,3.10133914,0.44332239,0.17204102,0.09005379,0.22328466
-3.71285643,4.17066760,0.02804463,0.15950598,0.61778574,3.12179699,0.43203861,0.16621311,0.08687899,0.22361159
-3.70685343,4.18151063,0.02669598,0.15606190,0.61758958,3.14808815,0.42163240,0.16077987,0.08377008,0.22408359
-3.70085043,4.20077146,0.02559685,0.15310271,0.61791320,3.18026634,0.41230770,0.15581606,0.08076780,0.22478044
-3.69484742,4.22867069,0.02474864,0.15070940,0.61895951,3.21819057,0.40422905,0.15138043,0.07790552,0.22576984
-3.68884442,4.26515519,0.02414802,0.14894475,0.62089378,3.26153988,0.39751838,0.14751527,0.07520892,0.22710527
-3.68284142,4.30991428,0.02378749,0.14785171,0.62383972,3.30983349,0.39225311,0.14424635,0.07269588,0.22882449
-3.67683842,4.36240318,0.02365586,0.14745252,0.62787716,3.36245541,0.38846537,0.14158333,0.07037670,0.23094849
-3.67083542,4.42187184,0.02373877,0.14774825,0.63304138,3.41868175,0.38614259,0.13952056,0.06825466,0.23348116
-3.66483242,4.48739770,0.02401922,0.14871906,0.63932387,3.47770946,0.38522910,0.13803816,0.06632665,0.23640934
-3.65882941,4.55792041,0.02447804,0.15032491,0.64667447,3.53868501,0.38562888,0.13710347,0.06458410,0.23970356
-3.65282641,4.63227672,0.02509434,0.15250690,0.65500454,3.60073129,0.38720912,0.13667257,0.06301398,0.24331904
-3.64682341,4.70923405,0.02584593,0.15518899,0.66419104,3.66297172,0.38980474,0.13669208,0.06159989,0.24719726
-3.64082041,4.78752122,0.02670967,0.15828030,0.67408123,3.72455051,0.39322336,0.13710085,0.06032308,0.25126763
-3.63481741,4.86585546,0.02766177,0.16167766,0.68449781,3.78464827,0.39725097,0.13783187,0.05916358,0.25544959
-3.62881441,4.94296514,0.02867814,0.16526851,0.69524422,3.84249286,0.40165786,0.13881402,0.05810107,0.25965473
-3.62281141,5.01760795,0.02973459,0.16893412,0.70611004,3.89736548,0.40620484,0.13997379,0.05711581,0.26378906
-3.61680840,5.08858499,0.03080713,0.17255281,0.71687635,3.94860252,0.41064954,0.14123698,0.05618926,0.26775533
-3.61080540,5.15475133,0.03187214,0.17600338,0.72732087,3.99559411,0.41475274,0.14253017,0.05530471,0.27145538
-3.60480240,5.21502393,0.03290669,0.17916848,0.73722300,4.03778021,0.41828444,0.14378226,0.05444759,0.27479239
-3.59879940,5.26838822,0.03388870,0.18193781,0.74636858,4.07464585,0.42102979,0.14492573,0.05360578,0.27767314
-3.59279640,5.31390428,0.03479727,0.18421126,0.75455446,4.10571638,0.42279455,0.14589787,0.05276970,0.28001017
-3.58679340,5.35071384,0.03561287,0.18590165,0.76159276,4.13055435,0.42341006,0.14664194,0.05193228,0.28172384
-3.58079040,5.37804888,0.03631767,0.18693718,0.76731491,4.14875864,0.42273752,0.14710809,0.05108892,0.28274419
-3.57478739,5.39524237,0.03689579,0.18726340,0.77157531,4.15996687,0.42067161,0.14725429,0.05023727,0.28301277
-3.56878439,5.40174134,0.03733361,0.18684470,0.77425464,4.16386111,0.41714321,0.14704706,0.04937711,0.28248414
-3.56278139,5.39712189,0.03761997,0.18566529,0.77526260,4.16017710,0.41212119,0.14646208,0.04851009,0.28112722
-3.55677839,5.38110555,0.03774649,0.18372953,0.77454011,4.14871627,0.40561320,0.14548462,0.04763956,0.27892628
-3.55077539,5.35357588,0.03770771,0.18106171,0.77206079,4.12935985,0.39766539,0.14410986,0.04677037,0.27588168
-3.54477239,5.31459401,0.03750127,0.17770525,0.76783155,4.10208380,0.38836114,0.14234296,0.04590871,0.27201016
-3.53876938,5.26441156,0.03712803,0.17372129,0.76189228,4.06697334,0.37781869,0.14019893,0.04506195,0.26734476
-3.53276638,5.20347963,0.03659205,0.16918690,0.75431459,4.02423552,0.36618779,0.13770230,0.04423854,0.26193430
-3.52676338,5.13245222,0.03590059,0.16419269,0.74519946,3.97420852,0.35364558,0.13488658,0.04344785,0.25584238
-3.52076038,5.05218328,0.03506397,0.15884018,0.73467395,3.91736659,0.34039158,0.13179345,0.04270010,0.24914595
-3.51475738,4.96371648,0.03409535,0.15323891,0.72288706,3.85431945,0.32664221,0.12847179,0.04200617,0.24193346
-3.50875438,4.86826745,0.03301048,0.14750335,0.71000479,3.78580592,0.31262485,0.12497653,0.04137745,0.23430262
-3.50275138,4.76719894,0.03182738,0.14174985,0.69620471,3.71268145,0.29857175,0.12136731,0.04082566,0.22635787
-3.49674837,4.66198930,0.03056590,0.13609357,0.68167022,3.63589990,0.28471389,0.11770704,0.04036259,0.21820763
-3.49074537,4.55419587,0.02924730,0.13064571,0.66658482,3.55649045,0.27127517,0.11406046,0.03999982,0.20996138
-3.48474237,4.44541455,0.02789382,0.12551087,0.65112653,3.47553042,0.25846693,0.11049261,0.03974843,0.20172680
-3.47873937,4.33723763,0.02652817,0.12078489,0.63546295,3.39411571,0.24648310,0.10706738,0.03961865,0.19360693
-3.47273637,4.23121164,0.02517309,0.11655301,0.61974700,3.31333005,0.23549608,0.10384616,0.03961950,0.18569763
-3.46673337,4.12879743,0.02385091,0.11288849,0.60411354,3.23421489,0.22565351,0.10088660,0.03975848,0.17808526
-3.46073037,4.03133398,0.02258311,0.10985170,0.58867713,3.15774119,0.21707591,0.09824158,0.04004119,0.17084483
-3.45472736,3.94000778,0.02139001,0.10748967,0.57353083,3.08478465,0.20985533,0.09595831,0.04047112,0.16403857
-3.44872436,3.85582861,0.02029040,0.10583603,0.55874611,3.01610524,0.20405486,0.09407773,0.04104936,0.15771505
-3.44272136,3.77961277,0.01930133,0.10491138,0.54437379,2.95233196,0.19970913,0.09263404,0.04177449,0.15190878
-3.43671836,3.71197365,0.01843788,0.10472395,0.53044580,2.89395306,0.19682544,0.09165446,0.04264247,0.14664037
-3.43071536,3.65331977,0.01771304,0.10527048,0.51697763,2.84131186,0.19538577,0.09115914,0.04364667,0.14191715
-3.42471236,3.60385934,0.01713758,0.10653736,0.50397125,2.79460779,0.19534914,0.09116123,0.04477796,0.13773419
-3.41870935,3.56361066,0.01671999,0.10850178,0.49141826,2.75390213,0.19665441,0.09166704,0.04602490,0.13407579
-3.41270635,3.53241699,0.01646647,0.11113291,0.47930299,2.71912767,0.19922338,0.09267625,0.04737394,0.13091702
-3.40670335,3.50996463,0.01638090,0.11439304,0.46760542,2.69010120,0.20296379,0.09418215,0.04880978,0.12822567
-3.40070035,3.49580290,0.01646482,0.11823858,0.45630375,2.66653819,0.20777242,0.09617184,0.05031565,0.12596406
-3.39469735,3.48936471,0.01671747,0.12262094,0.44537647,2.64806829,0.21353792,0.09862647,0.05187372,0.12409098
-3.38869435,3.48998676,0.01713577,0.12748720,0.43480378,2.63425117,0.22014338,0.10152130,0.05346547,0.12256341
-3.38269135,3.49692851,0.01771432,0.13278058,0.42456855,2.62459188,0.22746863,0.10482585,0.05507204,0.12133817
-3.37668834,3.50938945,0.01844544,0.13844081,0.41465669,2.61855509,0.23539215,0.10850390,0.05667462,0.12037329
-3.37068534,3.52652446,0.01931917,0.14440431,0.40505701,2.61557820,0.24379272,0.11251358,0.05825476,0.11962912
-3.36468234,3.54745736,0.02032331,0.15060435,0.39576080,2.61508297,0.25255079,0.11680741,0.05979466,0.11906922
-3.35867934,3.57129299,0.02144351,0.15697115,0.38676115,2.61648591,0.26154959,0.12133245,0.06127753,0.11866100
-3.35267634,3.59712838,0.02266339,0.16343206,0.37805219,2.61920753,0.27067626,0.12603064,0.06268777,0.11837611
-3.34667334,3.62406356,0.02396470,0.16991191,0.36962846,2.62268085,0.27982282,0.13083921,0.06401126,0.11819065
-3.34067034,3.65121268,0.02532761,0.17633353,0.36148435,2.62635939,0.28888729,0.13569140,0.06523563,0.11808524
-3.33466733,3.67771599,0.02673100,0.18261852,0.35361392,2.62972506,0.29777500,0.14051739,0.06635045,0.11804500
-3.32866433,3.70275306,0.02815293,0.18868830,0.34601104,2.63229607,0.30639994,0.14524553,0.06734747,0.11805949
-3.32266133,3.72555740,0.02957108,0.19446552,0.33866984,2.63363506,0.31468652,0.14980381,0.06822093,0.11812258
-3.31665833,3.74543239,0.03096337,0.19987563,0.33158561,2.63335740,0.32257138,0.15412158,0.06896771,0.11823240
-3.31065533,3.76176812,0.03230857,0.20484884,0.32475594,2.63113948,0.33000541,0.15813146,0.06958761,0.11839131
-3.30465233,3.77405855,0.03358701,0.20932209,0.31818210,2.62672670,0.33695582,0.16177137,0.07008355,0.11860586
-3.29864932,3.78191803,0.03478122,0.21324121,0.31187059,2.61994071,0.34340809,0.16498657,0.07046170,0.11888682
-3.29264632,3.78509611,0.03587666,0.21656297,0.30583465,2.61068543,0.34936772,0.16773170,0.07073158,0.11924921
-3.28664332,3.78348963,0.03686227,0.21925698,0.30009566,2.59895117,0.35486160,0.16997250,0.07090606,0.11971224
-3.28064032,3.77715080,0.03773106,0.22130726,0.29468436,2.58481638,0.35993877,0.17168740,0.07100125,0.12029931
-3.27463732,3.76629023,0.03848047,0.22271350,0.28964165,2.56844659,0.36467049,0.17286859,0.07103630,0.12103772
-3.26863432,3.75127418,0.03911264,0.22349161,0.28501894,2.55008997,0.36914942,0.17352268,0.07103299,0.12195844
-3.26263132,3.73261535,0.03963444,0.22367386,0.28087805,2.53006951,0.37348793,0.17367078,0.07101524,0.12309558
-3.25662831,3.71095700,0.04005732,0.22330822,0.27729049,2.50877164,0.37781530,0.17334801,0.07100845,0.12448572
-3.25062531,3.68705065,0.04039699,0.22245710,0.27433617,2.48663156,0.38227405,0.17260241,0.07103874,0.12616703
-3.24462231,3.66172777,0.04067280,0.22119540,0.27210157,2.46411561,0.38701526,0.17149326,0.07113202,0.12817823
-3.23861931,3.63586664,0.04090699,0.21960801,0.27067734,2.44170142,0.39219320,0.17008893,0.07131308,0.13055740
-3.23261631,3.61035545,0.04112375,0.21778679,0.27015550,2.41985643,0.39795924,0.16846429,0.07160453,0.13334057
-3.22661331,3.58605341,0.04134809,0.21582716,0.27062625,2.39901594,0.40445547,0.16669779,0.07202583,0.13656031
-3.22061031,3.56375153,0.04160473,0.21382460,0.27217451,2.37956153,0.41180817,0.16486837,0.07259233,0.14024427
-3.21460730,3.54413501,0.04191679,0.21187091,0.27487632,2.36180095,0.42012142,0.16305237,0.07331438,0.14441368
-3.20860430,3.52774897,0.04230463,0.21005080,0.27879517,2.34595054,0.42947125,0.16132050,0.07419665,0.14908198
-3.20260130,3.51496934,0.04278469,0.20843859,0.28397854,2.33212096,0.43990038,0.15973510,0.07523753,0.15425355
-3.19659830,3.50598030,0.04336848,0.20709546,0.29045451,2.32030714,0.45141411,0.15834772,0.07642886,0.15992263
-3.19059530,3.50075948,0.04406176,0.20606722,0.29822876,2.31038298,0.46397727,0.15719731,0.07775576,0.16607244
-3.18459230,3.49907163,0.04486393,0.20538274,0.30728206,2.30210103,0.47751265,0.15630883,0.07919680,0.17267461
-3.17858929,3.50047119,0.04576772,0.20505305,0.31756820,2.29509746,0.49190080,0.15569254,0.08072440,0.17968879
-3.17258629,3.50431368,0.04675916,0.20507125,0.32901259,2.28890203,0.50698143,0.15534397,0.08230546,0.18706265
-3.16658329,3.50977532,0.04781783,0.20541307,0.34151151,2.28295266,0.52255624,0.15524443,0.08390219,0.19473218
-3.16058029,3.51588015,0.04891744,0.20603816,0.35493220,2.27661410,0.53839318,0.15536213,0.08547317,0.20262219
-3.15457729,3.52153330,0.05002669,0.20689184,0.36911361,2.26919989,0.55423196,0.15565381,0.08697451,0.21064726
-3.14857429,3.52555905,0.05111034,0.20790752,0.38386811,2.25999657,0.56979059,0.15606675,0.08836120,0.21871283
-3.14257129,3.52674190,0.05213055,0.20900929,0.39898392,2.24828930,0.58477281,0.15654111,0.08958841,0.22671665
-3.13656828,3.52386910,0.05304828,0.21011487,0.41422841,2.23338770,0.59887600,0.15701242,0.09061290,0.23455042
-3.13056528,3.51577266,0.05382482,0.21113857,0.42935218,2.21465095,0.61179936,0.15741416,0.09139433,0.24210168
-3.12456228,3.50136949,0.05442330,0.21199428,0.44409382,2.19151107,0.62325211,0.15768028,0.09189648,0.24925582
-3.11855928,3.47969780,0.05481017,0.21259825,0.45818532,2.16349359,0.63296138,0.15774751,0.09208840,0.25589831
-3.11255628,3.44994882,0.05495652,0.21287168,0.47135794,2.13023482,0.64067946,0.15755750,0.09194531,0.26191697
-3.10655328,3.41149261,0.05483925,0.21274299,0.48334848,2.09149513,0.64619035,0.15705862,0.09144936,0.26720434
-3.10055028,3.36389733,0.05444191,0.21214963,0.49390570,2.04716786,0.64931524,0.15620730,0.09059013,0.27166004
-3.09454727,3.30694152,0.05375542,0.21103962,0.50279672,1.99728362,0.64991693,0.15496915,0.08936494,0.27519310
-3.08854427,3.24061933,0.05277831,0.20937257,0.50981324,1.94201008,0.64790293,0.15331952,0.08777890,0.27772414
-3.08254127,3.16513891,0.05151678,0.20712033,0.51477731,1.88164729,0.64322737,0.15124377,0.08584473,0.27918747
-3.07653827,3.08091436,0.04998445,0.20426731,0.51754646,1.81661898,0.63589153,0.14873714,0.08358240,0.27953290
-3.07053527,2.98855203,0.04820173,0.20081039,0.51801809,1.74746034,0.62594322,0.14580438,0.08101853,0.27872731
-3.06453227,2.88883197,0.04619508,0.19675862,0.51613273,1.67480277,0.61347502,0.14245911,0.07818568,0.27675588
-3.05852926,2.78268556,0.04399599,0.19213267,0.51187634,1.59935652,0.59862141,0.13872295,0.07512150,0.27362296
-3.05252626,2.67117041,0.04163983,0.18696408,0.50528130,1.52189170,0.58155518,0.13462459,0.07186776,0.26935256
-3.04652326,2.55544354,0.03916464,0.18129445,0.49642616,1.44321867,0.56248306,0.13019881,0.06846943,0.26398837
-3.04052026,2.43673403,0.03660987,0.17517447,0.48543418,1.36416836,0.54164086,0.12548541,0.06497360,0.25759340
-3.03451726,2.31631598,0.03401514,0.16866301,0.47247065,1.28557327,0.51928833,0.12052828,0.06142861,0.25024918
-3.02851426,2.19548267,0.03141910,0.16182612,0.45773913,1.20824987,0.49570384,0.11537445,0.05788302,0.24205458
-3.02251126,2.07552270,0.02885843,0.15473608,0.44147678,1.13298260,0.47117908,0.11007329,0.05438488,0.23312422
-3.01650825,1.95769854,0.02636697,0.14747045,0.42394894,1.06051025,0.44601396,0.10467576,0.05098096,0.22358667
-3.01050525,1.84322802,0.02397501,0.14011118,0.40544320,0.99151464,0.42051172,0.09923378,0.04771609,0.21358227
-3.00450225,1.73326880,0.02170885,0.13274368,0.38626318,0.92661196,0.39497451,0.09379972,0.04463272,0.20326090
-2.99849925,1.62890589,0.01959051,0.12545596,0.36672221,0.86634664,0.36969933,0.08842592,0.04177047,0.19277950
-2.99249625,1.53114225,0.01763761,0.11833770,0.34713725,0.81118772,0.34497444,0.08316425,0.03916587,0.18229958
-2.98649325,1.44089198,0.01586348,0.11147935,0.32782311,0.76152753,0.32107631,0.07806579,0.03685211,0.17198479
-2.98049025,1.35897593,0.01427739,0.10497121,0.30908717,0.71768226,0.29826695,0.07318042,0.03485890,0.16199845
-2.97448724,1.28611919,0.01288491,0.09890239,0.29122481,0.67989427,0.27679174,0.06855647,0.03321237,0.15250124
-2.96848424,1.22295001,0.01168832,0.09335978,0.27451546,0.64833556,0.25687755,0.06424031,0.03193497,0.14364899
-2.96248124,1.16999965,0.01068721,0.08842698,0.25921946,0.62311205,0.23873123,0.06027593,0.03104537,0.13559058
-2.95647824,1.12770259,0.00987890,0.08418303,0.24557552,0.60426835,0.22253822,0.05670446,0.03055836,0.12846608
-2.95047524,1.09639671,0.00925909,0.08070126,0.23379888,0.59179241,0.20846143,0.05356364,0.03048466,0.12240491
-2.94447224,1.07632294,0.00882228,0.07804794,0.22407996,0.58561994,0.19664008,0.05088726,0.03083080,0.11752415
-2.93846923,1.06762423,0.00856226,0.07628093,0.21658332,0.58563813,0.18718865,0.04870455,0.03159880,0.11392704
-2.93246623,1.07034334,0.00847249,0.07544834,0.21144689,0.59168861,0.18019567,0.04703957,0.03278596,0.11170138
-2.92646323,1.08441976,0.00854642,0.07558716,0.20878127,0.60356934,0.17572259,0.04591055,0.03438456,0.11091815
-2.92046023,1.10968545,0.00877767,0.07672192,0.20866889,0.62103562,0.17380246,0.04532929,0.03638153,0.11163006
-2.91445723,1.14585986,0.00916022,0.07886346,0.21116306,0.64380006,0.17443864,0.04530058,0.03875822,0.11387019
-2.90845423,1.19254453,0.00968842,0.08200779,0.21628674,0.67153187,0.17760347,0.04582163,0.04149019,0.11765073
-2.90245123,1.24921765,0.01035698,0.08613515,0.22403099,0.70385558,0.18323708,0.04688168,0.04454709,0.12296175
-2.89644822,1.31522943,0.01116088,0.09120933,0.23435332,0.74034963,0.19124632,0.04846163,0.04789265,0.12977016
-2.89044522,1.38979872,0.01209526,0.09717719,0.24717578,0.78054504,0.20150410,0.05053391,0.05148487,0.13801890
-2.88444222,1.47201183,0.01315525,0.10396867,0.26238315,0.82392484,0.21384905,0.05306240,0.05527639,0.14762643
-2.87843922,1.56082414,0.01433577,0.11149707,0.27982131,0.86992444,0.22808591,0.05600270,0.05921500,0.15848661
-2.87243622,1.65506537,0.01563138,0.11965986,0.29929611,0.91793348,0.24398654,0.05930246,0.06324444,0.17046908
-2.86643322,1.75344890,0.01703612,0.12833993,0.32057288,0.96729948,0.26129189,0.06290203,0.06730539,0.18342023
-2.86043022,1.85458567,0.01854337,0.13740731,0.34337698,1.01733357,0.27971477,0.06673536,0.07133661,0.19716476
-2.85442721,1.95700288,0.02014575,0.14672146,0.36739545,1.06731841,0.29894376,0.07073108,0.07527634,0.21150800
-2.84842421,2.05916735,0.02183508,0.15613388,0.39228012,1.11651837,0.31864808,0.07481379,0.07906376,0.22623893
-2.84242121,2.15951328,0.02360232,0.16549127,0.41765216,1.16419191,0.33848334,0.07890566,0.08264055,0.24113384
-2.83641821,2.25647377,0.02543767,0.17463886,0.44310820,1.20960574,0.35809827,0.08292804,0.08595248,0.25596070
-2.83041521,2.34851519,0.02733054,0.18342410,0.46822800,1.25205047,0.37714204,0.08680326,0.08895094,0.27048405
-2.82441221,2.43417324,0.02926966,0.19170036,0.49258341,1.29085717,0.39527212,0.09045651,0.09159438,0.28447022
-2.81840920,2.51208941,0.03124320,0.19933065,0.51574859,1.32541417,0.41216232,0.09381764,0.09384955,0.29769293
-2.81240620,2.58104629,0.03323882,0.20619119,0.53731091,1.35518339,0.42751073,0.09682294,0.09569246,0.30993877
-2.80640320,2.64000026,0.03524378,0.21217461,0.55688241,1.37971546,0.44104734,0.09941675,0.09710913,0.32101259
-2.80040020,2.68811007,0.03724498,0.21719281,0.57411113,1.39866280,0.45254092,0.10155282,0.09809592,0.33074254
-2.79439720,2.72475990,0.03922904,0.22117916,0.58869199,1.41179011,0.46180487,0.10319548,0.09865953,0.33898439
-2.78839420,2.74957584,0.04118231,0.22409016,0.60037666,1.41898160,0.46870192,0.10432042,0.09881662,0.34562520
-2.78239120,2.76243488,0.04309085,0.22590630,0.60898199,1.42024450,0.47314734,0.10491515,0.09859310,0.35058598
-2.77638819,2.76346593,0.04494047,0.22663228,0.61439653,1.41570870,0.47511057,0.10497905,0.09802305,0.35382335
-2.77038519,2.75304283,0.04671664,0.22629640,0.61658494,1.40562231,0.47461524,0.10452309,0.09714737,0.35533007
-2.76438219,2.73176948,0.04840455,0.22494930,0.61558992,1.39034334,0.47173759,0.10356917,0.09601225,0.35513454
-2.75837919,2.70045791,0.04998905,0.22266209,0.61153166,1.37032782,0.46660329,0.10214913,0.09466742,0.35329915
-2.75237619,2.66010022,0.05145477,0.21952392,0.60460475,1.34611488,0.45938306,0.10030350,0.09316442,0.34991777
-2.74637319,2.61183565,0.05278615,0.21563912,0.59507265,1.31830935,0.45028696,0.09808005,0.09155478,0.34511233
-2.74037019,2.55691434,0.05396764,0.21112413,0.58326002,1.28756270,0.43955800,0.09553214,0.08988840,0.33902885
-2.73436718,2.49665932,0.05498392,0.20610419,0.56954319,1.25455323,0.42746499,0.09271710,0.08821199,0.33183291
-2.72836418,2.43242831,0.05582015,0.20071010,0.55433917,1.21996607,0.41429519,0.08969449,0.08656786,0.32370497
-2.72236118,2.36557687,0.05646237,0.19507500,0.53809360,1.18447415,0.40034694,0.08652450,0.08499281,0.31483550
-2.71635818,2.29742423,0.05689791,0.18933138,0.52126819,1.14872057,0.38592240,0.08326646,0.08351754,0.30542034
-2.71035518,2.22922291,0.05711577,0.18360840,0.50432801,1.11330311,0.37132083,0.07997754,0.08216615,0.29565619
-2.70435218,2.16213297,0.05710714,0.17802946,0.48772916,1.07876138,0.35683235,0.07671153,0.08095617,0.28573658
-2.69834917,2.09720128,0.05686584,0.17271011,0.47190706,1.04556677,0.34273246,0.07351805,0.07989870,0.27584823
-2.69234617,2.03534620,0.05638869,0.16775644,0.45726582,1.01411548,0.32927714,0.07044175,0.07899894,0.26616788
-2.68634317,1.97734731,0.05567590,0.16326357,0.44416885,0.98472454,0.31669883,0.06752192,0.07825688,0.25685968
-2.68034017,1.92384003,0.05473131,0.15931464,0.43293091,0.95763062,0.30520294,0.06479216,0.07766814,0.24807300
-2.67433717,1.87531445,0.05356255,0.15597991,0.42381166,0.93299134,0.29496506,0.06228026,0.07722495,0.23994068
-2.66833417,1.83211767,0.05218106,0.15331611,0.41701084,0.91088872,0.28612873,0.06000827,0.07691714,0.23257766
-2.66233117,1.79445889,0.05060201,0.15136593,0.41266498,0.89133435,0.27880366,0.05799256,0.07673308,0.22607996
-2.65632816,1.76241652,0.04884404,0.15015764,0.41084565,0.87427569,0.27306441,0.05624406,0.07666065,0.22052384
-2.65032516,1.73594656,0.04692890,0.14970481,0.41155917,0.85960321,0.26894947,0.05476848,0.07668795,0.21596524
-2.64432216,1.71489163,0.04488098,0.15000613,0.41474769,0.84715784,0.26646078,0.05356659,0.07680392,0.21243936
-2.63831916,1.69899029,0.04272671,0.15104531,0.42029156,0.83673847,0.26556367,0.05263443,0.07699879,0.20996046
-2.63231616,1.68788637,0.04049391,0.15279115,0.42801297,0.82810926,0.26618729,0.05196364,0.07726428,0.20852182
-2.62631316,1.68113814,0.03821109,0.15519771,0.43768073,0.82100651,0.26822568,0.05154169,0.07759362,0.20809595
-2.62031016,1.67822740,0.03590674,0.15820477,0.44901615,0.81514510,0.27153940,0.05135215,0.07798136,0.20863505
-2.61430715,1.67856878,0.03360859,0.16173842,0.46170001,0.81022451,0.27595801,0.05137496,0.07842301,0.21007179
-2.60830415,1.68151929,0.03134299,0.16571205,0.47538049,0.80593441,0.28128323,0.05158675,0.07891455,0.21232048
-2.60230115,1.68638863,0.02913423,0.17002755,0.48968197,0.80196000,0.28729305,0.05196118,0.07945182,0.21527870
-2.59629815,1.69245038,0.02700411,0.17457695,0.50421465,0.79798720,0.29374655,0.05246931,0.08002984,0.21882933
-2.59029515,1.69895438,0.02497145,0.17924427,0.51858475,0.79370782,0.30038955,0.05308011,0.08064218,0.22284312
-2.58429215,1.70514038,0.02305184,0.18390778,0.53240518,0.78882473,0.30696088,0.05376093,0.08128029,0.22718167
-2.57828914,1.71025295,0.02125747,0.18844249,0.54530632,0.78305720,0.31319914,0.05447813,0.08193299,0.23170089
-2.57228614,1.71355751,0.01959706,0.19272289,0.55694667,0.77614631,0.31884973,0.05519774,0.08258608,0.23625478
-2.56628314,1.71435713,0.01807593,0.19662583,0.56702312,0.76786034,0.32367195,0.05588613,0.08322209,0.24069948
-2.56028014,1.71200972,0.01669623,0.20003344,0.57528029,0.75800008,0.32744583,0.05651082,0.08382034,0.24489744
-2.55427714,1.70594498,0.01545721,0.20283609,0.58151877,0.74640388,0.32997848,0.05704118,0.08435711,0.24872158
-2.54827414,1.69568051,0.01435559,0.20493513,0.58560176,0.73295214,0.33110963,0.05744923,0.08480611,0.25205928
-2.54227114,1.68083638,0.01338603,0.20624546,0.58745989,0.71757106,0.33071623,0.05771032,0.08513917,0.25481597
-2.53626813,1.66114748,0.01254164,0.20669779,0.58709386,0.70023550,0.32871579,0.05780383,0.08532711,0.25691833
-2.53026513,1.63647301,0.01181448,0.20624047,0.58457474,0.68097055,0.32506835,0.05771370,0.08534081,0.25831672
-2.52426213,1.60680269,0.01119616,0.20484086,0.58004184,0.65985191,0.31977706,0.05742891,0.08515239,0.25898686
-2.51825913,1.57225906,0.01067834,0.20248620,0.57369811,0.63700465,0.31288730,0.05694377,0.08473642,0.25893073
-2.51225613,1.53309595,0.01025326,0.19918389,0.56580315,0.61260068,0.30448439,0.05625816,0.08407118,0.25817636
-2.50625313,1.48969277,0.00991423,0.19496127,0.55666409,0.58685465,0.29469010,0.05537747,0.08313987,0.25677682
-2.50025013,1.44254496,0.00965598,0.18986483,0.54662461,0.56001862,0.28365797,0.05431252,0.08193161,0.25480819
-2.49424712,1.39225082,0.00947507,0.18395892,0.53605256,0.53237550,0.27156790,0.05307925,0.08044234,0.25236668
-2.48824412,1.33949526,0.00937006,0.17732400,0.52532655,0.50423175,0.25862010,0.05169825,0.07867543,0.24956499
-2.48224112,1.28503099,0.00934171,0.17005452,0.51482219,0.47590927,0.24502869,0.05019425,0.07664205,0.24652808
-2.47623812,1.22965800,0.00939301,0.16225649,0.50489849,0.44773725,0.23101538,0.04859536,0.07436119,0.24338844
-2.47023512,1.17420208,0.00952910,0.15404485,0.49588493,0.42004381,0.21680328,0.04693241,0.07185940,0.24028120
-2.46423212,1.11949315,0.00975710,0.14554069,0.48806991,0.39314818,0.20261132,0.04523804,0.06917017,0.23733913
-2.45822911,1.06634430,0.01008584,0.13686850,0.48169092,0.36735340,0.18864926,0.04354593,0.06633311,0.23468792
-2.45222611,1.01553232,0.01052549,0.12815344,0.47692696,0.34293996,0.17511365,0.04188998,0.06339279,0.23244182
-2.44622311,0.96778019,0.01108704,0.11951884,0.47389357,0.32016050,0.16218466,0.04030348,0.06039739,0.23069984
-2.44022011,0.92374246,0.01178181,0.11108383,0.47264060,0.29923569,0.15002403,0.03881845,0.05739725,0.22954277
-2.43421711,0.88399361,0.01262082,0.10296137,0.47315291,0.28035145,0.13877398,0.03746499,0.05444329,0.22903108
-2.42821411,0.84901984,0.01361415,0.09525651,0.47535391,0.26365749,0.12855708,0.03627077,0.05158544,0.22920380
-2.42221111,0.81921438,0.01477027,0.08806517,0.47911186,0.24926701,0.11947703,0.03526067,0.04887108,0.23007836
-2.41620810,0.79487636,0.01609544,0.08147309,0.48424852,0.23725771,0.11162018,0.03445651,0.04634369,0.23165155
-2.41020510,0.77621289,0.01759306,0.07555535,0.49054989,0.22767376,0.10505760,0.03387694,0.04404155,0.23390133
-2.40420210,0.76334421,0.01926319,0.07037614,0.49777841,0.22052865,0.09984760,0.03353742,0.04199676,0.23678953
-2.39819910,0.75631142,0.02110209,0.06598884,0.50568611,0.21580875,0.09603840,0.03345037,0.04023445,0.24026522
-2.39219610,0.75508621,0.02310191,0.06243641,0.51402812,0.21347733,0.09367086,0.03362539,0.03877227,0.24426860
-2.38619310,0.75958205,0.02525056,0.05975194,0.52257577,0.21347883,0.09278102,0.03406949,0.03762025,0.24873520
-2.38019010,0.76966626,0.02753172,0.05795937,0.53112882,0.21574324,0.09340229,0.03478748,0.03678080,0.25360013
-2.37418709,0.78517212,0.02992500,0.05707428,0.53952601,0.22019025,0.09556715,0.03578231,0.03624913,0.25880217
-2.36818409,0.80591062,0.03240635,0.05710468,0.54765367,0.22673316,0.09930820,0.03705538,0.03601381,0.26428758
-2.36218109,0.83168107,0.03494859,0.05805174,0.55545167,0.23528225,0.10465857,0.03860688,0.03605762,0.27001322
-2.35617809,0.86228012,0.03752214,0.05991041,0.56291670,0.24574750,0.11165151,0.04043604,0.03635849,0.27594902
-2.35017509,0.89750881,0.04009588,0.06266991,0.57010245,0.25804067,0.12031924,0.04254126,0.03689063,0.28207959
-2.34417209,0.93717716,0.04263815,0.06631403,0.57711684,0.27207645,0.13069109,0.04492025,0.03762570,0.28840488
-2.33816908,0.98110635,0.04511783,0.07082121,0.58411635,0.28777289,0.14279096,0.04756995,0.03853404,0.29493979
-2.33216608,1.02912820,0.04750540,0.07616448,0.59129774,0.30505095,0.15663425,0.05048645,0.03958579,0.30171298
-2.32616308,1.08108225,0.04977410,0.08231119,0.59888750,0.32383324,0.17222446,0.05366476,0.04075200,0.30876462
-2.32016008,1.13681052,0.05190093,0.08922265,0.60712966,0.34404218,0.18954953,0.05709853,0.04200561,0.31614349
-2.31415708,1.19615048,0.05386763,0.09685366,0.61627238,0.36559745,0.20857825,0.06077970,0.04332226,0.32390341
-2.30815408,1.25892656,0.05566150,0.10515205,0.62655422,0.38841320,0.22925694,0.06469813,0.04468088,0.33209925
-2.30215108,1.32494099,0.05727599,0.11405826,0.63819043,0.41239495,0.25150652,0.06884122,0.04606416,0.34078276
-2.29614807,1.39396446,0.05871117,0.12350505,0.65136030,0.43743658,0.27522034,0.07319359,0.04745869,0.34999833
-2.29014507,1.46572734,0.05997389,0.13341743,0.66619586,0.46341746,0.30026290,0.07773677,0.04885503,0.35977909
-2.28414207,1.53991219,0.06107772,0.14371280,0.68277274,0.49020014,0.32646957,0.08244901,0.05024740,0.37014341
-2.27813907,1.61614805,0.06204268,0.15430148,0.70110347,0.51762863,0.35364752,0.08730525,0.05163337,0.38109199
-2.27213607,1.69400718,0.06289473,0.16508751,0.72113357,0.54552749,0.38157780,0.09227714,0.05301322,0.39260583
-2.26613307,1.77300448,0.06366493,0.17596983,0.74274066,0.57370196,0.41001873,0.09733326,0.05438931,0.40464505
-2.26013007,1.85259993,0.06438859,0.18684377,0.76573655,0.60193903,0.43871027,0.10243944,0.05576527,0.41714868
-2.25412706,1.93220404,0.06510408,0.19760292,0.78987225,0.63000967,0.46737953,0.10755928,0.05714522,0.43003540
-2.24812406,2.01118618,0.06585164,0.20814110,0.81484553,0.65767197,0.49574692,0.11265468,0.05853290,0.44320530
-2.24212106,2.08888549,0.06667197,0.21835462,0.84031071,0.68467526,0.52353298,0.11768659,0.05993096,0.45654236
-2.23611806,2.16462387,0.06760491,0.22814450,0.86589022,0.71076500,0.55046523,0.12261568,0.06134017,0.46991772
-2.23011506,2.23772041,0.06868797,0.23741872,0.89118719,0.73568811,0.57628512,0.12740316,0.06275891,0.48319345
-2.22411206,2.30750666,0.06995503,0.24609421,0.91579868,0.75919872,0.60075443,0.13201147,0.06418264,0.49622667
-2.21810905,2.37334192,0.07143495,0.25409873,0.93932871,0.78106384,0.62366094,0.13640504,0.06560371,0.50887379
-2.21210605,2.43462791,0.07315050,0.26137224,0.96140071,0.80106888,0.64482316,0.14055087,0.06701117,0.52099473
-2.20610305,2.49082205,0.07511723,0.26786796,0.98166862,0.81902265,0.66409377,0.14441910,0.06839090,0.53245682
-2.20010005,2.54144904,0.07734270,0.27355292,0.99982648,0.83476167,0.68136167,0.14798340,0.06972584,0.54313838
-2.19409705,2.58611009,0.07982586,0.27840805,1.01561594,0.84815364,0.69655261,0.15122134,0.07099650,0.55293166
-2.18809405,2.62448979,0.08255670,0.28242781,1.02883160,0.85909992,0.70962839,0.15411457,0.07218151,0.56174530
-2.18209105,2.65636045,0.08551621,0.28561936,1.03932414,0.86753697,0.72058470,0.15664895,0.07325840,0.56950597
-2.17608804,2.68158413,0.08867665,0.28800143,1.04700119,0.87343684,0.72944780,0.15881465,0.07420450,0.57615955
-2.17008504,2.70011258,0.09200210,0.28960294,1.05182624,0.87680670,0.73627038,0.16060617,0.07499785,0.58167162
-2.16408204,2.71198551,0.09544938,0.29046139,1.05381575,0.87768754,0.74112672,0.16202235,0.07561824,0.58602741
-2.15807904,2.71732757,0.09896931,0.29062132,1.05303487,0.87615225,0.74410766,0.16306645,0.07604819,0.58923147
-2.15207604,2.71634463,0.10250815,0.29013274,1.04959212,0.87230321,0.74531557,0.16374617,0.07627395,0.59130693
-2.14607304,2.70931964,0.10600944,0.28904978,1.04363346,0.86626959,0.74485983,0.16407382,0.07628639,0.59229464
-2.14007004,2.69660845,0.10941588,0.28742958,1.03533607,0.85820445,0.74285281,0.16406642,0.07608178,0.59225222
-2.13406703,2.67863582,0.11267146,0.28533138,1.02490225,0.84828192,0.73940687,0.16374592,0.07566243,0.59125313
-2.12806403,2.65589160,0.11572356,0.28281600,1.01255363,0.83669442,0.73463229,0.16313930,0.07503709,0.58938566
-2.12206103,2.62892693,0.11852498,0.27994558,0.99852591,0.82364996,0.72863631,0.16227875,0.07422119,0.58675207
-2.11605803,2.59835029,0.12103589,0.27678351,0.98306429,0.80936963,0.72152319,0.16120162,0.07323680,0.58346763
-2.11005503,2.56482286,0.12322546,0.27339455,0.96641944,0.79408511,0.71339514,0.15995033,0.07211234,0.57965954
-2.10405203,2.52905271,0.12507313,0.26984504,0.94884412,0.77803620,0.70435400,0.15857202,0.07088200,0.57546576
-2.09804902,2.49178741,0.12656953,0.26620309,0.93059021,0.76146813,0.69450332,0.15711793,0.06958495,0.57103337
-2.09204602,2.45380436,0.12771681,0.26253855,0.91190599,0.74462867,0.68395064,0.15564258,0.06826422,0.56651655
-2.08604302,2.41589865,0.12852846,0.25892281,0.89303356,0.72776488,0.67280957,0.15420253,0.06696549,0.56207409
-2.08004002,2.37886800,0.12902861,0.25542830,0.87420612,0.71111933,0.66120143,0.15285493,0.06573556,0.55786612
-2.07403702,2.34349507,0.12925075,0.25212758,0.85564506,0.69492591,0.64925623,0.15165575,0.06462077,0.55405031
-2.06803402,2.31052706,0.12923593,0.24909205,0.83755666,0.67940508,0.63711273,0.15065781,0.06366531,0.55077743
-2.06203102,2.28065343,0.12903062,0.24639029,0.82012863,0.66475879,0.62491752,0.14990861,0.06290954,0.54818635
-2.05602801,2.25448238,0.12868418,0.24408610,0.80352621,0.65116513,0.61282309,0.14944816,0.06238834,0.54639873
-2.05002501,2.23251719,0.12824620,0.24223635,0.78788837,0.63877293,0.60098488,0.14930682,0.06212954,0.54551357
-2.04402201,2.21513372,0.12776374,0.24088863,0.77332400,0.62769668,0.58955764,0.14950339,0.06215267,0.54560194
-2.03801901,2.20256048,0.12727875,0.24007907,0.75990868,0.61801193,0.57869115,0.15004343,0.06246779,0.54670219
-2.03201601,2.19486250,0.12682566,0.23983031,0.74768210,0.60975159,0.56852562,0.15091808,0.06307476,0.54881597
-2.02601301,2.19193060,0.12642941,0.24014983,0.73664668,0.60290346,0.55918727,0.15210343,0.06396282,0.55190548
-2.02001001,2.19347702,0.12610402,0.24102882,0.72676752,0.59740921,0.55078408,0.15356043,0.06511057,0.55589211
-2.01400700,2.19903841,0.12585172,0.24244175,0.71797407,0.59316502,0.54340240,0.15523563,0.06648630,0.56065689
-2.00800400,2.20798667,0.12566273,0.24434653,0.71016365,0.59002418,0.53710440,0.15706251,0.06804885,0.56604275
-2.00200100,2.21954769,0.12551581,0.24668566,0.70320679,0.58780143,0.53192668,0.15896357,0.06974871,0.57185876
-1.99599800,2.23282776,0.12537939,0.24938799,0.69695451,0.58627927,0.52788018,0.16085300,0.07152961,0.57788630
-1.98999500,2.24684669,0.12521340,0.25237133,0.69124713,0.58521579,0.52495137,0.16263996,0.07333035,0.58388682
-1.98399200,2.26057641,0.12497156,0.25554566,0.68592444,0.58435389,0.52310466,0.16423213,0.07508681,0.58961125
-1.97798899,2.27298344,0.12460412,0.25881684,0.68083672,0.58343155,0.52228593,0.16553962,0.07673426,0.59481022
-1.97198599,2.28307318,0.12406082,0.26209068,0.67585603,0.58219247,0.52242688,0.16647888,0.07820957,0.59924503
-1.96598299,2.28993395,0.12329405,0.26527706,0.67088718,0.58039681,0.52344996,0.16697645,0.07945353,0.60269856
-1.95997999,2.29277854,0.12226182,0.26829400,0.66587781,0.57783143,0.52527356,0.16697244,0.08041295,0.60498563
-1.95397699,2.29098119,0.12093062,0.27107136,0.66082678,0.57431898,0.52781707,0.16642342,0.08104260,0.60596237
-1.94797399,2.28410799,0.11927785,0.27355413,0.65579050,0.56972564,0.53100558,0.16530477,0.08130685,0.60553387
-1.94197099,2.27193922,0.11729380,0.27570486,0.65088651,0.56396691,0.53477380,0.16361216,0.08118090,0.60365991
-1.93596798,2.25448233,0.11498301,0.27750539,0.64629412,0.55701119,0.53906908,0.16136221,0.08065169,0.60035823
-1.92996498,2.23197496,0.11236496,0.27895759,0.64225180,0.54888114,0.54385334,0.15859230,0.07971828,0.59570533
-1.92396198,2.20487772,0.10947413,0.28008316,0.63905126,0.53965255,0.54910367,0.15535938,0.07839183,0.58983455
-1.91795898,2.17385729,0.10635929,0.28092241,0.63702850,0.52945096,0.55481189,0.15173811,0.07669509,0.58293167
-1.91195598,2.13976044,0.10308216,0.28153225,0.63655197,0.51844617,0.56098282,0.14781812,0.07466153,0.57522809
-1.90595298,2.10358055,0.09971554,0.28198325,0.63800838,0.50684501,0.56763163,0.14370074,0.07233405,0.56699210
-1.89994997,2.06641810,0.09634079,0.28235618,0.64178685,0.49488267,0.57478027,0.13949527,0.06976341,0.55851852
-1.89394697,2.02943715,0.09304509,0.28273802,0.64826194,0.48281310,0.58245347,0.13531491,0.06700648,0.55011731
-1.88794397,1.99381992,0.08991827,0.28321766,0.65777642,0.47089896,0.59067433,0.13127267,0.06412420,0.54210176
-1.88194097,1.96072143,0.08704961,0.28388163,0.67062464,0.45940162,0.59945991,0.12747727,0.06117969,0.53477672
-1.87593797,1.93122636,0.08452454,0.28480988,0.68703715,0.44857159,0.60881708,0.12402937,0.05823615,0.52842745
-1.86993497,1.90630994,0.08242152,0.28607193,0.70716739,0.43863990,0.61873883,0.12101809,0.05535504,0.52330965
-1.86393197,1.88680430,0.08080907,0.28772352,0.73108106,0.42981067,0.62920135,0.11851819,0.05259432,0.51964107
-1.85792896,1.87337176,0.07974324,0.28980389,0.75874867,0.42225520,0.64016191,0.11658772,0.05000696,0.51759491
-1.85192596,1.86648561,0.07926537,0.29233389,0.79004165,0.41610768,0.65155785,0.11526648,0.04763969,0.51729538
-1.84592296,1.86641919,0.07940047,0.29531484,0.82473216,0.41146263,0.66330650,0.11457513,0.04553202,0.51881540
-1.83991996,1.87324304,0.08015602,0.29872832,0.86249676,0.40837410,0.67530636,0.11451510,0.04371565,0.52217650
-1.83391696,1.88683004,0.08152147,0.30253684,0.90292360,0.40685641,0.68743917,0.11506912,0.04221407,0.52735068
-1.82791396,1.90686774,0.08346826,0.30668533,0.94552300,0.40688639,0.69957305,0.11620248,0.04104251,0.53426415
-1.82191096,1.93287717,0.08595041,0.31110338,0.98974087,0.40840685,0.71156636,0.11786481,0.04020820,0.54280253
-1.81590795,1.96423672,0.08890578,0.31570812,1.03497433,0.41133096,0.72327228,0.11999238,0.03971075,0.55281718
-1.80990495,2.00021008,0.09225773,0.32040762,1.08058904,0.41554737,0.73454370,0.12251074,0.03954287,0.56413240
-1.80390195,2.03997656,0.09591733,0.32510461,1.12593732,0.42092572,0.74523834,0.12533759,0.03969110,0.57655282
-1.79789895,2.08266250,0.09978597,0.32970036,1.17037636,0.42732222,0.75522382,0.12838586,0.04013676,0.58987098
-1.79189595,2.12737237,0.10375825,0.33409853,1.21328580,0.43458515,0.76438224,0.13156665,0.04085691,0.60387434
-1.78589295,2.17321815,0.10772508,0.33820881,1.25408397,0.44255994,0.77261430,0.13479221,0.04182537,0.61835174
-1.77988994,2.21934590,0.11157695,0.34195019,1.29224208,0.45109364,0.77984252,0.13797855,0.04301371,0.63309891
-1.77388694,2.26495847,0.11520715,0.34525364,1.32729600,0.46003880,0.78601344,0.14104782,0.04439216,0.64792284
-1.76788394,2.30933369,0.11851493,0.34806416,1.35885510,0.46925635,0.79109866,0.14393021,0.04593051,0.66264497
-1.76188094,2.35183740,0.12140838,0.35034207,1.38660803,0.47861779,0.79509460,0.14656545,0.04759892,0.67710319
-1.75587794,2.39193133,0.12380706,0.35206350,1.41032527,0.48800637,0.79802102,0.14890379,0.04936849,0.69115265
-1.74987494,2.42917557,0.12564417,0.35321999,1.42985866,0.49731752,0.79991829,0.15090645,0.05121191,0.70466549
-1.74387194,2.46322629,0.12686830,0.35381745,1.44513799,0.50645847,0.80084357,0.15254563,0.05310380,0.71752969
-1.73786893,2.49382907,0.12744461,0.35387431,1.45616514,0.51534728,0.80086611,0.15380401,0.05502109,0.72964729
-1.73186593,2.52080865,0.12735540,0.35341917,1.46300621,0.52391136,0.80006190,0.15467386,0.05694314,0.74093212
-1.72586293,2.54405621,0.12660018,0.35248807,1.46578209,0.53208567,0.79850798,0.15515594,0.05885192,0.75130735
-1.71985993,2.56351498,0.12519516,0.35112148,1.46465829,0.53981081,0.79627682,0.15525798,0.06073198,0.76070318
-1.71385693,2.57916558,0.12317215,0.34936130,1.45983435,0.54703104,0.79343098,0.15499325,0.06257046,0.76905470
-1.70785393,2.59101193,0.12057708,0.34724805,1.45153369,0.55369259,0.79001853,0.15437894,0.06435698,0.77630038
-1.70185093,2.59906889,0.11746807,0.34481831,1.43999424,0.55974228,0.78606948,0.15343473,0.06608358,0.78238113
-1.69584792,2.60335239,0.11391324,0.34210280,1.42546034,0.56512654,0.78159347,0.15218143,0.06774459,0.78724017
-1.68984492,2.60387266,0.10998831,0.33912493,1.40817627,0.56979110,0.77657888,0.15063999,0.06933658,0.79082364
-1.68384192,2.60063112,0.10577407,0.33590014,1.38838165,0.57368111,0.77099351,0.14883063,0.07085822,0.79308208
-1.67783892,2.59362085,0.10135390,0.33243588,1.36630863,0.57674199,0.76478682,0.14677248,0.07231030,0.79397253
-1.67183592,2.58283057,0.09681140,0.32873236,1.34218108,0.57892073,0.75789355,0.14448336,0.07369561,0.79346128
-1.66583292,2.56825174,0.09222809,0.32478382,1.31621537,0.58016773,0.75023864,0.14198001,0.07501893,0.79152697
-1.65982991,2.54988816,0.08768150,0.32058039,1.28862256,0.58043892,0.74174315,0.13927852,0.07628696,0.78816390
-1.65382691,2.52776703,0.08324342,0.31611030,1.25961171,0.57969812,0.73233075,0.13639497,0.07750827,0.78338529
-1.64782391,2.50195080,0.07897859,0.31136221,1.22939380,0.57791946,0.72193451,0.13334622,0.07869313,0.77722618
-1.64182091,2.47254854,0.07494360,0.30632770,1.19818577,0.57508958,0.71050351,0.13015069,0.07985337,0.76974585
-1.63581791,2.43972593,0.07118623,0.30100344,1.16621441,0.57120961,0.69800894,0.12682918,0.08100210,0.76102945
-1.62981491,2.40371288,0.06774506,0.29539318,1.13371951,0.56629666,0.68444915,0.12340547,0.08215339,0.75118866
-1.62381191,2.36480810,0.06464932,0.28950921,1.10095595,0.56038464,0.66985352,0.11990682,0.08332183,0.74036122
-1.61780890,2.32337987,0.06191906,0.28337329,1.06819445,0.55352453,0.65428477,0.11636411,0.08452205,0.72870939
-1.61180590,2.27986280,0.05956545,0.27701692,1.03572076,0.54578377,0.63783957,0.11281178,0.08576810,0.71641706
-1.60580290,2.23475044,0.05759128,0.27048105,1.00383318,0.53724501,0.62064733,0.10928740,0.08707283,0.70368577
-1.59979990,2.18858391,0.05599157,0.26381506,0.97283841,0.52800401,0.60286731,0.10583094,0.08844719,0.69072966
-1.59379690,2.14193705,0.05475423,0.25707523,0.94304582,0.51816705,0.58468402,0.10248379,0.08989958,0.67776950
-1.58779390,2.09539857,0.05386078,0.25032275,0.91476037,0.50784766,0.56630120,0.09928750,0.09143517,0.66502601
-1.58179090,2.04955230,0.05328710,0.24362130,0.88827444,0.49716306,0.54793473,0.09628238,0.09305528,0.65271277
-1.57578789,2.00495625,0.05300418,0.23703447,0.86385889,0.48623035,0.52980459,0.09350599,0.09475687,0.64102898
-1.56978489,1.96212171,0.05297884,0.23062309,0.84175391,0.47516267,0.51212658,0.09099165,0.09653213,0.63015235
-1.56378189,1.92149322,0.05317450,0.22444261,0.82215986,0.46406549,0.49510390,0.08876693,0.09836824,0.62023245
-1.55777889,1.88343066,0.05355185,0.21854070,0.80522881,0.45303318,0.47891917,0.08685243,0.10024727,0.61138482
-1.55177589,1.84819411,0.05406964,0.21295516,0.79105696,0.44214610,0.46372722,0.08526061,0.10214620,0.60368606
-1.54577289,1.81593243,0.05468535,0.20771227,0.77967854,0.43146824,0.44964898,0.08399509,0.10403729,0.59717020
-1.53976988,1.78667592,0.05535593,0.20282565,0.77106142,0.42104552,0.43676680,0.08305010,0.10588839,0.59182643
-1.53376688,1.76033364,0.05603855,0.19829567,0.76510472,0.41090491,0.42512126,0.08241041,0.10766367,0.58759845
-1.52776388,1.73669537,0.05669134,0.19410939,0.76163865,0.40105426,0.41470984,0.08205156,0.10932430,0.58438538
-1.52176088,1.71543825,0.05727413,0.19024108,0.76042657,0.39148289,0.40548727,0.08194051,0.11082942,0.58204425
-1.51575788,1.69613775,0.05774919,0.18665331,0.76116948,0.38216301,0.39736765,0.08203655,0.11213714,0.58039409
-1.50975488,1.67828261,0.05808194,0.18329845,0.76351254,0.37305164,0.39022824,0.08229254,0.11320563,0.57922139
-1.50375188,1.66129304,0.05824163,0.18012058,0.76705373,0.36409322,0.38391460,0.08265642,0.11399430,0.57828677
-1.49774887,1.64454150,0.05820196,0.17705769,0.77135421,0.35522261,0.37824700,0.08307280,0.11446497,0.57733268
-1.49174587,1.62737527,0.05794157,0.17404415,0.77595006,0.34636842,0.37302772,0.08348480,0.11458298,0.57609174
-1.48574287,1.60913973,0.05744453,0.17101320,0.78036503,0.33745651,0.36804891,0.08383579,0.11431832,0.57429559
-1.47973987,1.58920174,0.05670059,0.16789950,0.78412389,0.32841354,0.36310070,0.08407118,0.11364660,0.57168368
-1.47373687,1.56697197,0.05570538,0.16464157,0.78676581,0.31917038,0.35797924,0.08414010,0.11254993,0.56801196
-1.46773387,1.54192554,0.05446039,0.16118402,0.78785742,0.30966538,0.35249425,0.08399688,0.11101756,0.56306094
-1.46173087,1.51362013,0.05297284,0.15747958,0.78700506,0.29984720,0.34647592,0.08360234,0.10904645,0.55664291
-1.45572786,1.48171104,0.05125538,0.15349071,0.78386578,0.28967721,0.33978083,0.08292488,0.10664151,0.54860813
-1.44972486,1.44596262,0.04932561,0.14919092,0.77815679,0.27913143,0.33229671,0.08194121,0.10381568,0.53884962
-1.44372186,1.40625593,0.04720554,0.14456563,0.76966294,0.26820182,0.32394592,0.08063681,0.10058974,0.52730662
-1.43771886,1.36259223,0.04492084,0.13961261,0.75824220,0.25689697,0.31468757,0.07900615,0.09699193,0.51396645
-1.43171586,1.31509259,0.04250006,0.13434207,0.74382878,0.24524226,0.30451829,0.07705255,0.09305725,0.49886482
-1.42571286,1.26399366,0.03997379,0.12877623,0.72643404,0.23327928,0.29347170,0.07478779,0.08882670,0.48208466
-1.41970985,1.20963992,0.03737376,0.12294869,0.70614502,0.22106487,0.28161664,0.07223152,0.08434619,0.46375351
-1.41370685,1.15247297,0.03473197,0.11690333,0.68312097,0.20866960,0.26905447,0.06941043,0.07966545,0.44403967
-1.40770385,1.09301839,0.03207985,0.11069312,0.65758775,0.19617584,0.25591539,0.06635726,0.07483674,0.42314731
-1.40170085,1.03187071,0.02944748,0.10437861,0.62983072,0.18367566,0.24235424,0.06310973,0.06991359,0.40131070
-1.39569785,0.96967737,0.02686290,0.09802636,0.60018612,0.17126841,0.22854583,0.05970937,0.06494945,0.37878799
-1.38969485,0.90712222,0.02435156,0.09170738,0.56903148,0.15905836,0.21468006,0.05620035,0.05999652,0.35585457
-1.38369185,0.84490912,0.02193586,0.08549547,0.53677549,0.14715228,0.20095709,0.05262832,0.05510451,0.33279651
-1.37768884,0.78374658,0.01963482,0.07946571,0.50384742,0.13565719,0.18758265,0.04903931,0.05031967,0.30990410
-1.37168584,0.72433349,0.01746393,0.07369304,0.47068687,0.12467835,0.17476365,0.04547878,0.04568392,0.28746589
-1.36568284,0.66734671,0.01543508,0.06825099,0.43773381,0.11431744,0.16270422,0.04199067,0.04123413,0.26576325
-1.35967984,0.61343062,0.01355667,0.06321058,0.40541946,0.10467120,0.15160224,0.03861673,0.03700171,0.24506571
-1.35367684,0.56318880,0.01183374,0.05863938,0.37415809,0.09583024,0.14164631,0.03539587,0.03301227,0.22562704
-1.34767384,0.51717788,0.01026831,0.05460077,0.34434011,0.08787831,0.13301321,0.03236380,0.02928562,0.20768219
-1.34167084,0.47590341,0.00885967,0.05115334,0.31632627,0.08089182,0.12586581,0.02955268,0.02583582,0.19144505
-1.33566783,0.43981763,0.00760482,0.04835045,0.29044332,0.07493966,0.12035129,0.02699100,0.02267151,0.17710694
-1.32966483,0.40931874,0.00649887,0.04623983,0.26698090,0.07008322,0.11659961,0.02470354,0.01979631,0.16483576
-1.32366183,0.38475133,0.00553549,0.04486333,0.24618963,0.06637654,0.11472225,0.02271148,0.01720934,0.15477567
-1.31765883,0.36640765,0.00470732,0.04425666,0.22828038,0.06386658,0.11481093,0.02103247,0.01490586,0.14704726
-1.31165583,0.35452920,0.00400639,0.04444919,0.21342430,0.06259340,0.11693646,0.01968090,0.01287787,0.14174783
-1.30565283,0.34930829,0.00342450,0.04546365,0.20175369,0.06259037,0.12114751,0.01866807,0.01111479,0.13895191
-1.29964982,0.35088920,0.00295349,0.04731588,0.19336332,0.06388415,0.12746940,0.01800244,0.00960410,0.13871171
-1.29364682,0.35936864,0.00258556,0.05001452,0.18831204,0.06649455,0.13590284,0.01768977,0.00833195,0.14105750
-1.28764382,0.37479531,0.00231341,0.05356066,0.18662452,0.07043411,0.14642271,0.01773327,0.00728366,0.14599769
-1.28164082,0.39716841,0.00213044,0.05794740,0.18829289,0.07570748,0.15897694,0.01813370,0.00644417,0.15351879
-1.27563782,0.42643497,0.00203080,0.06315950,0.19327822,0.08231050,0.17348552,0.01888934,0.00579844,0.16358497
-1.26963482,0.46248624,0.00200939,0.06917297,0.20151165,0.09022914,0.18983989,0.01999594,0.00533169,0.17613746
-1.26363182,0.50515319,0.00206187,0.07595470,0.21289523,0.09943813,0.20790265,0.02144654,0.00502958,0.19109365
-1.25762881,0.55420131,0.00218454,0.08346218,0.22730235,0.10989961,0.22750779,0.02323126,0.00487832,0.20834614
-1.25162581,0.60932525,0.00237421,0.09164332,0.24457792,0.12156155,0.24846151,0.02533706,0.00486467,0.22776168
-1.24562281,0.67014344,0.00262807,0.10043640,0.26453829,0.13435638,0.27054378,0.02774743,0.00497588,0.24918027
-1.23961981,0.73619342,0.00294349,0.10977020,0.28697106,0.14819959,0.29351054,0.03044207,0.00519961,0.27241445
-1.23361681,0.80692808,0.00331779,0.11956425,0.31163501,0.16298863,0.31709668,0.03339667,0.00552380,0.29724892
-1.22761381,0.88171360,0.00374808,0.12972940,0.33826015,0.17860217,0.34101976,0.03658262,0.00593653,0.32344079
-1.22161081,0.95982927,0.00423104,0.14016852,0.36654821,0.19489975,0.36498435,0.03996696,0.00642584,0.35072031
-1.21560780,1.04046995,0.00476273,0.15077747,0.39617380,0.21172195,0.38868702,0.04351230,0.00697966,0.37879257
-1.20960480,1.12275121,0.00533846,0.16144629,0.42678621,0.22889125,0.41182175,0.04717702,0.00758571,0.40733989
-1.20360180,1.20571770,0.00595265,0.17206065,0.45801214,0.24621350,0.43408573,0.05091554,0.00823143,0.43602524
-1.19759880,1.28835483,0.00659877,0.18250347,0.48945959,0.26348014,0.45518525,0.05467883,0.00890402,0.46449662
-1.19159580,1.36960369,0.00726932,0.19265682,0.52072262,0.28047115,0.47484170,0.05841509,0.00959051,0.49239241
-1.18559280,1.44837929,0.00795588,0.20240393,0.55138747,0.29695873,0.49279738,0.06207062,0.01027787,0.51934760
-1.17958979,1.52359163,0.00864918,0.21163141,0.58103961,0.31271161,0.50882101,0.06559090,0.01095323,0.54500088
-1.17358679,1.59416935,0.00933929,0.22023160,0.60927180,0.32749991,0.52271278,0.06892176,0.01160413,0.56900236
-1.16758379,1.65908517,0.01001585,0.22810497,0.63569305,0.34110053,0.53430885,0.07201072,0.01221877,0.59102178
-1.16158079,1.71738246,0.01066832,0.23516264,0.65993805,0.35330269,0.54348503,0.07480841,0.01278636,0.61075688
-1.15557779,1.76820204,0.01128631,0.24132877,0.68167695,0.36391371,0.55015983,0.07726994,0.01329740,0.62794183
-1.14957479,1.81080814,0.01185994,0.24654297,0.70062513,0.37276451,0.55429647,0.07935637,0.01374408,0.64235516
-1.14357179,1.84461260,0.01238022,0.25076244,0.71655248,0.37971493,0.55590402,0.08103595,0.01412052,0.65382707
-1.13756878,1.86919619,0.01283945,0.25396404,0.72929186,0.38465839,0.55503753,0.08228531,0.01442306,0.66224572
-1.13156578,1.88432605,0.01323157,0.25614580,0.73874641,0.38752581,0.55179717,0.08309038,0.01465048,0.66756212
-1.12556278,1.88996834,0.01355255,0.25732823,0.74489518,0.38828854,0.54632636,0.08344710,0.01480412,0.66979345
-1.11955978,1.88629538,0.01380069,0.25755502,0.74779686,0.38696022,0.53880884,0.08336185,0.01488798,0.66902451
-1.11355678,1.87368666,0.01397693,0.25689317,0.74759124,0.38359730,0.52946487,0.08285146,0.01490867,0.66540707
-1.10755378,1.85272353,0.01408504,0.25543250,0.74449830,0.37829832,0.51854643,0.08194303,0.01487533,0.65915720
-1.10155078,1.82417730,0.01413177,0.25328451,0.73881469,0.37120183,0.50633168,0.08067331,0.01479944,0.65055034
-1.09554777,1.78899114,0.01412692,0.25058048,0.73090771,0.36248298,0.49311861,0.07908778,0.01469452,0.63991437
-1.08954477,1.74825623,0.01408332,0.24746885,0.72120683,0.35234900,0.47921819,0.07723949,0.01457581,0.62762081
-1.08354177,1.70318279,0.01401677,0.24411202,0.71019292,0.34103359,0.46494703,0.07518759,0.01445984,0.61407435
-1.07753877,1.65506710,0.01394582,0.24068242,0.69838556,0.32879048,0.45061983,0.07299572,0.01436399,0.59970114
-1.07153577,1.60525555,0.01389152,0.23735815,0.68632884,0.31588640,0.43654177,0.07073023,0.01430595,0.58493625
-1.06553277,1.55510699,0.01387708,0.23431811,0.67457600,0.30259372,0.42300112,0.06845832,0.01430327,0.57021067
-1.05952976,1.50595476,0.01392749,0.23173697,0.66367347,0.28918302,0.41026216,0.06624619,0.01437280,0.55593843
-1.05352676,1.45906957,0.01406896,0.22977992,0.65414493,0.27591580,0.39855881,0.06415729,0.01453016,0.54250430
-1.04752376,1.41562468,0.01432843,0.22859756,0.64647574,0.26303776,0.38808904,0.06225057,0.01478933,0.53025245
-1.04152076,1.37666435,0.01473293,0.22832092,0.64109840,0.25077261,0.37901030,0.06057900,0.01516211,0.51947663
-1.03551776,1.34307665,0.01530889,0.22905697,0.63837940,0.23931686,0.37143612,0.05918820,0.01565780,0.51041208
-1.02951476,1.31557127,0.01608143,0.23088462,0.63860799,0.22883555,0.36543398,0.05811541,0.01628281,0.50322953
-1.02351176,1.29466307,0.01707360,0.23385147,0.64198703,0.21945910,0.36102449,0.05738861,0.01704038,0.49803143
-1.01750875,1.28066158,0.01830557,0.23797137,0.64862631,0.21128131,0.35818198,0.05702593,0.01793040,0.49485046
-1.01150575,1.27366648,0.01979382,0.24322289,0.65853846,0.20435857,0.35683633,0.05703537,0.01894924,0.49365043
-1.00550275,1.27356927,0.02155037,0.24954887,0.67163750,0.19871009,0.35687614,0.05741472,0.02008974,0.49432931
-0.99949975,1.28006047,0.02358196,0.25685696,0.68774017,0.19431924,0.35815288,0.05815176,0.02134118,0.49672427
-0.99349675,1.29264227,0.02588933,0.26502124,0.70656979,0.19113585,0.36048605,0.05922468,0.02268942,0.50061852
-0.98749375,1.31064585,0.02846663,0.27388485,0.72776269,0.18907925,0.36366915,0.06060268,0.02411709,0.50574960
-0.98149075,1.33325287,0.03130088,0.28326368,0.75087693,0.18804208,0.36747607,0.06224684,0.02560388,0.51181880
-0.97548774,1.35952040,0.03437160,0.29295089,0.77540321,0.18789453,0.37166790,0.06411107,0.02712688,0.51850133
-0.96948474,1.38840860,0.03765068,0.30272224,0.80077760,0.18848910,0.37599993,0.06614323,0.02866105,0.52545698
-0.96348174,1.41881034,0.04110243,0.31234207,0.82639577,0.18966548,0.38022846,0.06828644,0.03017972,0.53234082
-0.95747874,1.44958218,0.04468388,0.32156978,0.85162859,0.19125561,0.38411744,0.07048040,0.03165520,0.53881377
-0.95147574,1.47957577,0.04834541,0.33016662,0.87583851,0.19308874,0.38744478,0.07266285,0.03305940,0.54455256
-0.94547274,1.50766914,0.05203153,0.33790253,0.89839649,0.19499635,0.39000802,0.07477108,0.03436456,0.54925913
-0.93946973,1.53279707,0.05568207,0.34456299,0.91869901,0.19681679,0.39162944,0.07674342,0.03554391,0.55266899
-0.93346673,1.55397981,0.05923355,0.34995545,0.93618472,0.19839969,0.39216049,0.07852080,0.03657241,0.55455854
-0.92746373,1.57034964,0.06262074,0.35391532,0.95035033,0.19960987,0.39148539,0.08004821,0.03742750,0.55475123
-0.92146073,1.58117439,0.06577845,0.35631125,0.96076522,0.20033077,0.38952392,0.08127611,0.03808967,0.55312233
-0.91545773,1.58587751,0.06864339,0.35704946,0.96708444,0.20046738,0.38623341,0.08216174,0.03854317,0.54960241
-0.90945473,1.58405397,0.07115605,0.35607706,0.96905942,0.19994841,0.38160982,0.08267026,0.03877643,0.54417932
-0.90345173,1.57548165,0.07326259,0.35338422,0.96654637,0.19872792,0.37568794,0.08277567,0.03878253,0.53689887
-0.89744872,1.56012770,0.07491656,0.34900500,0.95951170,0.19678609,0.36854077,0.08246158,0.03855948,0.52786388
-0.89144572,1.53814970,0.07608041,0.34301699,0.94803439,0.19412936,0.36027794,0.08172168,0.03811036,0.51723196
-0.88544272,1.50989144,0.07672679,0.33553953,0.93230512,0.19078972,0.35104336,0.08055991,0.03744332,0.50521184
-0.87943972,1.47587343,0.07683942,0.32673076,0.91262211,0.18682334,0.34101200,0.07899037,0.03657148,0.49205838
-0.87343672,1.43677824,0.07641369,0.31678348,0.88938368,0.18230843,0.33038598,0.07703696,0.03551261,0.47806635
-0.86743372,1.39343115,0.07545676,0.30592000,0.86307783,0.17734249,0.31938986,0.07473270,0.03428877,0.46356317
-0.86143072,1.34677669,0.07398730,0.29438615,0.83426909,0.17203897,0.30826541,0.07211878,0.03292573,0.44890060
-0.85542771,1.29785167,0.07203480,0.28244459,0.80358300,0.16652349,0.29726581,0.06924342,0.03145241,0.43444572
-0.84942471,1.24775563,0.06963852,0.27036780,0.77168884,0.16092969,0.28664955,0.06616050,0.02990012,0.42057140
-0.84342171,1.19761965,0.06684613,0.25843079,0.73928113,0.15539487,0.27667399,0.06292807,0.02830187,0.40764634
-0.83741871,1.14857444,0.06371211,0.24690391,0.70706050,0.15005555,0.26758891,0.05960678,0.02669157,0.39602518
-0.83141571,1.10171886,0.06029591,0.23604584,0.67571457,0.14504313,0.25963015,0.05625823,0.02510324,0.38603870
-0.82541271,1.05808962,0.05666009,0.22609718,0.64589951,0.14047972,0.25301338,0.05294335,0.02357030,0.37798460
-0.81940970,1.01863336,0.05286837,0.21727449,0.61822279,0.13647435,0.24792844,0.04972091,0.02212482,0.37211894
-0.81340670,0.98418161,0.04898384,0.20976525,0.59322762,0.13311962,0.24453406,0.04664605,0.02079682,0.36864860
-0.80740370,0.95542957,0.04506721,0.20372363,0.57137962,0.13048896,0.24295340,0.04376905,0.01961375,0.36772497
-0.80140070,0.93291901,0.04117534,0.19926724,0.55305588,0.12863447,0.24327035,0.04113416,0.01859987,0.36943898
-0.79539770,0.91702580,0.03735995,0.19647477,0.53853675,0.12758554,0.24552671,0.03877881,0.01777581,0.37381770
-0.78939470,0.90795212,0.03366664,0.19538476,0.52800049,0.12734811,0.24972040,0.03673285,0.01715821,0.38082259
-0.78339170,0.90572354,0.03013422,0.19599523,0.52152066,0.12790476,0.25580465,0.03501811,0.01675938,0.39034939
-0.77738869,0.91019069,0.02679433,0.19826423,0.51906642,0.12921540,0.26368829,0.03364816,0.01658705,0.40222979
-0.77138569,0.92103542,0.02367125,0.20211130,0.52050534,0.13121872,0.27323701,0.03262826,0.01664422,0.41623466
-0.76538269,0.93778105,0.02078215,0.20741969,0.52560873,0.13383416,0.28427574,0.03195548,0.01692906,0.43207896
-0.75937969,0.95980637,0.01813739,0.21403930,0.53405910,0.13696448,0.29659196,0.03161905,0.01743491,0.44942799
-0.75337669,0.98636282,0.01574108,0.22179024,0.54545957,0.14049866,0.30993995,0.03160083,0.01815031,0.46790501
-0.74737369,1.01659451,0.01359179,0.23046705,0.55934490,0.14431522,0.32404589,0.03187593,0.01905918,0.48709994
-0.74137069,1.04956048,0.01168330,0.23984326,0.57519383,0.14828570,0.33861373,0.03241347,0.02014107,0.50657891
-0.73536768,1.08425863,0.01000547,0.24967653,0.59244250,0.15227828,0.35333167,0.03317745,0.02137148,0.52589457
-0.72936468,1.11965096,0.00854507,0.25971398,0.61049854,0.15616146,0.36787926,0.03412768,0.02272232,0.54459669
-0.72336168,1.15468946,0.00728662,0.26969793,0.62875566,0.15980761,0.38193476,0.03522089,0.02416245,0.56224305
-0.71735868,1.18834219,0.00621316,0.27937166,0.64660833,0.16309637,0.39518283,0.03641177,0.02565835,0.57841020
-0.71135568,1.21961895,0.00530698,0.28848536,0.66346637,0.16591780,0.40732226,0.03765416,0.02717485,0.59270381
-0.70535268,1.24759611,0.00455027,0.29680195,0.67876907,0.16817529,0.41807356,0.03890224,0.02867599,0.60476857
-0.69934967,1.27144001,0.00392564,0.30410279,0.69199862,0.16978796,0.42718624,0.04011170,0.03012590,0.61429713
-0.69334667,1.29042833,0.00341665,0.31019300,0.70269241,0.17069275,0.43444556,0.04124090,0.03148972,0.62103799
-0.68734367,1.30396900,0.00300809,0.31490644,0.71045410,0.17084600,0.43967860,0.04225200,0.03273460,0.62480219
-0.68134067,1.31161608,0.00268639,0.31810999,0.71496305,0.17022453,0.44275931,0.04311198,0.03383062,0.62546842
-0.67533767,1.31308213,0.00243979,0.31970713,0.71598188,0.16882621,0.44361256,0.04379352,0.03475163,0.62298653
-0.66933467,1.30824673,0.00225849,0.31964061,0.71336185,0.16667004,0.44221677,0.04427582,0.03547606,0.61737935
-0.66333167,1.29716070,0.00213484,0.31789415,0.70704612,0.16379568,0.43860526,0.04454518,0.03598761,0.60874256
-0.65732866,1.28004584,0.00206336,0.31449302,0.69707043,0.16026250,0.43286596,0.04459536,0.03627569,0.59724282
-0.65132566,1.25729021,0.00204077,0.30950349,0.68356141,0.15614815,0.42513968,0.04442778,0.03633578,0.58311394
-0.64532266,1.22943867,0.00206608,0.30303112,0.66673245,0.15154667,0.41561670,0.04405150,0.03616953,0.56665139
-0.63931966,1.19717919,0.00214049,0.29521788,0.64687721,0.14656628,0.40453199,0.04348288,0.03578470,0.54820512
-0.63331666,1.16132504,0.00226740,0.28623822,0.62436096,0.14132671,0.39215890,0.04274511,0.03519482,0.52817094
-0.62731366,1.12279337,0.00245234,0.27629420,0.59961016,0.13595638,0.37880181,0.04186747,0.03441874,0.50698074
-0.62131066,1.08258076,0.00270290,0.26560980,0.57310034,0.13058927,0.36478766,0.04088439,0.03347991,0.48509169
-0.61530765,1.04173653,0.00302857,0.25442454,0.54534303,0.12536172,0.35045682,0.03983440,0.03240563,0.46297488
-0.60930465,1.00133442,0.00344060,0.24298684,0.51687177,0.12040915,0.33615351,0.03875892,0.03122604,0.44110364
-0.60330165,0.96244362,0.00395179,0.23154703,0.48822800,0.11586275,0.32221611,0.03770092,0.02997312,0.41994180
-0.59729865,0.92609991,0.00457621,0.22035050,0.45994705,0.11184635,0.30896766,0.03670361,0.02867969,0.39993244
-0.59129565,0.89327774,0.00532887,0.20963108,0.43254472,0.10847333,0.29670684,0.03580911,0.02737826,0.38148712
-0.58529265,0.86486411,0.00622532,0.19960490,0.40650481,0.10584387,0.28569977,0.03505707,0.02610013,0.36497614
-0.57928964,0.84163486,0.00728114,0.19046484,0.38226793,0.10404238,0.27617285,0.03448355,0.02487438,0.35071997
-0.57328664,0.82423406,0.00851145,0.18237595,0.36022189,0.10313539,0.26830689,0.03411979,0.02372709,0.33898198
-0.56728364,0.81315707,0.00993020,0.17547156,0.34069373,0.10316966,0.26223265,0.03399133,0.02268066,0.32996275
-0.56128064,0.80873754,0.01154959,0.16985066,0.32394365,0.10417090,0.25802795,0.03411717,0.02175328,0.32379604
-0.55527764,0.81113876,0.01337927,0.16557613,0.31016091,0.10614284,0.25571643,0.03450919,0.02095856,0.32054638
-0.54927464,0.82034954,0.01542564,0.16267418,0.29946150,0.10906677,0.25526797,0.03517172,0.02030536,0.32020852
-0.54327164,0.83618465,0.01769111,0.16113476,0.29188782,0.11290170,0.25660061,0.03610139,0.01979775,0.32270847
-0.53726863,0.85828980,0.02017341,0.16091305,0.28741009,0.11758490,0.25958416,0.03728713,0.01943512,0.32790636
-0.53126563,0.88615108,0.02286501,0.16193179,0.28592946,0.12303308,0.26404504,0.03871043,0.01921249,0.33560079
-0.52526263,0.91910865,0.02575257,0.16408459,0.28728273,0.12914401,0.26977243,0.04034582,0.01912091,0.34553477
-0.51925963,0.95637436,0.02881668,0.16723984,0.29124845,0.13579868,0.27652544,0.04216149,0.01914796,0.35740302
-0.51325663,0.99705297,0.03203170,0.17124537,0.29755442,0.14286394,0.28404110,0.04412017,0.01927833,0.37086049
-0.50725363,1.04016652,0.03536585,0.17593351,0.30588631,0.15019553,0.29204284,0.04618013,0.01949454,0.38553207
-0.50125063,1.08468135,0.03878158,0.18112662,0.31589732,0.15764161,0.30024944,0.04829635,0.01977760,0.40102299
-0.49524762,1.12953720,0.04223617,0.18664279,0.32721864,0.16504645,0.30838389,0.05042179,0.02010778,0.41693014
-0.48924462,1.17367760,0.04568269,0.19230169,0.33947074,0.17225456,0.31618226,0.05250881,0.02046532,0.43285360
-0.48324162,1.21608108,0.04907106,0.19793036,0.35227494,0.17911475,0.32340200,0.05451054,0.02083115,0.44840852
-0.47723862,1.25579208,0.05234953,0.20336886,0.36526535,0.18548443,0.32982967,0.05638240,0.02118760,0.46323680
-0.47123562,1.29195104,0.05546623,0.20847559,0.37810073,0.19123372,0.33528790,0.05808348,0.02151903,0.47701842
-0.46523262,1.32382259,0.05837091,0.21313217,0.39047603,0.19624937,0.33964118,0.05957799,0.02181237,0.48948201
-0.45922961,1.35082108,0.06101673,0.21724776,0.40213326,0.20043837,0.34280065,0.06083646,0.02205766,0.50041446
-0.45322661,1.37253253,0.06336210,0.22076261,0.41287140,0.20373108,0.34472739,0.06183693,0.02224842,0.50966908
-0.44722361,1.38873230,0.06537234,0.22365094,0.42255488,0.20608385,0.34543453,0.06256583,0.02238197,0.51717224
-0.44122061,1.39939764,0.06702131,0.22592273,0.43112044,0.20748085,0.34498774,0.06301876,0.02245960,0.52292803
-0.43521761,1.40471468,0.06829265,0.22762465,0.43858183,0.20793518,0.34350437,0.06320086,0.02248669,0.52702079
-0.42921461,1.40507926,0.06918085,0.22883985,0.44503227,0.20748920,0.34115107,0.06312705,0.02247263,0.52961538
-0.42321161,1.40109140,0.06969181,0.22968672,0.45064425,0.20621387,0.33814007,0.06282180,0.02243068,0.53095495
-0.41720860,1.39354336,0.06984305,0.23031655,0.45566657,0.20420729,0.33472408,0.06231876,0.02237768,0.53135628
-0.41120560,1.38340129,0.06966351,0.23091007,0.46041854,0.20159233,0.33119013,0.06165991,0.02233363,0.53120265
-0.40520260,1.37178098,0.06919276,0.23167307,0.46528133,0.19851350,0.32785220,0.06089452,0.02232123,0.53093438
-0.39919960,1.35991801,0.06847990,0.23283102,0.47068656,0.19513299,0.32504318,0.06007780,0.02236521,0.53103718
-0.39319660,1.34913329,0.06758201,0.23462298,0.47710237,0.19162624,0.32310599,0.05926928,0.02249167,0.53202861
-0.38719360,1.34079465,0.06656216,0.23729477,0.48501736,0.18817686,0.32238440,0.05853102,0.02272729,0.53444288
-0.38119060,1.33627577,0.06548727,0.24109177,0.49492267,0.18497131,0.32321355,0.05792568,0.02309854,0.53881456
-0.37518759,1.33691347,0.06442567,0.24625134,0.50729295,0.18219337,0.32591052,0.05751448,0.02363083,0.54566139
-0.36918459,1.34396462,0.06344455,0.25299525,0.52256662,0.18001861,0.33076522,0.05735514,0.02434766,0.55546688
-0.36318159,1.35856413,0.06260748,0.26152223,0.54112627,0.17860895,0.33803173,0.05749991,0.02526980,0.56866308
-0.35717859,1.38168523,0.06197192,0.27200086,0.56327979,0.17810765,0.34792042,0.05799367,0.02641458,0.58561408
-0.35117559,1.41410327,0.06158697,0.28456317,0.58924304,0.17863468,0.36059108,0.05887221,0.02779513,0.60660078
-0.34517259,1.45636448,0.06149141,0.29929888,0.61912476,0.18028270,0.37614715,0.06016085,0.02941990,0.63180750
-0.33916958,1.50876059,0.06171209,0.31625077,0.65291449,0.18311384,0.39463141,0.06187324,0.03129213,0.66131076
-0.33316658,1.57131036,0.06226274,0.33541116,0.69047398,0.18715728,0.41602309,0.06401061,0.03340962,0.69507089
-0.32716358,1.64374892,0.06314326,0.35671973,0.73153276,0.19240774,0.44023660,0.06656134,0.03576455,0.73292680
-0.32116058,1.72552525,0.06433959,0.38006267,0.77568821,0.19882491,0.46712195,0.06950102,0.03834354,0.77459413
-0.31515758,1.81580836,0.06582399,0.40527343,0.82241047,0.20633400,0.49646681,0.07279283,0.04112782,0.81966721
-0.30915458,1.91350216,0.06755598,0.43213487,0.87105211,0.21482714,0.52800024,0.07638845,0.04409362,0.86762487
-0.30315158,2.01726872,0.06948365,0.46038288,0.92086264,0.22416589,0.56139796,0.08022923,0.04721264,0.91784005
-0.29714857,2.12555951,0.07154550,0.48971143,0.97100739,0.23418458,0.59628896,0.08424783,0.05045273,0.96959327
-0.29114557,2.23665383,0.07367262,0.51977884,1.02059044,0.24469452,0.63226340,0.08837007,0.05377861,1.02208950
-0.28514257,2.34870321,0.07579117,0.55021515,1.06868069,0.25548896,0.66888146,0.09251710,0.05715266,1.07447814
-0.27913957,2.45978067,0.07782505,0.58063043,1.11434040,0.26634862,0.70568290,0.09660762,0.06053586,1.12587561
-0.27313657,2.56793312,0.07969874,0.61062364,1.15665503,0.27704763,0.74219708,0.10056030,0.06388858,1.17538970
-0.26713357,2.67123536,0.08134001,0.63979196,1.19476346,0.28735975,0.77795313,0.10429611,0.06717153,1.22214505
-0.26113057,2.76784376,0.08268263,0.66774024,1.22788725,0.29706466,0.81249002,0.10774060,0.07034655,1.26530884
-0.25512756,2.85604798,0.08366882,0.69409022,1.25535788,0.30595407,0.84536621,0.11082599,0.07337741,1.30411571
-0.24912456,2.93431887,0.08425135,0.71848942,1.27664083,0.31383753,0.87616865,0.11349307,0.07623049,1.33789111
-0.24312156,3.00135096,0.08439537,0.74061933,1.29135556,0.32054766,0.90452106,0.11569277,0.07887543,1.36607198
-0.23711856,3.05609811,0.08407965,0.76020270,1.29929039,0.32594475,0.93009104,0.11738736,0.08128565,1.38822412
-0.23111556,3.09780120,0.08329748,0.77700978,1.30041181,0.32992040,0.95259623,0.11855136,0.08343883,1.40405546
-0.22511256,3.12600685,0.08205695,0.79086331,1.29486773,0.33240023,0.97180919,0.11917198,0.08531725,1.41342463
-0.21910955,3.14057692,0.08038086,0.80164228,1.28298441,0.33334554,0.98756100,0.11924922,0.08690815,1.41634457
-0.21310655,3.14168827,0.07830600,0.80928418,1.26525733,0.33275376,0.99974371,0.11879560,0.08820393,1.41298090
-0.20710355,3.12982329,0.07588221,0.81378591,1.24233628,0.33065785,1.00831151,0.11783554,0.08920233,1.40364520
-0.20110055,3.10575151,0.07317087,0.81520326,1.21500514,0.32712459,1.01328065,0.11640443,0.08990659,1.38878346
-0.19509755,3.07050320,0.07024326,0.81364903,1.18415737,0.32225183,1.01472826,0.11454744,0.09032551,1.36896013
-0.18909455,3.02533609,0.06717862,0.80928988,1.15076789,0.31616491,1.01279008,0.11231822,0.09047340,1.34483851
-0.18309155,2.97169629,0.06406208,0.80234188,1.11586268,0.30901227,1.00765702,0.10977727,0.09037002,1.31715825
-0.17708854,2.91117515,0.06098260,0.79306512,1.08048699,0.30096054,0.99957087,0.10699040,0.09004039,1.28671092
-0.17108554,2.84546322,0.05803085,0.78175721,1.04567349,0.29218923,0.98881892,0.10402704,0.08951445,1.25431461
-0.16508254,2.77630302,0.05529719,0.76874609,1.01241139,0.28288527,0.97572784,0.10095855,0.08882661,1.22078860
-0.15907954,2.70544211,0.05286979,0.75438207,0.98161755,0.27323752,0.96065663,0.09785661,0.08801512,1.18692902
-0.15307654,2.63458763,0.05083288,0.73902951,0.95411064,0.26343158,0.94398900,0.09479162,0.08712131,1.15348646
-0.14707354,2.56536387,0.04926517,0.72305810,0.93058890,0.25364487,0.92612506,0.09183124,0.08618858,1.12114630
-0.14107054,2.49927361,0.04823845,0.70683410,0.91161233,0.24404235,0.90747270,0.08903905,0.08526129,1.09051230
-0.13506753,2.43766447,0.04781636,0.69071166,0.89758968,0.23477280,0.88843864,0.08647327,0.08438351,1.06209406
-0.12906453,2.38170064,0.04805331,0.67502449,0.88877042,0.22596591,0.86941945,0.08418568,0.08359758,1.03629845
-0.12306153,2.33234080,0.04899356,0.66007802,0.88524184,0.21773011,0.85079279,0.08222070,0.08294269,1.01342519
-0.11705853,2.29032224,0.05067031,0.64614228,0.88693121,0.21015122,0.83290895,0.08061460,0.08245342,0.99366644
-0.11105553,2.25615142,0.05310503,0.63344581,0.89361260,0.20329190,0.81608315,0.07939484,0.08215832,0.97711009
-0.10505253,2.23010084,0.05630681,0.62217049,0.90491810,0.19719180,0.80058855,0.07857967,0.08207863,0.96374627
-0.09904952,2.21221189,0.06027171,0.61244783,0.92035286,0.19186843,0.78665044,0.07817782,0.08222716,0.95347672
-0.09304652,2.20230332,0.06498237,0.60435644,0.93931327,0.18731861,0.77444154,0.07818840,0.08260750,0.94612606
-0.08704352,2.19998474,0.07040759,0.59792101,0.96110767,0.18352030,0.76407873,0.07860098,0.08321349,0.94145453
-0.08104052,2.20467454,0.07650207,0.59311278,0.98497882,0.18043490,0.75562111,0.07939586,0.08402902,0.93917147
-0.07503752,2.21562140,0.08320644,0.58985143,1.01012726,0.17800971,0.74906961,0.08054450,0.08502830,0.93894875
-0.06903452,2.23192891,0.09044731,0.58800838,1.03573503,0.17618054,0.74436799,0.08201015,0.08617650,0.94043365
-0.06303152,2.25258220,0.09813782,0.58741138,1.06098878,0.17487435,0.74140532,0.08374861,0.08743068,0.94326078
-0.05702851,2.27647617,0.10617831,0.58785028,1.08510172,0.17401179,0.74001972,0.08570926,0.08874125,0.94706248
-0.05102551,2.30244441,0.11445746,0.58908386,1.10733385,0.17350965,0.74000336,0.08783610,0.09005357,0.95147761
-0.04502251,2.32928836,0.12285376,0.59084738,1.12700992,0.17328308,0.74110851,0.09006903,0.09130990,0.95615859
-0.03901951,2.35580600,0.13123742,0.59286084,1.14353469,0.17324761,0.74305460,0.09234526,0.09245145,0.96077671
-0.03301651,2.38081981,0.13947260,0.59483756,1.15640539,0.17332097,0.74553604,0.09460070,0.09342054,0.96502591
-0.02701351,2.40320333,0.14742007,0.59649297,1.16522101,0.17342460,0.74823063,0.09677157,0.09416274,0.96862522
-0.02101051,2.42190627,0.15494018,0.59755333,1.16968856,0.17348503,0.75080853,0.09879593,0.09462886,0.97132026
-0.01500750,2.43597766,0.16189598,0.59776419,1.16962629,0.17343504,0.75294145,0.10061525,0.09477682,0.97288414
-0.00900450,2.44458685,0.16815661,0.59689823,1.16496403,0.17321460,0.75431194,0.10217596,0.09457320,0.97311804
-0.00300150,2.44704213,0.17360064,0.59476253,1.15574092,0.17277182,0.75462259,0.10343087,0.09399449,0.97185191
0.00300150,2.44280660,0.17811934,0.59120480,1.14210074,0.17206361,0.75360489,0.10434054,0.09302797,0.96894545
0.00900450,2.43151110,0.18161978,0.58611854,1.12428524,0.17105633,0.75102749,0.10487437,0.09167214,0.96428954
0.01500750,2.41296371,0.18402750,0.57944687,1.10262568,0.16972638,0.74670368,0.10501160,0.08993683,0.95780821
0.02101051,2.38715571,0.18528878,0.57118496,1.07753298,0.16806054,0.74049771,0.10474196,0.08784282,0.94946105
0.02701351,2.35426336,0.18537231,0.56138087,1.04948668,0.16605632,0.73232980,0.10406606,0.08542114,0.93924584
0.03301651,2.31464541,0.18427018,0.55013476,1.01902301,0.16372203,0.72217948,0.10299551,0.08271198,0.92720121
0.03901951,2.26883590,0.18199818,0.53759637,0.98672224,0.16107670,0.71008719,0.10155259,0.07976334,0.91340892
0.04502251,2.21753211,0.17859536,0.52396087,0.95319552,0.15814977,0.69615382,0.09976971,0.07662944,0.89799536
0.05102551,2.16157757,0.17412282,0.50946305,0.91907135,0.15498043,0.68053817,0.09768843,0.07336895,0.88113193
0.05702851,2.10194031,0.16866180,0.49437001,0.88498174,0.15161670,0.66345224,0.09535819,0.07004308,0.86303389
0.06303152,2.03968645,0.16231121,0.47897255,0.85154837,0.14811419,0.64515458,0.09283471,0.06671370,0.84395742
0.06903452,1.97594991,0.15518454,0.46357547,0.81936869,0.14453449,0.62594156,0.09017822,0.06344144,0.82419467
0.07503752,1.91189872,0.14740648,0.44848711,0.78900233,0.14094330,0.60613717,0.08745145,0.06028385,0.80406682
0.08104052,1.84869909,0.13910920,0.43400849,0.76095789,0.13740830,0.58608142,0.08471744,0.05729376,0.78391512
0.08704352,1.78747826,0.13042857,0.42042235,0.73568047,0.13399675,0.56611791,0.08203745,0.05451776,0.76409027
0.09304652,1.72928756,0.12150044,0.40798270,0.71354025,0.13077307,0.54658110,0.07946878,0.05199495,0.74494043
0.09904952,1.67506689,0.11245703,0.39690506,0.69482233,0.12779635,0.52778368,0.07706275,0.04975593,0.72679840
0.10505253,1.62561238,0.10342376,0.38735798,0.67971841,0.12511791,0.51000475,0.07486294,0.04782207,0.70996852
0.11105553,1.58154832,0.09451641,0.37945609,0.66832052,0.12277917,0.49347920,0.07290364,0.04620510,0.69471402
0.11705853,1.54330481,0.08583883,0.37325518,0.66061716,0.12080973,0.47838891,0.07120868,0.04490696,0.68124543
0.12306153,1.51110226,0.07748119,0.36874928,0.65649234,0.11922590,0.46485603,0.06979068,0.04391997,0.66971065
0.12906453,1.48494341,0.06951883,0.36587023,0.65572744,0.11802973,0.45293890,0.06865069,0.04322735,0.66018738
0.13506753,1.46461352,0.06201171,0.36448955,0.65800632,0.11720859,0.44263045,0.06777830,0.04280391,0.65267827
0.14107054,1.44968885,0.05500439,0.36442270,0.66292355,0.11673533,0.43385956,0.06715223,0.04261709,0.64710906
0.14707354,1.43955312,0.04852648,0.36543559,0.66999563,0.11656908,0.42649496,0.06674131,0.04262814,0.64333011
0.15307654,1.43342145,0.04259363,0.36725306,0.67867500,0.11665658,0.42035174,0.06650585,0.04279351,0.64112097
0.15907954,1.43037069,0.03720874,0.36956896,0.68836639,0.11693408,0.41519995,0.06639934,0.04306638,0.64019812
0.16508254,1.42937501,0.03236354,0.37205750,0.69844496,0.11732962,0.41077505,0.06637040,0.04339823,0.64022533
0.17108554,1.42934497,0.02804026,0.37438530,0.70827569,0.11776570,0.40678950,0.06636487,0.04374044,0.64082626
0.17708854,1.42916867,0.02421343,0.37622370,0.71723313,0.11816215,0.40294521,0.06632798,0.04404588,0.64159858
0.18309155,1.42775298,0.02085171,0.37726071,0.72472092,0.11843908,0.39894591,0.06620654,0.04427041,0.64212917
0.18909455,1.42406306,0.01791955,0.37721219,0.73019012,0.11851977,0.39450926,0.06595090,0.04437417,0.64200937
0.19509755,1.41715872,0.01537889,0.37583176,0.73315585,0.11833342,0.38937784,0.06551682,0.04432277,0.64084990
0.20110055,1.40622594,0.01319053,0.37291897,0.73321134,0.11781756,0.38332872,0.06486702,0.04408819,0.63829457
0.20710355,1.39060233,0.01131538,0.36832548,0.73003904,0.11692011,0.37618119,0.06397237,0.04364947,0.63403235
0.21310655,1.36979587,0.00971554,0.36195906,0.72341828,0.11560094,0.36780242,0.06281273,0.04299308,0.62780716
0.21910955,1.34349617,0.00835507,0.35378521,0.71322925,0.11383294,0.35811077,0.06137740,0.04211305,0.61942535
0.22511256,1.31157815,0.00720061,0.34382652,0.69945337,0.11160251,0.34707687,0.05966518,0.04101076,0.60876025
0.23111556,1.27409852,0.00622177,0.33215980,0.68216996,0.10890957,0.33472242,0.05768397,0.03969458,0.59575418
0.23711856,1.23128537,0.00539137,0.31891126,0.66154966,0.10576700,0.32111697,0.05545018,0.03817917,0.58041767
0.24312156,1.18352193,0.00468550,0.30425002,0.63784493,0.10219969,0.30637296,0.05298766,0.03648462,0.56282619
0.24912456,1.13132539,0.00408347,0.28838034,0.61137816,0.09824315,0.29063925,0.05032654,0.03463553,0.54311483
0.25512756,1.07532226,0.00356763,0.27153297,0.58252815,0.09394189,0.27409376,0.04750185,0.03265984,0.52147109
0.26113057,1.01622129,0.00312319,0.25395605,0.55171536,0.08934754,0.25693536,0.04455203,0.03058775,0.49812638
0.26713357,0.95478554,0.00273789,0.23590600,0.51938691,0.08451687,0.23937563,0.04151744,0.02845053,0.47334660
0.27313657,0.89180472,0.00240174,0.21763879,0.48600169,0.07950978,0.22163079,0.03843893,0.02627952,0.44742226
0.27913957,0.82806899,0.00210667,0.19940197,0.45201636,0.07438741,0.20391420,0.03535647,0.02410504,0.42065863
0.28514257,0.76434510,0.00184624,0.18142763,0.41787268,0.06921029,0.18642957,0.03230798,0.02195559,0.39336629
0.29114557,0.70135582,0.00161537,0.16392670,0.38398647,0.06403673,0.16936539,0.02932830,0.01985710,0.36585223
0.29714857,0.63976295,0.00141004,0.14708456,0.35073861,0.05892148,0.15289039,0.02644847,0.01783238,0.33841213
0.30315158,0.58015441,0.00122708,0.13105804,0.31846824,0.05391453,0.13715035,0.02369507,0.01590072,0.31132363
0.30915458,0.52303544,0.00106399,0.11597392,0.28746805,0.04906035,0.12226619,0.02108999,0.01407768,0.28484095
0.31515758,0.46882373,0.00091873,0.10192869,0.25798178,0.04439727,0.10833327,0.01865026,0.01237505,0.25919080
0.32116058,0.41784830,0.00078962,0.08898951,0.23020374,0.03995718,0.09542179,0.01638814,0.01080091,0.23456968
0.32716358,0.37035177,0.00067522,0.07719626,0.20428008,0.03576548,0.08357823,0.01431137,0.00935982,0.21114238
0.33316658,0.32649528,0.00057428,0.06656431,0.18031163,0.03184117,0.07282752,0.01242357,0.00805317,0.18904168
0.33916958,0.28636586,0.00048565,0.05708800,0.15835794,0.02819728,0.06317588,0.01072476,0.00687952,0.16836912
0.34517259,0.24998539,0.00040825,0.04874448,0.13844224,0.02484123,0.05461410,0.00921186,0.00583502,0.14919661
0.35117559,0.21732068,0.00034108,0.04149771,0.12055710,0.02177548,0.04712100,0.00787937,0.00491386,0.13156883
0.35717859,0.18829421,0.00028315,0.03530253,0.10467034,0.01899819,0.04066709,0.00671994,0.00410873,0.11550615
0.36318159,0.16279496,0.00023353,0.03010852,0.09073102,0.01650387,0.03521797,0.00572501,0.00341125,0.10100801
0.36918459,0.14068893,0.00019134,0.02586365,0.07867531,0.01428414,0.03073774,0.00488531,0.00281234,0.08805649
0.37518759,0.12182901,0.00015572,0.02251745,0.06843192,0.01232840,0.02719186,0.00419146,0.00230260,0.07662008
0.38119060,0.10606396,0.00012586,0.02002374,0.05992706,0.01062452,0.02454982,0.00363433,0.00187262,0.06665728
0.38719360,0.09324621,0.00010104,0.01834287,0.05308873,0.00915944,0.02278715,0.00320544,0.00151325,0.05812024
0.39319660,0.08323837,0.00008055,0.01744335,0.04785019,0.00791973,0.02188702,0.00289726,0.00121579,0.05095798
0.39919960,0.07591841,0.00006377,0.01730295,0.04415273,0.00689210,0.02184123,0.00270336,0.00097213,0.04511947
0.40520260,0.07118335,0.00005014,0.01790916,0.04194746,0.00606373,0.02265064,0.00261860,0.00077491,0.04055613
0.41120560,0.06895151,0.00003914,0.01925923,0.04119634,0.00542267,0.02432502,0.00263912,0.00061758,0.03722406
0.41720860,0.06916342,0.00003035,0.02135956,0.04187226,0.00495802,0.02688236,0.00276233,0.00049441,0.03508562
0.42321161,0.07178129,0.00002338,0.02422470,0.04395832,0.00466008,0.03034758,0.00298680,0.00040054,0.03411070
0.42921461,0.07678731,0.00001790,0.02787584,0.04744640,0.00452046,0.03475075,0.00331213,0.00033196,0.03427727
0.43521761,0.08418068,0.00001363,0.03233899,0.05233491,0.00453201,0.04012491,0.00373872,0.00028547,0.03557154
0.44122061,0.09397378,0.00001034,0.03764281,0.05862606,0.00468882,0.04650343,0.00426752,0.00025869,0.03798761
0.44722361,0.10618737,0.00000785,0.04381620,0.06632250,0.00498601,0.05391705,0.00489974,0.00024999,0.04152665
0.45322661,0.12084520,0.00000600,0.05088576,0.07542374,0.00541961,0.06239082,0.00563660,0.00025846,0.04619555
0.45922961,0.13796814,0.00000468,0.05887309,0.08592225,0.00598626,0.07194081,0.00647891,0.00028384,0.05200537
0.46523262,0.15756806,0.00000381,0.06779230,0.09779960,0.00668299,0.08257097,0.00742686,0.00032651,0.05896929
0.47123562,0.17964173,0.00000333,0.07764743,0.11102270,0.00750695,0.09427005,0.00847965,0.00038744,0.06710037
0.47723862,0.20416498,0.00000323,0.08843029,0.12554038,0.00845506,0.10700898,0.00963526,0.00046811,0.07640914
0.48324162,0.23108729,0.00000350,0.10011850,0.14128048,0.00952378,0.12073854,0.01089019,0.00057048,0.08690102
0.48924462,0.26032710,0.00000420,0.11267403,0.15814760,0.01070878,0.13538780,0.01223926,0.00069692,0.09857374
0.49524762,0.29176803,0.00000541,0.12604216,0.17602170,0.01200472,0.15086308,0.01367552,0.00085015,0.11141474
0.50125063,0.32525610,0.00000726,0.14015108,0.19475761,0.01340504,0.16704787,0.01519013,0.00103317,0.12539876
0.50725363,0.36059825,0.00000992,0.15491195,0.21418557,0.01490173,0.18380350,0.01677241,0.00124913,0.14048556
0.51325663,0.39756199,0.00001366,0.17021966,0.23411289,0.01648523,0.20097074,0.01840989,0.00150129,0.15661795
0.51925963,0.43587641,0.00001881,0.18595405,0.25432653,0.01814435,0.21837220,0.02008845,0.00179285,0.17372009
0.52526263,0.47523445,0.00002581,0.20198171,0.27459676,0.01986623,0.23581559,0.02179251,0.00212685,0.19169628
0.53126563,0.51529629,0.00003522,0.21815820,0.29468161,0.02163639,0.25309759,0.02350531,0.00250604,0.21043011
0.53726863,0.55569381,0.00004776,0.23433054,0.31433209,0.02343878,0.27000829,0.02520923,0.00293275,0.22978416
0.54327164,0.59603595,0.00006433,0.25034005,0.33329778,0.02525597,0.28633601,0.02688606,0.00340870,0.24960028
0.54927464,0.63591473,0.00008604,0.26602516,0.35133278,0.02706929,0.30187224,0.02851741,0.00393494,0.26970039
0.55527764,0.67491176,0.00011426,0.28122431,0.36820164,0.02885911,0.31641656,0.03008506,0.00451167,0.28988794
0.56128064,0.71260510,0.00015066,0.29577869,0.38368508,0.03060507,0.32978133,0.03157125,0.00513818,0.30994994
0.56728364,0.74857615,0.00019724,0.30953478,0.39758520,0.03228644,0.34179595,0.03295909,0.00581274,0.32965972
0.57328664,0.78241657,0.00025637,0.32234660,0.40973008,0.03388243,0.35231049,0.03423277,0.00653260,0.34878016
0.57928964,0.81373490,0.00033082,0.33407769,0.41997757,0.03537254,0.36119869,0.03537784,0.00729395,0.36706761
0.58529265,0.84216301,0.00042384,0.34460272,0.42821806,0.03673698,0.36836004,0.03638146,0.00809200,0.38427623
0.59129565,0.86736207,0.00053911,0.35380881,0.43437630,0.03795700,0.37372118,0.03723250,0.00892105,0.40016290
0.59729865,0.88902812,0.00068081,0.36159661,0.43841216,0.03901527,0.37723634,0.03792167,0.00977466,0.41449229
0.60330165,0.90689716,0.00085358,0.36788106,0.44032042,0.03989630,0.37888708,0.03844163,0.01064577,0.42704227
0.60930465,0.92074976,0.00106250,0.37259214,0.44012960,0.04058671,0.37868137,0.03878704,0.01152699,0.43760936
0.61530765,0.93041507,0.00131307,0.37567537,0.43789999,0.04107561,0.37665199,0.03895452,0.01241079,0.44601397
0.62131066,0.93577430,0.00161107,0.37709238,0.43372100,0.04135483,0.37285456,0.03894272,0.01328980,0.45210545
0.62731366,0.93676345,0.00196251,0.37682138,0.42770801,0.04141918,0.36736527,0.03875225,0.01415702,0.45576658
0.63331666,0.93337536,0.00237344,0.37485770,0.41999871,0.04126663,0.36027837,0.03838566,0.01500613,0.45691742
0.63931966,0.92566089,0.00284981,0.37121426,0.41074933,0.04089837,0.35170356,0.03784742,0.01583164,0.45551827
0.64532266,0.91372906,0.00339721,0.36592199,0.40013067,0.04031891,0.34176351,0.03714382,0.01662910,0.45157162
0.65132566,0.89774623,0.00402068,0.35903018,0.38832406,0.03953597,0.33059131,0.03628296,0.01739520,0.44512299
0.65732866,0.87793389,0.00472440,0.35060657,0.37551750,0.03856043,0.31832818,0.03527463,0.01812779,0.43626053
0.66333167,0.85456538,0.00551143,0.34073728,0.36190180,0.03740602,0.30512124,0.03413022,0.01882587,0.42511337
0.66933467,0.82796115,0.00638338,0.32952622,0.34766701,0.03608916,0.29112144,0.03286257,0.01948946,0.41184877
0.67533767,0.79848279,0.00734020,0.31709425,0.33299895,0.03462849,0.27648166,0.03148588,0.02011942,0.39666807
0.68134067,0.76652581,0.00837982,0.30357776,0.31807608,0.03304451,0.26135481,0.03001544,0.02071721,0.37980165
0.68734367,0.73251143,0.00949799,0.28912676,0.30306660,0.03135911,0.24589214,0.02846747,0.02128457,0.36150307
0.69334667,0.69687749,0.01068805,0.27390254,0.28812583,0.02959503,0.23024152,0.02685885,0.02182320,0.34204250
0.69934967,0.66006880,0.01194085,0.25807477,0.27339394,0.02777537,0.21454574,0.02520681,0.02233442,0.32169989
0.70535268,0.62252726,0.01324469,0.24181838,0.25899408,0.02592306,0.19894096,0.02352871,0.02281885,0.30075788
0.71135568,0.58468221,0.01458540,0.22531001,0.24503091,0.02406032,0.18355512,0.02184163,0.02327611,0.27949499
0.71735868,0.54694116,0.01594648,0.20872446,0.23158952,0.02220826,0.16850651,0.02016216,0.02370461,0.25817914
0.72336168,0.50968148,0.01730938,0.19223101,0.21873496,0.02038640,0.15390238,0.01850599,0.02410138,0.23706177
0.72936468,0.47324325,0.01865382,0.17599004,0.20651226,0.01861235,0.13983782,0.01688773,0.02446199,0.21637288
0.73536768,0.43792356,0.01995834,0.16014977,0.19494688,0.01690153,0.12639480,0.01532058,0.02478067,0.19631692
0.74137069,0.40397245,0.02120072,0.14484359,0.18404590,0.01526696,0.11364144,0.01381617,0.02505038,0.17706980
0.74737369,0.37159063,0.02235872,0.13018774,0.17379952,0.01371917,0.10163162,0.01238437,0.02526309,0.15877704
0.75337669,0.34092893,0.02341064,0.11627976,0.16418317,0.01226619,0.09040489,0.01103320,0.02541011,0.14155291
0.75937969,0.31208948,0.02433602,0.10319742,0.15515989,0.01091354,0.07998672,0.00976878,0.02548251,0.12548071
0.76538269,0.28512841,0.02511630,0.09099842,0.14668308,0.00966442,0.07038898,0.00859534,0.02547153,0.11061390
0.77138569,0.26005989,0.02573545,0.07972065,0.13869937,0.00851982,0.06161087,0.00751528,0.02536909,0.09697814
0.77738869,0.23686119,0.02618049,0.06938308,0.13115159,0.00747884,0.05363999,0.00652925,0.02516822,0.08457382
0.78339170,0.21547847,0.02644197,0.05998709,0.12398159,0.00653886,0.04645363,0.00563636,0.02486353,0.07337925
0.78939470,0.19583302,0.02651428,0.05151824,0.11713295,0.00569586,0.04002033,0.00483432,0.02445154,0.06335401
0.79539770,0.17782756,0.02639586,0.04394837,0.11055332,0.00494473,0.03430138,0.00411963,0.02393100,0.05444255
0.80140070,0.16135233,0.02608925,0.03723779,0.10419640,0.00427953,0.02925248,0.00348785,0.02330306,0.04657764
0.80740370,0.14629076,0.02560103,0.03133770,0.09802341,0.00369376,0.02482533,0.00293378,0.02257135,0.03968385
0.81340670,0.13252451,0.02494154,0.02619247,0.09200411,0.00318061,0.02096915,0.00245167,0.02174198,0.03368064
0.81940970,0.11993762,0.02412453,0.02174189,0.08611724,0.00273318,0.01763207,0.00203545,0.02082335,0.02848519
0.82541271,0.10841993,0.02316672,0.01792325,0.08035055,0.00234467,0.01476240,0.00167891,0.01982597,0.02401481
0.83141571,0.09786948,0.02208718,0.01467311,0.07470028,0.00200854,0.01230966,0.00137586,0.01876205,0.02018893
0.83741871,0.08819409,0.02090672,0.01192897,0.06917029,0.00171858,0.01022550,0.00112022,0.01764519,0.01693071
0.84342171,0.07931216,0.01964723,0.00963051,0.06377091,0.00146905,0.00846437,0.00090624,0.01648987,0.01416819
0.84942471,0.07115270,0.01833103,0.00772061,0.05851752,0.00125470,0.00698399,0.00072846,0.01531104,0.01183510
0.85542771,0.06365487,0.01698018,0.00614615,0.05342906,0.00107079,0.00574568,0.00058187,0.01412362,0.00987132
0.86143072,0.05676705,0.01561592,0.00485843,0.04852644,0.00091312,0.00471454,0.00046189,0.01294207,0.00822304
0.86743372,0.05044562,0.01425814,0.00381350,0.04383109,0.00077798,0.00385943,0.00036440,0.01177999,0.00684272
0.87343672,0.04465361,0.01292493,0.00297225,0.03936359,0.00066217,0.00315290,0.00028575,0.01064980,0.00568882
0.87943972,0.03935924,0.01163224,0.00230027,0.03514246,0.00056289,0.00257104,0.00022277,0.00956242,0.00472541
0.88544272,0.03453464,0.01039366,0.00176771,0.03118325,0.00047777,0.00209319,0.00017268,0.00852712,0.00392175
0.89144572,0.03015457,0.00922027,0.00134896,0.02749783,0.00040479,0.00170172,0.00013311,0.00755139,0.00325172
0.89744872,0.02619540,0.00812061,0.00102231,0.02409395,0.00034221,0.00138165,0.00010208,0.00664087,0.00269332
0.90345173,0.02263433,0.00710074,0.00076957,0.02097502,0.00028860,0.00112045,0.00007790,0.00579939,0.00222811
0.90945473,0.01944878,0.00616437,0.00057567,0.01814018,0.00024272,0.00090762,0.00005921,0.00502905,0.00184076
0.91545773,0.01661602,0.00531305,0.00042828,0.01558451,0.00020353,0.00073452,0.00004485,0.00433039,0.00151856
0.92146073,0.01411305,0.00454641,0.00031742,0.01329944,0.00017014,0.00059401,0.00003393,0.00370250,0.00125103
0.92746373,0.01191656,0.00386246,0.00023515,0.01127323,0.00014182,0.00048031,0.00002570,0.00314327,0.00102960
0.93346673,0.01000316,0.00325783,0.00017525,0.00949158,0.00011795,0.00038872,0.00001961,0.00264961,0.00084727
0.93946973,0.00834961,0.00272812,0.00013299,0.00793828,0.00009799,0.00031552,0.00001522,0.00221763,0.00069845
0.94547274,0.00693319,0.00226813,0.00010487,0.00659580,0.00008151,0.00025779,0.00001220,0.00184288,0.00057875
0.95147574,0.00573214,0.00187216,0.00008848,0.00544597,0.00006819,0.00021334,0.00001033,0.00152056,0.00048485
0.95747874,0.00472605,0.00153422,0.00008240,0.00447055,0.00005775,0.00018058,0.00000949,0.00124566,0.00041448
0.96348174,0.00389638,0.00124825,0.00008609,0.00365173,0.00005004,0.00015857,0.00000962,0.00101319,0.00036638
0.96948474,0.00322690,0.00100829,0.00009986,0.00297262,0.00004499,0.00014691,0.00001077,0.00081821,0.00034034
0.97548774,0.00270416,0.00080861,0.00012493,0.00241767,0.00004266,0.00014581,0.00001304,0.00065604,0.00033729
0.98149075,0.00231802,0.00064382,0.00016344,0.00197299,0.00004322,0.00015613,0.00001664,0.00052224,0.00035942
0.98749375,0.00206215,0.00050893,0.00021860,0.00162663,0.00004699,0.00017943,0.00002189,0.00041276,0.00041041
0.99349675,0.00193456,0.00039942,0.00029484,0.00136886,0.00005448,0.00021806,0.00002920,0.00032390,0.00049563
0.99949975,0.00193823,0.00031122,0.00039800,0.00119234,0.00006637,0.00027533,0.00003914,0.00025235,0.00062248
1.00550275,0.00208169,0.00024075,0.00053561,0.00109233,0.00008361,0.00035561,0.00005244,0.00019519,0.00080069
1.01150575,0.00237979,0.00018491,0.00071714,0.00106687,0.00010742,0.00046457,0.00006999,0.00014991,0.00104279
1.01750875,0.00285443,0.00014100,0.00095439,0.00111691,0.00013933,0.00060933,0.00009294,0.00011431,0.00136451
1.02351176,0.00353539,0.00010675,0.00126185,0.00124654,0.00018127,0.00079872,0.00012267,0.00008655,0.00178528
1.02951476,0.00446123,0.00008024,0.00165705,0.00146311,0.00023555,0.00104351,0.00016086,0.00006508,0.00232881
1.03551776,0.00568010,0.00005990,0.00216103,0.00177743,0.00030499,0.00135667,0.00020953,0.00004862,0.00302353
1.04152076,0.00725070,0.00004441,0.00279872,0.00220395,0.00039291,0.00175360,0.00027104,0.00003610,0.00390320
1.04752376,0.00924298,0.00003271,0.00359928,0.00276088,0.00050320,0.00225238,0.00034819,0.00002668,0.00500730
1.05352676,0.01173884,0.00002396,0.00459649,0.00347033,0.00064036,0.00287395,0.00044417,0.00001968,0.00638149
1.05952976,0.01483259,0.00001748,0.00582892,0.00435835,0.00080949,0.00364227,0.00056267,0.00001456,0.00807783
1.06553277,0.01863102,0.00001275,0.00734006,0.00545496,0.00101634,0.00458437,0.00070779,0.00001093,0.01015489
1.07153577,0.02325320,0.00000937,0.00917827,0.00679395,0.00126728,0.00573036,0.00088411,0.00000848,0.01267761
1.07753877,0.02882970,0.00000703,0.01139653,0.00841270,0.00156922,0.00711324,0.00109663,0.00000702,0.01571688
1.08354177,0.03550125,0.00000551,0.01405192,0.01035176,0.00192959,0.00876866,0.00135071,0.00000642,0.01934880
1.08954477,0.04341676,0.00000468,0.01720484,0.01265420,0.00235618,0.01073444,0.00165202,0.00000666,0.02365352
1.09554777,0.05273050,0.00000444,0.02091794,0.01536489,0.00285701,0.01304997,0.00200640,0.00000779,0.02871370
1.10155078,0.06359863,0.00000479,0.02525469,0.01852944,0.00344015,0.01575536,0.00241976,0.00000994,0.03461255
1.10755378,0.07617487,0.00000577,0.03027762,0.02219303,0.00411344,0.01889051,0.00289786,0.00001336,0.04143131
1.11355678,0.09060541,0.00000746,0.03604629,0.02639899,0.00488424,0.02249390,0.00344618,0.00001843,0.04924644
1.11955978,0.10702325,0.00001005,0.04261488,0.03118724,0.00575915,0.02660129,0.00406962,0.00002567,0.05812634
1.12556278,0.12554198,0.00001378,0.05002961,0.03659261,0.00674361,0.03124435,0.00477229,0.00003578,0.06812774
1.13156578,0.14624928,0.00001900,0.05832602,0.04264311,0.00784160,0.03644916,0.00555725,0.00004973,0.07929201
1.13756878,0.16920040,0.00002616,0.06752615,0.04935822,0.00905529,0.04223481,0.00642623,0.00006875,0.09164127
1.14357179,0.19441194,0.00003588,0.07763583,0.05674734,0.01038468,0.04861207,0.00737937,0.00009444,0.10517468
1.14957479,0.22185631,0.00004893,0.08864219,0.06480842,0.01182734,0.05558226,0.00841499,0.00012887,0.11986502
1.15557779,0.25145718,0.00006629,0.10051154,0.07352699,0.01337811,0.06313646,0.00952939,0.00017463,0.13565577
1.16158079,0.28308643,0.00008920,0.11318777,0.08287559,0.01502903,0.07125504,0.01071668,0.00023496,0.15245886
1.16758379,0.31656286,0.00011919,0.12659155,0.09281387,0.01676915,0.07990778,0.01196871,0.00031388,0.17015342
1.17358679,0.35165313,0.00015814,0.14062022,0.10328924,0.01858468,0.08905450,0.01327505,0.00041632,0.18858556
1.17958979,0.38807500,0.00020833,0.15514880,0.11423828,0.02045909,0.09864631,0.01462311,0.00054825,0.20756946
1.18559280,0.42550327,0.00027250,0.17003194,0.12558894,0.02237342,0.10862761,0.01599825,0.00071683,0.22688977
1.19159580,0.46357821,0.00035391,0.18510703,0.13726347,0.02430672,0.11893857,0.01738412,0.00093053,0.24630548
1.19759880,0.50191664,0.00045638,0.20019834,0.14918198,0.02623661,0.12951842,0.01876303,0.00119932,0.26555512
1.20360180,0.54012511,0.00058435,0.21512220,0.16126670,0.02813992,0.14030908,0.02011640,0.00153469,0.28436330
1.20960480,0.57781505,0.00074292,0.22969298,0.17344659,0.02999351,0.15125919,0.02142533,0.00194983,0.30244839
1.21560780,0.61461913,0.00093783,0.24372981,0.18566220,0.03177504,0.16232841,0.02267120,0.00245959,0.31953099
1.22161081,0.65020815,0.00117552,0.25706366,0.19787051,0.03346386,0.17349154,0.02383636,0.00308048,0.33534309
1.22761381,0.68430776,0.00146309,0.26954451,0.21004945,0.03504185,0.18474242,0.02490476,0.00383061,0.34963734
1.23361681,0.71671398,0.00180820,0.28104838,0.22220186,0.03649420,0.19609724,0.02586262,0.00472949,0.36219619
1.23961981,0.74730672,0.00221906,0.29148370,0.23435851,0.03781012,0.20759702,0.02669904,0.00579774,0.37284041
1.24562281,0.77606038,0.00270423,0.30079677,0.24657994,0.03898339,0.21930893,0.02740651,0.00705677,0.38143655
1.25162581,0.80305069,0.00327249,0.30897600,0.25895691,0.04001274,0.23132635,0.02798136,0.00852821,0.38790303
1.25762881,0.82845727,0.00393263,0.31605464,0.27160912,0.04090200,0.24376734,0.02842401,0.01023338,0.39221453
1.26363182,0.85256128,0.00469320,0.32211159,0.28468229,0.04166009,0.25677155,0.02873917,0.01219253,0.39440435
1.26963482,0.87573797,0.00556221,0.32727051,0.29834338,0.04230068,0.27049545,0.02893575,0.01442403,0.39456459
1.27563782,0.89844422,0.00654681,0.33169675,0.31277408,0.04284171,0.28510594,0.02902671,0.01694346,0.39284416
1.28164082,0.92120124,0.00765298,0.33559246,0.32816280,0.04330459,0.30077259,0.02902870,0.01976271,0.38944453
1.28764382,0.94457301,0.00888514,0.33918976,0.34469536,0.04371332,0.31765869,0.02896150,0.02288895,0.38461348
1.29364682,0.96914139,0.01024584,0.34274242,0.36254467,0.04409335,0.33591145,0.02884741,0.02632369,0.37863695
1.29964982,0.99547878,0.01173541,0.34651617,0.38186009,0.04447042,0.35565184,0.02871047,0.03006194,0.37182947
1.30565283,1.02411957,0.01335165,0.35077807,0.40275673,0.04486930,0.37696456,0.02857557,0.03409139,0.36452340
1.31165583,1.05553189,0.01508966,0.35578549,0.42530532,0.04531258,0.39988858,0.02846756,0.03839186,0.35705759
1.31765883,1.09009071,0.01694158,0.36177498,0.44952333,0.04581948,0.42440889,0.02841033,0.04293487,0.34976572
1.32366183,1.12805394,0.01889658,0.36895168,0.47536762,0.04640489,0.45044988,0.02842592,0.04768359,0.34296500
1.32966483,1.16954249,0.02094082,0.37747959,0.50272930,0.04707844,0.47787090,0.02853366,0.05259296,0.33694554
1.33566783,1.21452559,0.02305760,0.38747325,0.53143105,0.04784400,0.50646429,0.02874944,0.05761019,0.33196080
1.34167084,1.26281194,0.02522755,0.39899116,0.56122727,0.04869924,0.53595613,0.02908508,0.06267562,0.32821956
1.34767384,1.31404745,0.02742895,0.41203114,0.59180705,0.04963561,0.56600995,0.02954787,0.06772385,0.32587954
1.35367684,1.36771956,0.02963816,0.42652802,0.62280011,0.05063855,0.59623326,0.03014022,0.07268514,0.32504301
1.35967984,1.42316821,0.03183013,0.44235362,0.65378535,0.05168798,0.62618674,0.03085956,0.07748717,0.32575433
1.36568284,1.47960286,0.03397894,0.45931904,0.68430192,0.05275903,0.65539592,0.03169833,0.08205685,0.32799961
1.37168584,1.53612500,0.03605842,0.47717931,0.71386217,0.05382300,0.68336467,0.03264422,0.08632241,0.33170827
1.37768884,1.59175498,0.03804277,0.49563997,0.74196607,0.05484849,0.70959019,0.03368053,0.09021541,0.33675645
1.38369185,1.64546209,0.03990720,0.51436552,0.76811641,0.05580263,0.73357866,0.03478662,0.09367274,0.34297210
1.38969485,1.69619664,0.04162850,0.53298931,0.79183418,0.05665233,0.75486099,0.03593864,0.09663858,0.35014139
1.39569785,1.74292256,0.04318562,0.55112449,0.81267340,0.05736559,0.77300803,0.03711013,0.09906597,0.35801625
1.40170085,1.78464929,0.04456008,0.56837558,0.83023488,0.05791272,0.78764438,0.03827292,0.10091830,0.36632279
1.40770385,1.82046171,0.04573642,0.58435029,0.84417830,0.05826741,0.79846050,0.03939790,0.10217028,0.37477008
1.41370685,1.84954700,0.04670243,0.59867108,0.85423209,0.05840768,0.80522238,0.04045587,0.10280867,0.38305931
1.41970985,1.87121761,0.04744940,0.61098617,0.86020101,0.05831661,0.80777861,0.04141842,0.10283248,0.39089269
1.42571286,1.88492961,0.04797217,0.62097953,0.86197090,0.05798290,0.80606453,0.04225864,0.10225285,0.39798210
1.43171586,1.89029610,0.04826913,0.62837962,0.85951092,0.05740114,0.80010340,0.04295192,0.10109251,0.40405716
1.43771886,1.88709544,0.04834218,0.63296658,0.85287297,0.05657192,0.79000469,0.04347657,0.09938486,0.40887240
1.44372186,1.87527437,0.04819656,0.63457778,0.84218880,0.05550167,0.77595967,0.04381432,0.09717284,0.41221360
1.44972486,1.85494636,0.04784066,0.63311154,0.82766487,0.05420236,0.75823467,0.04395085,0.09450746,0.41390294
1.45572786,1.82638548,0.04728578,0.62852897,0.80957545,0.05269097,0.73716232,0.04387599,0.09144623,0.41380298
1.46173087,1.79001638,0.04654586,0.62085405,0.78825423,0.05098892,0.71313129,0.04358401,0.08805152,0.41181944
1.46773387,1.74640101,0.04563723,0.61017190,0.76408496,0.04912131,0.68657499,0.04307359,0.08438881,0.40790265
1.47373687,1.69622264,0.04457830,0.59662549,0.73749142,0.04711614,0.65795975,0.04234787,0.08052511,0.40204773
1.47973987,1.64026784,0.04338928,0.58041084,0.70892718,0.04500352,0.62777283,0.04141415,0.07652738,0.39429360
1.48574287,1.57940706,0.04209189,0.56177105,0.67886529,0.04281483,0.59651074,0.04028372,0.07246112,0.38472076
1.49174587,1.51457418,0.04070908,0.54098918,0.64778843,0.04058195,0.56466821,0.03897141,0.06838920,0.37344807
1.49774887,1.44674581,0.03926466,0.51838049,0.61617935,0.03833649,0.53272793,0.03749515,0.06437073,0.36062857
1.50375188,1.37692038,0.03778305,0.49428404,0.58451211,0.03610916,0.50115148,0.03587548,0.06046028,0.34644450
1.50975488,1.30609775,0.03628890,0.46905401,0.55324393,0.03392910,0.47037129,0.03413491,0.05670715,0.33110170
1.51575788,1.23525946,0.03480671,0.44305104,0.52280780,0.03182340,0.44078393,0.03229737,0.05315493,0.31482359
1.52176088,1.16534995,0.03336049,0.41663371,0.49360597,0.02981661,0.41274452,0.03038759,0.04984104,0.29784489
1.52776388,1.09725907,0.03197332,0.39015045,0.46600411,0.02793040,0.38656240,0.02843047,0.04679660,0.28040524
1.53376688,1.03180613,0.03066693,0.36393209,0.44032640,0.02618324,0.36249788,0.02645054,0.04404622,0.26274303
1.53976988,0.96972581,0.02946130,0.33828516,0.41685140,0.02459019,0.34076011,0.02447139,0.04160799,0.24508951
1.54577289,0.91165616,0.02837421,0.31348621,0.39580881,0.02316276,0.32150591,0.02251521,0.03949349,0.22766341
1.55177589,0.85812891,0.02742094,0.28977716,0.37737716,0.02190886,0.30483960,0.02060238,0.03770790,0.21066627
1.55777889,0.80956251,0.02661385,0.26736184,0.36168253,0.02083274,0.29081376,0.01875111,0.03625015,0.19427841
1.56378189,0.76625789,0.02596216,0.24640374,0.34879822,0.01993511,0.27943090,0.01697724,0.03511310,0.17865595
1.56978489,0.72839727,0.02547176,0.22702504,0.33874571,0.01921325,0.27064591,0.01529405,0.03428389,0.16392863
1.57578789,0.69604602,0.02514512,0.20930680,0.33149657,0.01866124,0.26436954,0.01371218,0.03374429,0.15019866
1.58179090,0.66915763,0.02498130,0.19329038,0.32697566,0.01827017,0.26047251,0.01223966,0.03347112,0.13754045
1.58779390,0.64758150,0.02497608,0.17897992,0.32506537,0.01802854,0.25879052,0.01088199,0.03343689,0.12600130
1.59379690,0.63107361,0.02512220,0.16634570,0.32561093,0.01792260,0.25912992,0.00964230,0.03361035,0.11560288
1.59979990,0.61930940,0.02540970,0.15532843,0.32842654,0.01793681,0.26127385,0.00852154,0.03395734,0.10634333
1.60580290,0.61189863,0.02582631,0.14584401,0.33330215,0.01805429,0.26498898,0.00751875,0.03444156,0.09820005
1.61180590,0.60840154,0.02635798,0.13778881,0.34001071,0.01825735,0.27003231,0.00663133,0.03502548,0.09113283
1.61780890,0.60834566,0.02698936,0.13104508,0.34831541,0.01852798,0.27615810,0.00585536,0.03567132,0.08508723
1.62381191,0.61124268,0.02770439,0.12548645,0.35797681,0.01884836,0.28312456,0.00518589,0.03634200,0.07999808
1.62981491,0.61660457,0.02848675,0.12098313,0.36875933,0.01920133,0.29070007,0.00461724,0.03700211,0.07579294
1.63581791,0.62395832,0.02932043,0.11740678,0.38043691,0.01957084,0.29866866,0.00414325,0.03761881,0.07239535
1.64182091,0.63285876,0.03019004,0.11463475,0.39279754,0.01994234,0.30683469,0.00375754,0.03816264,0.06972772
1.64782391,0.64289880,0.03108119,0.11255373,0.40564639,0.02030303,0.31502628,0.00345373,0.03860827,0.06771388
1.65382691,0.65371697,0.03198069,0.11106240,0.41880753,0.02064213,0.32309764,0.00322560,0.03893503,0.06628112
1.65982991,0.66500176,0.03287663,0.11007337,0.43212409,0.02095101,0.33093002,0.00306718,0.03912735,0.06536163
1.66583292,0.67649304,0.03375840,0.10951413,0.44545697,0.02122317,0.33843145,0.00297287,0.03917494,0.06489352
1.67183592,0.68798048,0.03461654,0.10932706,0.45868230,0.02145423,0.34553528,0.00293744,0.03907285,0.06482122
1.67783892,0.69929944,0.03544258,0.10946872,0.47168789,0.02164177,0.35219762,0.00295606,0.03882135,0.06509545
1.68384192,0.71032473,0.03622878,0.10990827,0.48436898,0.02178512,0.35839405,0.00302422,0.03842561,0.06567276
1.68984492,0.72096289,0.03696783,0.11062537,0.49662379,0.02188507,0.36411575,0.00313771,0.03789529,0.06651472
1.69584792,0.73114369,0.03765260,0.11160762,0.50834919,0.02194360,0.36936539,0.00329249,0.03724398,0.06758693
1.70185093,0.74081145,0.03827588,0.11284763,0.51943702,0.02196353,0.37415307,0.00348465,0.03648857,0.06885783
1.70785393,0.74991699,0.03883020,0.11434015,0.52977144,0.02194822,0.37849267,0.00371024,0.03564866,0.07029760
1.71385693,0.75841083,0.03930772,0.11607918,0.53922755,0.02190125,0.38239874,0.00396525,0.03474582,0.07187703
1.71985993,0.76623810,0.03970031,0.11805543,0.54767171,0.02182620,0.38588431,0.00424549,0.03380303,0.07356664
1.72586293,0.77333553,0.03999961,0.12025418,0.55496348,0.02172643,0.38895956,0.00454654,0.03284410,0.07533602
1.73186593,0.77963081,0.04019736,0.12265374,0.56095935,0.02160495,0.39163154,0.00486372,0.03189317,0.07715351
1.73786893,0.78504425,0.04028572,0.12522456,0.56551801,0.02146433,0.39390479,0.00519207,0.03097436,0.07898620
1.74387194,0.78949258,0.04025779,0.12792908,0.56850706,0.02130672,0.39578290,0.00552644,0.03011143,0.08080026
1.74987494,0.79289462,0.04010808,0.13072228,0.56981058,0.02113386,0.39727053,0.00586146,0.02932765,0.08256168
1.75587794,0.79517823,0.03983317,0.13355300,0.56933730,0.02094720,0.39837602,0.00619169,0.02864565,0.08423724
1.76188094,0.79628801,0.03943221,0.13636584,0.56702883,0.02074800,0.39911389,0.00651174,0.02808738,0.08579574
1.76788394,0.79619316,0.03890752,0.13910359,0.56286726,0.02053748,0.39950730,0.00681639,0.02767414,0.08720944
1.77388694,0.79489468,0.03826501,0.14171003,0.55688189,0.02031696,0.39958989,0.00710072,0.02742661,0.08845554
1.77988994,0.79243144,0.03751458,0.14413297,0.54915430,0.02008797,0.39940699,0.00736031,0.02736482,0.08951761
1.78589295,0.78888452,0.03667029,0.14632723,0.53982163,0.01985237,0.39901582,0.00759139,0.02750821,0.09038697
1.79189595,0.78437932,0.03575044,0.14825758,0.52907755,0.01961236,0.39848468,0.00779095,0.02787550,0.09106382
1.79789895,0.77908531,0.03477743,0.14990121,0.51717088,0.01937053,0.39789109,0.00795691,0.02848463,0.09155810
1.80390195,0.77321311,0.03377745,0.15124975,0.50440170,0.01912982,0.39731888,0.00808817,0.02935248,0.09188989
1.80990495,0.76700917,0.03277996,0.15231060,0.49111502,0.01889341,0.39685449,0.00818471,0.03049462,0.09208954
1.81590795,0.76074798,0.03181705,0.15310759,0.47769224,0.01866461,0.39658256,0.00824760,0.03192491,0.09219714
1.82191096,0.75472249,0.03092254,0.15368065,0.46454065,0.01844670,0.39658118,0.00827896,0.03365501,0.09226167
1.82791396,0.74923291,0.03013110,0.15408483,0.45208129,0.01824277,0.39691711,0.00828193,0.03569387,0.09233960
1.83391696,0.74457458,0.02947711,0.15438831,0.44073576,0.01805552,0.39764123,0.00826052,0.03804715,0.09249306
1.83991996,0.74102550,0.02899360,0.15466973,0.43091225,0.01788712,0.39878461,0.00821949,0.04071656,0.09278762
1.84592296,0.73883413,0.02871103,0.15501490,0.42299156,0.01773902,0.40035538,0.00816418,0.04369930,0.09328979
1.85192596,0.73820798,0.02865618,0.15551287,0.41731344,0.01761187,0.40233680,0.00810026,0.04698742,0.09406425
1.85792896,0.73930357,0.02885107,0.15625176,0.41416386,0.01750541,0.40468643,0.00803353,0.05056730,0.09517102
1.86393197,0.74221822,0.02931193,0.15731437,0.41376357,0.01741850,0.40733673,0.00796970,0.05441919,0.09666258
1.86993497,0.74698405,0.03004839,0.15877387,0.41625863,0.01734908,0.41019692,0.00791409,0.05851689,0.09858115
1.87593797,0.75356436,0.03106272,0.16068970,0.42171295,0.01729428,0.41315609,0.00787147,0.06282755,0.10095622
1.88194097,0.76185263,0.03234941,0.16310399,0.43010345,0.01725056,0.41608744,0.00784584,0.06731164,0.10380239
1.88794397,0.77167419,0.03389485,0.16603855,0.44131792,0.01721383,0.41885331,0.00784023,0.07192321,0.10711779
1.89394697,0.78279044,0.03567735,0.16949270,0.45515580,0.01717967,0.42131099,0.00785657,0.07661021,0.11088294
1.89994997,0.79490557,0.03766737,0.17344204,0.47133191,0.01714357,0.42331874,0.00789564,0.08131524,0.11506035
1.90595298,0.80767549,0.03982808,0.17783820,0.48948314,0.01710112,0.42474202,0.00795695,0.08597634,0.11959480
1.91195598,0.82071878,0.04211610,0.18260964,0.50917801,0.01704825,0.42545951,0.00803882,0.09052818,0.12441429
1.91795898,0.83362913,0.04448257,0.18766360,0.52992877,0.01698148,0.42536869,0.00813838,0.09490340,0.12943179
1.92396198,0.84598917,0.04687447,0.19288891,0.55120580,0.01689811,0.42439084,0.00825172,0.09903412,0.13454760
1.92996498,0.85738499,0.04923600,0.19815984,0.57245390,0.01679638,0.42247523,0.00837399,0.10285368,0.13965232
1.93596798,0.86742103,0.05151030,0.20334063,0.59310989,0.01667564,0.41960243,0.00849965,0.10629843,0.14463042
1.94197099,0.87573484,0.05364109,0.20829063,0.61262090,0.01653646,0.41578659,0.00862262,0.10930959,0.14936410
1.94797399,0.88201118,0.05557451,0.21286978,0.63046283,0.01638066,0.41107673,0.00873660,0.11183504,0.15373739
1.95397699,0.88599505,0.05726079,0.21694424,0.64615813,0.01621139,0.40555703,0.00883526,0.11383114,0.15764040
1.95997999,0.88750303,0.05865588,0.22039185,0.65929237,0.01603307,0.39934610,0.00891251,0.11526421,0.16097333
1.96598299,0.88643268,0.05972297,0.22310730,0.66952875,0.01585135,0.39259531,0.00896277,0.11611188,0.16365034
1.97198599,0.88276941,0.06043369,0.22500657,0.67662010,0.01567300,0.38548624,0.00898118,0.11636408,0.16560281
1.97798899,0.87659058,0.06076911,0.22603070,0.68041779,0.01550577,0.37822729,0.00896378,0.11602364,0.16678214
1.98399200,0.86806660,0.06072037,0.22614841,0.68087711,0.01535824,0.37104968,0.00890771,0.11510651,0.16716166
1.98999500,0.85745881,0.06028896,0.22535777,0.67805895,0.01523955,0.36420260,0.00881127,0.11364150,0.16673784
1.99599800,0.84511413,0.05948670,0.22368653,0.67212757,0.01515925,0.35794797,0.00867404,0.11166958,0.16553053
2.00200100,0.83145653,0.05833529,0.22119129,0.66334463,0.01512698,0.35255466,0.00849688,0.10924275,0.16358232
2.00800400,0.81697558,0.05686555,0.21795555,0.65205970,0.01515221,0.34829221,0.00828188,0.10642251,0.16095701
2.01400700,0.80221224,0.05511633,0.21408656,0.63869751,0.01524397,0.34542444,0.00803229,0.10327800,0.15773727
2.02001001,0.78774250,0.05313318,0.20971131,0.62374261,0.01541054,0.34420268,0.00775240,0.09988382,0.15402162
2.02601301,0.77415922,0.05096680,0.20497169,0.60772197,0.01565916,0.34485897,0.00744739,0.09631776,0.14992078
2.03201601,0.76205284,0.04867135,0.20001914,0.59118624,0.01599578,0.34759935,0.00712309,0.09265832,0.14555364
2.03801901,0.75199150,0.04630266,0.19500898,0.57469040,0.01642478,0.35259716,0.00678584,0.08898239,0.14104296
2.04402201,0.74450141,0.04391648,0.19009458,0.55877453,0.01694871,0.35998680,0.00644220,0.08536288,0.13651106
2.05002501,0.74004788,0.04156670,0.18542178,0.54394537,0.01756815,0.36985788,0.00609874,0.08186665,0.13207555
2.05602801,0.73901783,0.03930382,0.18112362,0.53065945,0.01828147,0.38224994,0.00576184,0.07855267,0.12784538
2.06203102,0.74170436,0.03717344,0.17731565,0.51930819,0.01908479,0.39714807,0.00543747,0.07547052,0.12391730
2.06803402,0.74829377,0.03521506,0.17409197,0.51020549,0.01997185,0.41447945,0.00513099,0.07265927,0.12037284
2.07403702,0.75885566,0.03346108,0.17152217,0.50357824,0.02093405,0.43411098,0.00484702,0.07014671,0.11727600
2.08004002,0.77333640,0.03193612,0.16964914,0.49955987,0.02196048,0.45584836,0.00458928,0.06794913,0.11467153
2.08604302,0.79155620,0.03065651,0.16848797,0.49818717,0.02303802,0.47943642,0.00436057,0.06607131,0.11258401
2.09204602,0.81320999,0.02963019,0.16802575,0.49940023,0.02415154,0.50456119,0.00416261,0.06450708,0.11101768
2.09804902,0.83787222,0.02885679,0.16822247,0.50304563,0.02528413,0.53085356,0.00399615,0.06324003,0.10995692
2.10405203,0.86500542,0.02832798,0.16901273,0.50888247,0.02641740,0.55789470,0.00386090,0.06224471,0.10936745
2.11005503,0.89397241,0.02802808,0.17030833,0.51659119,0.02753179,0.58522308,0.00375561,0.06148787,0.10919807
2.11605803,0.92405190,0.02793486,0.17200159,0.52578458,0.02860702,0.61234333,0.00367818,0.06093004,0.10938296
2.12206103,0.95445710,0.02802050,0.17396916,0.53602092,0.02962250,0.63873643,0.00362574,0.06052711,0.10984436
2.12806403,0.98435672,0.02825272,0.17607644,0.54681852,0.03055780,0.66387136,0.00359480,0.06023200,0.11049554
2.13406703,1.01289794,0.02859592,0.17818211,0.55767134,0.03139315,0.68721771,0.00358138,0.05999637,0.11124402
2.14007004,1.03923054,0.02901250,0.18014288,0.56806519,0.03210990,0.70825905,0.00358118,0.05977220,0.11199483
2.14607304,1.06253142,0.02946411,0.18181823,0.57749388,0.03269104,0.72650657,0.00358973,0.05951334,0.11265372
2.15207604,1.08202882,0.02991285,0.18307489,0.58547497,0.03312164,0.74151252,0.00360254,0.05917688,0.11313033
2.15807904,1.09702518,0.03032254,0.18379107,0.59156450,0.03338925,0.75288311,0.00361527,0.05872432,0.11334104
2.16408204,1.10691809,0.03065970,0.18386014,0.59537024,0.03348430,0.76029013,0.00362383,0.05812260,0.11321152
2.17008504,1.11121832,0.03089458,0.18319383,0.59656311,0.03340038,0.76348103,0.00362457,0.05734487,0.11267893
2.17608804,1.10956433,0.03100190,0.18172467,0.59488626,0.03313442,0.76228690,0.00361428,0.05637104,0.11169358
2.18209105,1.10173267,0.03096146,0.17940771,0.59016168,0.03268684,0.75662800,0.00359037,0.05518807,0.11022020
2.18809405,1.08764391,0.03075856,0.17622145,0.58229400,0.03206156,0.74651652,0.00355085,0.05379003,0.10823860
2.19409705,1.06736370,0.03038419,0.17216798,0.57127152,0.03126591,0.73205653,0.00349440,0.05217798,0.10574378
2.20010005,1.04109914,0.02983505,0.16727223,0.55716434,0.03031042,0.71344092,0.00342037,0.05035956,0.10274560
2.20610305,1.00919041,0.02911330,0.16158063,0.54011989,0.02920857,0.69094544,0.00332873,0.04834843,0.09926790
2.21210605,0.97209821,0.02822626,0.15515895,0.52035590,0.02797635,0.66492024,0.00322007,0.04616358,0.09534719
2.21810905,0.93038747,0.02718581,0.14808964,0.49815134,0.02663192,0.63577898,0.00309550,0.04382844,0.09103098
2.22411206,0.88470803,0.02600776,0.14046872,0.47383566,0.02519497,0.60398619,0.00295662,0.04136993,0.08637581
2.23011506,0.83577332,0.02471109,0.13240236,0.44777676,0.02368628,0.57004324,0.00280539,0.03881748,0.08144506
2.23611806,0.78433759,0.02331710,0.12400322,0.42036835,0.02212713,0.53447367,0.00264408,0.03620200,0.07630668
2.24212106,0.73117305,0.02184863,0.11538690,0.39201703,0.02053872,0.49780831,0.00247511,0.03355486,0.07103089
2.24812406,0.67704753,0.02032918,0.10666841,0.36312985,0.01894166,0.46057091,0.00230103,0.03090694,0.06568795
2.25412706,0.62270364,0.01878213,0.09795893,0.33410260,0.01735550,0.42326472,0.00212437,0.02828779,0.06034609
2.26013007,0.56884018,0.01723004,0.08936291,0.30530935,0.01579826,0.38636062,0.00194758,0.02572483,0.05506966
2.26613307,0.51609629,0.01569401,0.08097566,0.27709351,0.01428616,0.35028704,0.00177299,0.02324280,0.04991755
2.27213607,0.46503889,0.01419319,0.07288140,0.24976075,0.01283326,0.31542205,0.00160267,0.02086320,0.04494199
2.27813907,0.41615353,0.01274437,0.06515189,0.22357373,0.01145135,0.28208769,0.00143846,0.01860402,0.04018763
2.28414207,0.36983883,0.01136171,0.05784558,0.19874888,0.01014982,0.25054667,0.00128193,0.01647954,0.03569094
2.29014507,0.32640429,0.01005664,0.05100732,0.17545496,0.00893566,0.22100121,0.00113431,0.01450029,0.03148004
2.29614807,0.28607136,0.00883777,0.04466851,0.15381351,0.00781354,0.19359413,0.00099654,0.01267312,0.02757479
2.30215108,0.24897720,0.00771099,0.03884775,0.13390069,0.00678591,0.16841157,0.00086926,0.01100146,0.02398709
2.30815408,0.21518089,0.00667966,0.03355177,0.11575060,0.00585322,0.14548735,0.00075282,0.00948554,0.02072151
2.31415708,0.18467141,0.00574479,0.02877669,0.09935939,0.00501415,0.12480850,0.00064733,0.00812278,0.01777602
2.32016008,0.15737690,0.00490532,0.02450946,0.08469033,0.00426584,0.10632157,0.00055263,0.00690824,0.01514291
2.32616308,0.13317471,0.00415847,0.02072939,0.07167909,0.00360417,0.08993941,0.00046841,0.00583495,0.01280969
2.33216608,0.11190171,0.00350003,0.01740974,0.06023935,0.00302407,0.07554817,0.00039419,0.00489447,0.01076010
2.33816908,0.09336436,0.00292471,0.01451930,0.05026818,0.00251974,0.06301404,0.00032935,0.00407722,0.00897506
2.34417209,0.07734834,0.00242641,0.01202381,0.04165129,0.00208491,0.05218973,0.00027320,0.00337292,0.00743360
2.35017509,0.06362728,0.00199856,0.00988733,0.03426768,0.00171309,0.04292028,0.00022500,0.00277095,0.00611365
2.35617809,0.05197044,0.00163434,0.00807339,0.02799390,0.00139774,0.03504822,0.00018398,0.00226064,0.00499282
2.36218109,0.04214932,0.00132689,0.00654603,0.02270752,0.00113246,0.02841792,0.00014936,0.00183156,0.00404897
2.36818409,0.03394297,0.00106955,0.00527057,0.01829012,0.00091110,0.02287916,0.00012038,0.00147375,0.00326078
2.37418709,0.02714214,0.00085593,0.00421426,0.01462950,0.00072786,0.01828985,0.00009633,0.00117781,0.00260809
2.38019010,0.02155233,0.00068005,0.00334671,0.01162135,0.00057738,0.01451801,0.00007653,0.00093512,0.00207219
2.38619310,0.01699574,0.00053644,0.00264025,0.00917039,0.00045481,0.01144305,0.00006036,0.00073781,0.00163607
2.39219610,0.01331236,0.00042011,0.00207000,0.00719093,0.00035574,0.00895647,0.00004727,0.00057889,0.00128445
2.39819910,0.01036034,0.00032665,0.00161401,0.00560713,0.00027632,0.00696203,0.00003675,0.00045219,0.00100388
2.40420210,0.00801567,0.00025215,0.00125315,0.00435287,0.00021315,0.00537550,0.00002837,0.00035238,0.00078267
2.41020510,0.00617145,0.00019325,0.00097105,0.00337140,0.00016332,0.00412413,0.00002174,0.00027493,0.00061088
2.41620810,0.00473681,0.00014705,0.00075388,0.00261482,0.00012433,0.00314584,0.00001654,0.00021606,0.00048019
2.42221111,0.00363564,0.00011108,0.00059024,0.00204343,0.00009409,0.00238839,0.00001250,0.00017269,0.00038384
2.42821411,0.00280520,0.00008332,0.00047088,0.00162503,0.00007084,0.00180829,0.00000937,0.00014240,0.00031646
2.43421711,0.00219465,0.00006204,0.00038855,0.00133425,0.00005316,0.00136985,0.00000698,0.00012336,0.00027402
2.44022011,0.00176375,0.00004587,0.00033780,0.00115186,0.00003987,0.00104418,0.00000516,0.00011429,0.00025368
2.44622311,0.00148148,0.00003367,0.00031475,0.00106412,0.00003003,0.00080826,0.00000379,0.00011441,0.00025371
2.45222611,0.00132489,0.00002455,0.00031701,0.00106228,0.00002290,0.00064406,0.00000276,0.00012341,0.00027343
2.45822911,0.00127803,0.00001777,0.00034347,0.00114200,0.00001791,0.00053778,0.00000200,0.00014142,0.00031310
2.46423212,0.00133101,0.00001279,0.00039421,0.00130299,0.00001459,0.00047918,0.00000144,0.00016896,0.00037388
2.47023512,0.00147921,0.00000916,0.00047037,0.00154862,0.00001263,0.00046099,0.00000103,0.00020695,0.00045779
2.47623812,0.00172255,0.00000654,0.00057411,0.00188556,0.00001179,0.00047838,0.00000074,0.00025665,0.00056764
2.48224112,0.00206491,0.00000468,0.00070844,0.00232352,0.00001188,0.00052856,0.00000053,0.00031969,0.00070698
2.48824412,0.00251360,0.00000340,0.00087722,0.00287494,0.00001281,0.00061038,0.00000038,0.00039800,0.00088009
2.49424712,0.00307881,0.00000256,0.00108499,0.00355471,0.00001451,0.00072407,0.00000028,0.00049378,0.00109186
2.50025013,0.00377317,0.00000206,0.00133694,0.00437978,0.00001696,0.00087095,0.00000022,0.00060950,0.00134772
2.50625313,0.00461129,0.00000186,0.00163872,0.00536884,0.00002017,0.00105319,0.00000019,0.00074782,0.00165359
2.51225613,0.00560916,0.00000193,0.00199635,0.00654181,0.00002417,0.00127360,0.00000019,0.00091156,0.00201566
2.51825913,0.00678370,0.00000228,0.00241602,0.00791933,0.00002899,0.00153545,0.00000021,0.00110359,0.00244030
2.52426213,0.00815206,0.00000297,0.00290388,0.00952212,0.00003471,0.00184227,0.00000026,0.00132677,0.00293384
2.53026513,0.00973103,0.00000406,0.00346584,0.01137030,0.00004137,0.00219765,0.00000035,0.00158383,0.00350235
2.53626813,0.01153626,0.00000570,0.00410726,0.01348256,0.00004905,0.00260509,0.00000048,0.00187730,0.00415136
2.54227114,0.01358155,0.00000805,0.00483272,0.01587532,0.00005781,0.00306780,0.00000066,0.00220930,0.00488563
2.54827414,0.01587805,0.00001138,0.00564565,0.01856187,0.00006771,0.00358853,0.00000091,0.00258151,0.00570882
2.55427714,0.01843349,0.00001603,0.00654809,0.02155145,0.00007881,0.00416940,0.00000127,0.00299494,0.00662320
2.56028014,0.02125144,0.00002245,0.00754032,0.02484843,0.00009117,0.00481179,0.00000175,0.00344986,0.00762932
2.56628314,0.02433071,0.00003125,0.00862059,0.02845156,0.00010480,0.00551622,0.00000242,0.00394566,0.00872582
2.57228614,0.02766483,0.00004320,0.00978488,0.03235336,0.00011976,0.00628227,0.00000331,0.00448075,0.00990908
2.57828914,0.03124175,0.00005932,0.01102667,0.03653976,0.00013605,0.00710860,0.00000450,0.00505246,0.01117315
2.58429215,0.03504376,0.00008089,0.01233684,0.04098993,0.00015371,0.00799297,0.00000609,0.00565704,0.01250956
2.59029515,0.03904770,0.00010954,0.01370357,0.04567647,0.00017274,0.00893243,0.00000818,0.00628963,0.01390734
2.59629815,0.04322548,0.00014730,0.01511240,0.05056596,0.00019317,0.00992349,0.00001092,0.00694431,0.01535308
2.60230115,0.04754496,0.00019671,0.01654639,0.05561983,0.00021505,0.01096244,0.00001448,0.00761422,0.01683115
2.60830415,0.05197113,0.00026087,0.01798635,0.06079560,0.00023844,0.01204578,0.00001907,0.00829169,0.01832394
2.61430715,0.05646770,0.00034355,0.01941121,0.06604856,0.00026344,0.01317068,0.00002496,0.00896847,0.01981234
2.62031016,0.06099891,0.00044928,0.02079852,0.07133366,0.00029020,0.01433556,0.00003243,0.00963599,0.02127624
2.62631316,0.06553167,0.00058347,0.02212494,0.07660773,0.00031894,0.01554075,0.00004186,0.01028564,0.02269512
2.63231616,0.07003777,0.00075247,0.02336693,0.08183180,0.00034994,0.01678906,0.00005366,0.01090916,0.02404875
2.63831916,0.07449633,0.00096369,0.02450142,0.08697349,0.00038358,0.01808658,0.00006831,0.01149897,0.02531789
2.64432216,0.07889597,0.00122562,0.02550649,0.09200933,0.00042032,0.01944321,0.00008636,0.01204857,0.02648508
2.65032516,0.08323707,0.00154791,0.02636211,0.09692685,0.00046075,0.02087329,0.00010843,0.01255288,0.02753530
2.65632816,0.08753350,0.00194138,0.02705077,0.10172627,0.00050556,0.02239606,0.00013519,0.01300861,0.02845664
2.66233117,0.09181404,0.00241796,0.02755808,0.10642170,0.00055553,0.02403591,0.00016740,0.01341451,0.02924089
2.66833417,0.09612314,0.00299063,0.02787330,0.11104172,0.00061157,0.02582254,0.00020583,0.01377166,0.02988394
2.67433717,0.10052105,0.00367324,0.02798966,0.11562917,0.00067466,0.02779073,0.00025132,0.01408358,0.03038609
2.68034017,0.10508306,0.00448035,0.02790466,0.12024016,0.00074585,0.02997996,0.00030474,0.01435631,0.03075215
2.68634317,0.10989799,0.00542687,0.02762015,0.12494222,0.00082623,0.03243363,0.00036695,0.01459833,0.03099134
2.69234617,0.11506574,0.00652772,0.02714220,0.12981155,0.00091689,0.03519799,0.00043877,0.01482043,0.03111702
2.69834917,0.12069392,0.00779738,0.02648099,0.13492962,0.00101888,0.03832073,0.00052101,0.01503544,0.03114620
2.70435218,0.12689380,0.00924936,0.02565035,0.14037891,0.00113316,0.04184930,0.00061435,0.01525781,0.03109892
2.71035518,0.13377542,0.01089555,0.02466734,0.14623833,0.00126053,0.04582889,0.00071937,0.01550316,0.03099741
2.71635818,0.14144228,0.01274566,0.02355164,0.15257814,0.00140162,0.05030025,0.00083649,0.01578770,0.03086518
2.72236118,0.14998557,0.01480643,0.02232493,0.15945497,0.00155677,0.05529731,0.00096589,0.01612754,0.03072603
2.72836418,0.15947839,0.01708099,0.02101015,0.16690683,0.00172601,0.06084476,0.00110756,0.01653807,0.03060296
2.73436718,0.16997005,0.01956819,0.01963081,0.17494875,0.00190900,0.06695566,0.00126117,0.01703318,0.03051723
2.74037019,0.18148085,0.02226191,0.01821031,0.18356897,0.00210500,0.07362922,0.00142609,0.01762457,0.03048729
2.74637319,0.19399749,0.02515060,0.01677130,0.19272623,0.00231283,0.08084880,0.00160136,0.01832112,0.03052802
2.75237619,0.20746959,0.02821681,0.01533510,0.20234810,0.00253083,0.08858037,0.00178567,0.01912822,0.03064993
2.75837919,0.22180727,0.03143698,0.01392123,0.21233073,0.00275690,0.09677143,0.00197734,0.02004733,0.03085869
2.76438219,0.23688030,0.03478135,0.01254699,0.22254000,0.00298849,0.10535055,0.00217437,0.02107559,0.03115476
2.77038519,0.25251874,0.03821418,0.01122728,0.23281412,0.00322262,0.11422756,0.00237440,0.02220559,0.03153334
2.77638819,0.26851526,0.04169407,0.00997434,0.24296761,0.00345597,0.12329459,0.00257482,0.02342533,0.03198447
2.78239120,0.28462911,0.04517470,0.00879774,0.25279665,0.00368493,0.13242772,0.00277276,0.02471831,0.03249341
2.78839420,0.30059173,0.04860565,0.00770444,0.26208541,0.00390569,0.14148953,0.00296517,0.02606390,0.03304119
2.79439720,0.31611377,0.05193357,0.00669891,0.27061335,0.00411436,0.15033226,0.00314891,0.02743779,0.03360538
2.80040020,0.33089330,0.05510344,0.00578330,0.27816287,0.00430703,0.15880163,0.00332082,0.02881265,0.03416097
2.80640320,0.34462496,0.05806008,0.00495774,0.28452732,0.00447995,0.16674116,0.00347780,0.03015898,0.03468143
2.81240620,0.35700969,0.06074971,0.00422061,0.28951865,0.00462961,0.17399679,0.00361692,0.03144596,0.03513972
2.81840920,0.36776461,0.06312154,0.00356886,0.29297467,0.00475288,0.18042172,0.00373551,0.03264255,0.03550945
2.82441221,0.37663264,0.06512938,0.00299837,0.29476532,0.00484709,0.18588114,0.00383123,0.03371852,0.03576586
2.83041521,0.38339147,0.06673312,0.00250422,0.29479787,0.00491013,0.19025680,0.00390216,0.03464548,0.03588689
2.83641821,0.38786156,0.06790005,0.00208107,0.29302061,0.00494054,0.19345110,0.00394686,0.03539798,0.03585395
2.84242121,0.38991261,0.06860601,0.00172341,0.28942515,0.00493753,0.19539061,0.00396444,0.03595439,0.03565268
2.84842421,0.38946858,0.06883617,0.00142586,0.28404698,0.00490104,0.19602875,0.00395456,0.03629779,0.03527345
2.85442721,0.38651063,0.06858559,0.00118340,0.27696449,0.00483173,0.19534771,0.00391746,0.03641662,0.03471171
2.86043022,0.38107834,0.06785938,0.00099161,0.26829643,0.00473096,0.19335930,0.00385396,0.03630518,0.03396811
2.86643322,0.37326874,0.06667253,0.00084688,0.25819812,0.00460074,0.19010487,0.00376543,0.03596394,0.03304843
2.87243622,0.36323368,0.06504942,0.00074657,0.24685645,0.00444369,0.18565430,0.00365374,0.03539969,0.03196332
2.87843922,0.35117533,0.06302298,0.00068922,0.23448412,0.00426290,0.18010399,0.00352121,0.03462539,0.03072789
2.88444222,0.33734033,0.06063357,0.00067466,0.22131335,0.00406191,0.17357418,0.00337056,0.03365997,0.02936117
2.89044522,0.32201278,0.05792768,0.00070417,0.20758939,0.00384452,0.16620556,0.00320476,0.03252784,0.02788542
2.89644822,0.30550646,0.05495643,0.00078066,0.19356415,0.00361476,0.15815540,0.00302703,0.03125835,0.02632546
2.90245123,0.28815660,0.05177397,0.00090876,0.17949018,0.00337672,0.14959340,0.00284071,0.02988513,0.02470790
2.90845423,0.27031163,0.04843587,0.00109495,0.16561531,0.00313447,0.14069744,0.00264915,0.02844532,0.02306038
2.91445723,0.25232521,0.04499755,0.00134771,0.15217811,0.00289195,0.13164933,0.00245567,0.02697879,0.02141094
2.92046023,0.23454879,0.04151279,0.00167760,0.13940422,0.00265292,0.12263087,0.00226348,0.02552735,0.01978732
2.92646323,0.21732504,0.03803241,0.00209731,0.12750369,0.00242083,0.11382017,0.00207558,0.02413403,0.01821650
2.93246623,0.20098220,0.03460317,0.00262177,0.11666930,0.00219883,0.10538848,0.00189476,0.02284225,0.01672422
2.93846923,0.18582939,0.03126684,0.00326809,0.10707573,0.00198968,0.09749740,0.00172354,0.02169524,0.01533472
2.94447224,0.17215311,0.02805954,0.00405553,0.09887951,0.00179576,0.09029677,0.00156411,0.02073535,0.01407052
2.95047524,0.16021460,0.02501136,0.00500540,0.09221958,0.00161905,0.08392290,0.00141836,0.02000350,0.01295240
2.95647824,0.15024807,0.02214620,0.00614085,0.08721828,0.00146115,0.07849734,0.00128787,0.01953866,0.01199940
2.96248124,0.14245971,0.01948176,0.00748658,0.08398257,0.00132326,0.07412599,0.00117390,0.01937734,0.01122897
2.96848424,0.13702710,0.01702987,0.00906849,0.08260522,0.00120624,0.07089846,0.00107739,0.01955311,0.01065720
2.97448724,0.13409900,0.01479685,0.01091323,0.08316600,0.00111062,0.06888774,0.00099903,0.02009613,0.01029905
2.98049025,0.13379525,0.01278407,0.01304760,0.08573248,0.00103664,0.06814983,0.00093921,0.02103264,0.01016871
2.98649325,0.13620664,0.01098858,0.01549798,0.09036047,0.00098428,0.06872350,0.00089811,0.02238447,0.01027987
2.99249625,0.14139467,0.00940379,0.01828958,0.09709412,0.00095328,0.07063002,0.00087565,0.02416845,0.01064607
2.99849925,0.14939110,0.00802015,0.02144572,0.10596544,0.00094318,0.07387277,0.00087158,0.02639591,0.01128101
3.00450225,0.16019731,0.00682589,0.02498700,0.11699361,0.00095336,0.07843685,0.00088547,0.02907209,0.01219878
3.01050525,0.17378348,0.00580765,0.02893060,0.13018376,0.00098301,0.08428871,0.00091669,0.03219561,0.01341409
3.01650825,0.19008782,0.00495110,0.03328946,0.14552576,0.00103121,0.09137576,0.00096450,0.03575796,0.01494245
3.02251126,0.20901582,0.00424147,0.03807167,0.16299281,0.00109689,0.09962612,0.00102797,0.03974314,0.01680016
3.02851426,0.23043988,0.00366401,0.04327982,0.18254026,0.00117887,0.10894867,0.00110606,0.04412740,0.01900438
3.03451726,0.25419930,0.00320443,0.04891061,0.20410452,0.00127588,0.11923335,0.00119760,0.04887908,0.02157295
3.04052026,0.28010111,0.00284916,0.05495454,0.22760260,0.00138654,0.13035196,0.00130132,0.05395885,0.02452419
3.04652326,0.30792156,0.00258565,0.06139574,0.25293196,0.00150938,0.14215956,0.00141580,0.05931995,0.02787658
3.05252626,0.33740861,0.00240254,0.06821204,0.27997112,0.00164288,0.15449637,0.00153956,0.06490890,0.03164827
3.05852926,0.36828552,0.00228980,0.07537521,0.30858082,0.00178545,0.16719043,0.00167104,0.07066636,0.03585654
3.06453227,0.40025531,0.00223881,0.08285129,0.33860594,0.00193548,0.18006090,0.00180860,0.07652831,0.04051709
3.07053527,0.43300623,0.00224247,0.09060119,0.36987796,0.00209134,0.19292196,0.00195056,0.08242743,0.04564324
3.07653827,0.46621811,0.00229518,0.09858129,0.40221797,0.00225141,0.20558729,0.00209526,0.08829475,0.05124506
3.08254127,0.49956924,0.00239290,0.10674423,0.43544015,0.00241415,0.21787495,0.00224100,0.09406138,0.05732838
3.08854427,0.53274370,0.00253313,0.11503970,0.46935550,0.00257806,0.22961254,0.00238614,0.09966036,0.06389381
3.09454727,0.56543879,0.00271488,0.12341525,0.50377576,0.00274176,0.24064244,0.00252911,0.10502859,0.07093574
3.10055028,0.59737235,0.00293872,0.13181717,0.53851732,0.00290403,0.25082697,0.00266842,0.11010853,0.07844144
3.10655328,0.62828958,0.00320666,0.14019124,0.57340508,0.00306379,0.26005316,0.00280270,0.11484999,0.08639020
3.11255628,0.65796931,0.00352219,0.14848357,0.60827604,0.00322017,0.26823709,0.00293072,0.11921152,0.09475271
3.11855928,0.68622921,0.00389013,0.15664125,0.64298267,0.00337252,0.27532750,0.00305139,0.12316163,0.10349064
3.12456228,0.71293017,0.00431659,0.16461308,0.67739597,0.00352041,0.28130856,0.00316382,0.12667968,0.11255658
3.13056528,0.73797935,0.00480884,0.17235024,0.71140812,0.00366365,0.28620173,0.00326728,0.12975638,0.12189424
3.13656828,0.76133222,0.00537513,0.17980689,0.74493489,0.00380231,0.29006657,0.00336122,0.13239396,0.13143914
3.14257129,0.78299327,0.00602449,0.18694085,0.77791769,0.00393669,0.29300054,0.00344532,0.13460595,0.14111960
3.14857429,0.80301579,0.00676646,0.19371428,0.81032532,0.00406733,0.29513775,0.00351939,0.13641663,0.15085827
3.15457729,0.82150046,0.00761083,0.20009438,0.84215536,0.00419499,0.29664677,0.00358347,0.13786009,0.16057391
3.16058029,0.83859311,0.00856721,0.20605413,0.87343532,0.00432062,0.29772753,0.00363776,0.13897911,0.17018360
3.16658329,0.85448162,0.00964466,0.21157302,0.90422331,0.00444535,0.29860746,0.00368262,0.13982368,0.17960517
3.17258629,0.86939212,0.01085124,0.21663788,0.93460821,0.00457047,0.29953695,0.00371857,0.14044950,0.18875972
3.17858929,0.88358449,0.01219352,0.22124351,0.96470930,0.00469734,0.30078428,0.00374629,0.14091617,0.19757427
3.18459230,0.89734723,0.01367610,0.22539338,0.99467504,0.00482742,0.30263017,0.00376658,0.14128550,0.20598425
3.19059530,0.91099177,0.01530106,0.22910001,1.02468092,0.00496222,0.30536194,0.00378036,0.14161963,0.21393573
3.19659830,0.92484619,0.01706758,0.23238531,1.05492637,0.00510320,0.30926757,0.00378868,0.14197934,0.22138732
3.20260130,0.93924829,0.01897143,0.23528046,1.08563030,0.00525181,0.31462957,0.00379265,0.14242227,0.22831158
3.20860430,0.95453818,0.02100470,0.23782563,1.11702554,0.00540941,0.32171885,0.00379350,0.14300141,0.23469580
3.21460730,0.97105022,0.02315551,0.24006920,1.14935198,0.00557722,0.33078866,0.00379250,0.14376356,0.24054223
3.22061031,0.98910462,0.02540795,0.24206667,1.18284858,0.00575630,0.34206856,0.00379096,0.14474810,0.24586758
3.22661331,1.00899866,0.02774207,0.24387917,1.21774446,0.00594754,0.35575871,0.00379024,0.14598587,0.25070186
3.23261631,1.03099775,0.03013415,0.24557165,1.25424929,0.00615158,0.37202439,0.00379169,0.14749825,0.25508672
3.23861931,1.05532674,0.03255703,0.24721076,1.29254346,0.00636884,0.39099085,0.00379664,0.14929654,0.25907316
3.24462231,1.08216154,0.03498072,0.24886258,1.33276832,0.00659945,0.41273885,0.00380641,0.15138154,0.26271902
3.25062531,1.11162168,0.03737310,0.25059020,1.37501717,0.00684332,0.43730073,0.00382222,0.15374344,0.26608611
3.25662831,1.14376394,0.03970088,0.25245144,1.41932733,0.00710007,0.46465736,0.00384524,0.15636195,0.26923738
3.26263132,1.17857760,0.04193055,0.25449666,1.46567386,0.00736908,0.49473603,0.00387653,0.15920677,0.27223417
3.26863432,1.21598162,0.04402955,0.25676684,1.51396527,0.00764949,0.52740960,0.00391703,0.16223838,0.27513366
3.27463732,1.25582391,0.04596741,0.25929210,1.56404168,0.00794027,0.56249675,0.00396755,0.16540905,0.27798686
3.28064032,1.29788306,0.04771695,0.26209074,1.61567541,0.00824017,0.59976378,0.00402877,0.16866421,0.28083693
3.28664332,1.34187254,0.04925538,0.26516868,1.66857434,0.00854787,0.63892775,0.00410124,0.17194404,0.28371821
3.29264632,1.38744723,0.05056531,0.26851965,1.72238768,0.00886191,0.67966119,0.00418533,0.17518525,0.28665578
3.29864932,1.43421232,0.05163566,0.27212577,1.77671409,0.00918081,0.72159817,0.00428131,0.17832310,0.28966562
3.30465233,1.48173399,0.05246232,0.27595879,1.83111173,0.00950307,0.76434162,0.00438928,0.18129344,0.29275528
3.31065533,1.52955175,0.05304860,0.27998165,1.88510975,0.00982720,0.80747190,0.00450922,0.18403482,0.29592503
3.31665833,1.57719155,0.05340547,0.28415045,1.93822064,0.01015175,0.85055607,0.00464101,0.18649058,0.29916921
3.32266133,1.62417940,0.05355143,0.28841657,1.98995281,0.01047533,0.89315774,0.00478437,0.18861078,0.30247792
3.32866433,1.67005465,0.05351225,0.29272887,2.03982293,0.01079661,0.93484714,0.00493892,0.19035399,0.30583854
3.33466733,1.71438228,0.05332037,0.29703582,2.08736723,0.01111431,0.97521086,0.00510419,0.19168875,0.30923727
3.34067034,1.75676374,0.05301404,0.30128737,2.13215144,0.01142717,1.01386106,0.00527954,0.19259475,0.31266037
3.34667334,1.79684577,0.05263635,0.30543660,2.17377892,0.01173395,1.05044371,0.00546424,0.19306363,0.31609499
3.35267634,1.83432676,0.05223400,0.30944082,2.21189670,0.01203334,1.08464543,0.00565740,0.19309936,0.31952966
3.35867934,1.86896043,0.05185599,0.31326229,2.24619938,0.01232401,1.11619884,0.00585800,0.19271814,0.32295421
3.36468234,1.90055680,0.05155225,0.31686840,2.27643079,0.01260448,1.14488608,0.00606482,0.19194798,0.32635933
3.37068534,1.92898043,0.05137217,0.32023141,2.30238377,0.01287313,1.17054052,0.00627647,0.19082774,0.32973560
3.37668834,1.95414629,0.05136318,0.32332774,2.32389815,0.01312819,1.19304662,0.00649136,0.18940586,0.33307225
3.38269135,1.97601344,0.05156939,0.32613692,2.34085744,0.01336766,1.21233794,0.00670769,0.18773868,0.33635570
3.38869435,1.99457730,0.05203026,0.32864032,2.35318459,0.01358934,1.22839379,0.00692343,0.18588857,0.33956793
3.39469735,2.00986089,0.05277945,0.33081981,2.36083725,0.01379087,1.24123440,0.00713636,0.18392173,0.34268499
3.40070035,2.02190568,0.05384372,0.33265635,2.36380309,0.01396971,1.25091536,0.00734405,0.18190597,0.34567566
3.40670335,2.03076290,0.05524209,0.33412893,2.36209542,0.01412318,1.25752136,0.00754390,0.17990836,0.34850049
3.41270635,2.03648566,0.05698507,0.33521359,2.35574949,0.01424859,1.26115986,0.00773317,0.17799288,0.35111127
3.41870935,2.03912264,0.05907419,0.33588304,2.34481976,0.01434326,1.26195503,0.00790905,0.17621829,0.35345105
3.42471236,2.03871356,0.06150163,0.33610662,2.32937819,0.01440465,1.26004222,0.00806869,0.17463608,0.35545485
3.43071536,2.03528704,0.06425016,0.33585085,2.30951367,0.01443044,1.25556338,0.00820928,0.17328873,0.35705096
3.43671836,2.02886072,0.06729323,0.33508045,2.28533245,0.01441866,1.24866363,0.00832813,0.17220824,0.35816283
3.44272136,2.01944380,0.07059536,0.33375994,2.25695953,0.01436782,1.23948912,0.00842275,0.17141511,0.35871160
3.44872436,2.00704191,0.07411273,0.33185565,2.22454077,0.01427697,1.22818624,0.00849093,0.17091764,0.35861904
3.45472736,1.99166394,0.07779402,0.32933805,2.18824545,0.01414587,1.21490225,0.00853084,0.17071176,0.35781084
3.46073037,1.97333049,0.08158148,0.32618442,2.14826917,0.01397504,1.19978705,0.00854107,0.17078122,0.35622010
3.46673337,1.95208346,0.08541223,0.32238148,2.10483666,0.01376583,1.18299612,0.00852072,0.17109830,0.35379084
3.47273637,1.92799625,0.08921973,0.31792818,2.05820439,0.01352050,1.16469419,0.00846944,0.17162493,0.35048137
3.47873937,1.90118387,0.09293543,0.31283813,2.00866277,0.01324223,1.14505947,0.00838752,0.17231419,0.34626736
3.48474237,1.87181254,0.09649055,0.30714183,1.95653761,0.01293511,1.12428803,0.00827583,0.17311219,0.34114442
3.49074537,1.84010795,0.09981787,0.30088841,1.90219094,0.01260416,1.10259803,0.00813592,0.17396020,0.33513010
3.49674837,1.80636182,0.10285357,0.29414682,1.84602075,0.01225524,1.08023335,0.00796994,0.17479702,0.32826522
3.50275138,1.77093615,0.10553897,0.28700631,1.78845987,0.01189495,1.05746634,0.00778066,0.17556141,0.32061436
3.50875438,1.73426465,0.10782216,0.27957627,1.72997362,0.01153059,1.03459937,0.00757137,0.17619457,0.31226554
3.51475738,1.69685128,0.10965942,0.27198519,1.67105632,0.01116995,1.01196481,0.00734587,0.17664255,0.30332907
3.52076038,1.65926531,0.11101636,0.26437886,1.61222652,0.01082122,0.98992328,0.00710835,0.17685837,0.29393553
3.52676338,1.62213308,0.11186875,0.25691781,1.55402100,0.01049276,0.96885995,0.00686334,0.17680394,0.28423302
3.53276638,1.58612635,0.11220303,0.24977387,1.49698731,0.01019294,0.94917891,0.00661555,0.17645155,0.27438360
3.53876938,1.55194736,0.11201635,0.24312615,1.44167511,0.00992994,0.93129543,0.00636981,0.17578491,0.26455926
3.54477239,1.52031098,0.11131640,0.23715626,1.38862617,0.00971150,0.91562636,0.00613092,0.17479964,0.25493724
3.55077539,1.49192431,0.11012068,0.23204315,1.33836327,0.00954475,0.90257876,0.00590355,0.17350327,0.24569507
3.55677839,1.46746438,0.10845562,0.22795746,1.29137805,0.00943599,0.89253713,0.00569212,0.17191466,0.23700539
3.56278139,1.44755458,0.10635529,0.22505567,1.24811829,0.00939045,0.88584964,0.00550065,0.17006290,0.22903069
3.56878439,1.43274071,0.10386002,0.22347428,1.20897479,0.00941214,0.88281367,0.00533271,0.16798573,0.22191821
3.57478739,1.42346754,0.10101480,0.22332406,1.17426843,0.00950365,0.88366157,0.00519127,0.16572761,0.21579503
3.58079040,1.42005682,0.09786764,0.22468478,1.14423782,0.00966604,0.88854689,0.00507864,0.16333740,0.21076373
3.58679340,1.42268784,0.09446798,0.22760041,1.11902830,0.00989870,0.89753200,0.00499638,0.16086597,0.20689858
3.59279640,1.43138151,0.09086523,0.23207533,1.09868269,0.01019928,0.91057775,0.00494529,0.15836367,0.20424251
3.59879940,1.44598874,0.08710735,0.23807139,1.08313458,0.01056368,0.92753561,0.00492532,0.15587789,0.20280501
3.60480240,1.46618419,0.08323978,0.24550638,1.07220454,0.01098608,0.94814317,0.00493560,0.15345084,0.20256103
3.61080540,1.49146583,0.07930455,0.25425374,1.06559991,0.01145896,0.97202330,0.00497444,0.15111761,0.20345098
3.61680840,1.52116078,0.07533966,0.26414389,1.06291834,0.01197331,0.99868733,0.00503939,0.14890459,0.20538189
3.62281141,1.55443770,0.07137875,0.27496707,1.06365543,0.01251873,1.02754254,0.00512725,0.14682843,0.20822974
3.62881441,1.59032556,0.06745104,0.28647777,1.06721635,0.01308373,1.05790384,0.00523425,0.14489547,0.21184290
3.63481741,1.62773829,0.06358145,0.29840062,1.07293124,0.01365598,1.08900960,0.00535606,0.14310168,0.21604660
3.64082041,1.66550492,0.05979097,0.31043764,1.08007410,0.01422264,1.12004109,0.00548798,0.14143317,0.22064843
3.64682341,1.70240384,0.05609715,0.32227657,1.08788440,0.01477068,1.15014497,0.00562510,0.13986711,0.22544443
3.65282641,1.73720032,0.05251472,0.33360012,1.09559079,0.01528731,1.17845812,0.00576237,0.13837316,0.23022584
3.65882941,1.76868558,0.04905624,0.34409557,1.10243581,0.01576031,1.20413387,0.00589486,0.13691516,0.23478612
3.66483242,1.79571617,0.04573274,0.35346465,1.10770073,0.01617845,1.22636849,0.00601785,0.13545308,0.23892795
3.67083542,1.81725175,0.04255438,0.36143294,1.11072936,0.01653177,1.24442711,0.00612702,0.13394516,0.24247005
3.67683842,1.83238992,0.03953103,0.36775876,1.11094984,0.01681198,1.25766772,0.00621858,0.13235002,0.24525345
3.68284142,1.84039656,0.03667269,0.37224088,1.10789332,0.01701265,1.26556249,0.00628939,0.13062877,0.24714694
3.68884442,1.84073031,0.03398992,0.37472481,1.10120887,0.01712948,1.26771526,0.00633706,0.12874691,0.24805160
3.69484742,1.83306035,0.03149404,0.37510747,1.09067378,0.01716041,1.26387472,0.00636003,0.12667599,0.24790401
3.70085043,1.81727648,0.02919726,0.37333996,1.07619887,0.01710568,1.25394245,0.00635762,0.12439505,0.24667829
3.70685343,1.79349135,0.02711272,0.36942823,1.05782859,0.01696782,1.23797574,0.00633000,0.12189157,0.24438653
3.71285643,1.76203469,0.02525433,0.36343195,1.03573597,0.01675157,1.21618497,0.00627823,0.11916217,0.24107798
3.71885943,1.72343987,0.02363659,0.35546123,1.01021266,0.01646368,1.18892571,0.00620417,0.11621278,0.23683673
3.72486243,1.67842345,0.02227425,0.34567177,0.98165471,0.01611271,1.15668596,0.00611040,0.11305852,0.23177820
3.73086543,1.62785882,0.02118198,0.33425847,0.95054468,0.01570871,1.12006922,0.00600011,0.10972313,0.22604448
3.73686843,1.57274488,0.02037386,0.32144781,0.91743109,0.01526288,1.07977385,0.00587699,0.10623814,0.21979887
3.74287144,1.51417138,0.01986293,0.30748952,0.88290620,0.01478720,1.03657000,0.00574509,0.10264163,0.21321962
3.74887444,1.45328234,0.01966061,0.29264783,0.84758311,0.01429404,0.99127470,0.00560864,0.09897686,0.20649350
3.75487744,1.39123896,0.01977613,0.27719264,0.81207337,0.01379577,0.94472638,0.00547193,0.09529064,0.19980908
3.76088044,1.32918371,0.02021599,0.26139116,0.77696601,0.01330436,0.89775965,0.00533913,0.09163161,0.19335037
3.76688344,1.26820674,0.02098338,0.24550016,0.74280890,0.01283107,0.85118127,0.00521417,0.08804847,0.18729074
3.77288644,1.20931604,0.02207763,0.22975924,0.71009324,0.01238609,0.80574821,0.00510063,0.08458821,0.18178765
3.77888944,1.15341211,0.02349375,0.21438534,0.67924170,0.01197831,0.76214841,0.00500159,0.08129446,0.17697811
3.78489245,1.10126815,0.02522205,0.19956853,0.65060053,0.01161515,0.72098482,0.00491959,0.07820591,0.17297530
3.79089545,1.05351595,0.02724778,0.18546926,0.62443581,0.01130234,0.68276316,0.00485656,0.07535496,0.16986614
3.79689845,1.01063799,0.02955104,0.17221704,0.60093384,0.01104395,0.64788357,0.00481382,0.07276667,0.16771014
3.80290145,0.97296543,0.03210671,0.15991037,0.58020509,0.01084233,0.61663627,0.00479201,0.07045786,0.16653931
3.80890445,0.94068187,0.03488461,0.14861796,0.56229162,0.01069818,0.58920108,0.00479121,0.06843664,0.16635926
3.81490745,0.91383217,0.03784987,0.13838095,0.54717698,0.01061071,0.56565068,0.00481092,0.06670225,0.16715119
3.82091046,0.89233576,0.04096345,0.12921584,0.53479807,0.01057778,0.54595720,0.00485017,0.06524514,0.16887477
3.82691346,0.87600335,0.04418282,0.12111812,0.52505802,0.01059608,0.53000159,0.00490759,0.06404753,0.17147165
3.83291646,0.86455624,0.04746290,0.11406610,0.51783928,0.01066146,0.51758548,0.00498151,0.06308411,0.17486948
3.83891946,0.85764696,0.05075708,0.10802485,0.51301604,0.01076907,0.50844468,0.00507008,0.06232319,0.17898608
3.84492246,0.85488023,0.05401832,0.10295003,0.51046529,0.01091371,0.50226376,0.00517134,0.06172792,0.18373366
3.85092546,0.85583328,0.05720042,0.09879133,0.51007575,0.01109001,0.49869110,0.00528333,0.06125777,0.18902275
3.85692846,0.86007432,0.06025919,0.09549543,0.51175418,0.01129268,0.49735377,0.00540420,0.06087015,0.19476577
3.86293147,0.86717853,0.06315365,0.09300839,0.51542880,0.01151667,0.49787154,0.00553224,0.06052192,0.20087987
3.86893447,0.87674079,0.06584705,0.09127733,0.52104945,0.01175735,0.49986954,0.00566592,0.06017109,0.20728907
3.87493747,0.88838470,0.06830783,0.09025140,0.52858467,0.01201056,0.50298923,0.00580396,0.05977824,0.21392554
3.88094047,0.90176761,0.07051027,0.08988213,0.53801595,0.01227269,0.50689708,0.00594528,0.05930785,0.22072987
3.88694347,0.91658174,0.07243497,0.09012312,0.54932944,0.01254065,0.51129098,0.00608901,0.05872945,0.22765055
3.89294647,0.93255158,0.07406898,0.09092924,0.56250576,0.01281181,0.51590420,0.00623444,0.05801845,0.23464252
3.89894947,0.94942805,0.07540575,0.09225544,0.57750874,0.01308393,0.52050695,0.00638094,0.05715672,0.24166511
3.90495248,0.96698017,0.07644476,0.09405529,0.59427370,0.01335497,0.52490565,0.00652789,0.05613287,0.24867936
3.91095548,0.98498499,0.07719089,0.09627948,0.61269635,0.01362303,0.52894041,0.00667463,0.05494225,0.25564509
3.91695848,1.00321688,0.07765361,0.09887438,0.63262309,0.01388608,0.53248093,0.00682034,0.05358660,0.26251790
3.92296148,1.02143711,0.07784608,0.10178076,0.65384349,0.01414190,0.53542138,0.00696398,0.05207358,0.26924637
3.92896448,1.03938477,0.07778407,0.10493294,0.67608576,0.01438788,0.53767480,0.00710423,0.05041601,0.27576968
3.93496748,1.05676992,0.07748499,0.10825839,0.69901575,0.01462095,0.53916752,0.00723943,0.04863097,0.28201596
3.94097049,1.07326985,0.07696685,0.11167776,0.72223982,0.01483751,0.53983418,0.00736761,0.04673886,0.28790143
3.94697349,1.08852890,0.07624747,0.11510563,0.74531177,0.01503339,0.53961359,0.00748643,0.04476239,0.29333066
3.95297649,1.10216229,0.07534378,0.11845171,0.76774382,0.01520394,0.53844612,0.00759325,0.04272563,0.29819779
3.95897949,1.11376391,0.07427140,0.12162265,0.78902121,0.01534407,0.53627255,0.00768522,0.04065310,0.30238888
3.96498249,1.12291796,0.07304443,0.12452422,0.80862002,0.01544844,0.53303463,0.00775933,0.03856902,0.30578528
3.97098549,1.12921384,0.07167549,0.12706398,0.82602739,0.01551164,0.52867737,0.00781253,0.03649666,0.30826774
3.97698849,1.13226356,0.07017604,0.12915400,0.84076332,0.01552840,0.52315276,0.00784189,0.03445796,0.30972130
3.98299150,1.13172084,0.06855687,0.13071379,0.85240302,0.01549385,0.51642487,0.00784471,0.03247321,0.31004041
3.98899450,1.12730060,0.06682881,0.13167307,0.86059875,0.01540378,0.50847567,0.00781868,0.03056099,0.30913420
3.99499750,1.11879797,0.06500350,0.13197432,0.86510015,0.01525487,0.49931141,0.00776198,0.02873824,0.30693155
4.00100050,1.10610541,0.06309424,0.13157497,0.86577207,0.01504493,0.48896896,0.00767348,0.02702042,0.30338553
4.00700350,1.08922711,0.06111689,0.13044906,0.86260896,0.01477308,0.47752157,0.00755275,0.02542189,0.29847711
4.01300650,1.06828963,0.05909058,0.12858832,0.85574517,0.01443989,0.46508373,0.00740020,0.02395620,0.29221783
4.01900950,1.04354804,0.05703843,0.12600260,0.84546064,0.01404743,0.45181469,0.00721708,0.02263652,0.28465120
4.02501251,1.01538727,0.05498794,0.12271958,0.83218159,0.01359934,0.43792025,0.00700552,0.02147602,0.27585294
4.03101551,0.98431821,0.05297132,0.11878391,0.81647618,0.01310073,0.42365268,0.00676849,0.02048819,0.26592973
4.03701851,0.95096881,0.05102543,0.11425560,0.79904518,0.01255812,0.40930863,0.00650973,0.01968706,0.25501678
4.04302151,0.91607035,0.04919155,0.10920799,0.78070792,0.01197921,0.39522497,0.00623367,0.01908739,0.24327426
4.04902451,0.88043947,0.04751487,0.10372523,0.76238407,0.01137271,0.38177268,0.00594530,0.01870465,0.23088266
4.05502751,0.84495661,0.04604370,0.09789944,0.74507165,0.01074804,0.36934895,0.00565004,0.01855488,0.21803750
4.06103052,0.81054171,0.04482847,0.09182772,0.72982204,0.01011510,0.35836772,0.00535359,0.01865445,0.20494349
4.06703352,0.77812811,0.04392053,0.08560913,0.71771265,0.00948392,0.34924890,0.00506172,0.01901961,0.19180841
4.07303652,0.74863542,0.04337081,0.07934174,0.70981792,0.00886439,0.34240674,0.00478018,0.01966598,0.17883715
4.07903952,0.72294258,0.04322823,0.07311983,0.70717946,0.00826599,0.33823752,0.00451445,0.02060786,0.16622588
4.08504252,0.70186167,0.04353823,0.06703153,0.71077597,0.00769747,0.33710708,0.00426966,0.02185750,0.15415683
4.09104552,0.68611342,0.04434105,0.06115671,0.72149358,0.00716668,0.33933848,0.00405041,0.02342427,0.14279368
4.09704852,0.67630514,0.04567021,0.05556533,0.74009734,0.00668037,0.34520017,0.00386065,0.02531383,0.13227776
4.10305153,0.67291148,0.04755090,0.05031631,0.76720437,0.00624398,0.35489493,0.00370361,0.02752732,0.12272515
4.10905453,0.67625868,0.04999855,0.04545676,0.80325946,0.00586164,0.36855009,0.00358167,0.03006054,0.11422470
4.11505753,0.68651256,0.05301758,0.04102170,0.84851351,0.00553601,0.38620916,0.00349638,0.03290328,0.10683695
4.12106053,0.70367061,0.05660030,0.03703419,0.90300564,0.00526836,0.40782523,0.00344837,0.03603877,0.10059396
4.12706353,0.72755828,0.06072609,0.03350581,0.96654944,0.00505851,0.43325645,0.00343737,0.03944331,0.09549993
4.13306653,0.75782970,0.06536089,0.03043735,1.03872410,0.00490498,0.46226376,0.00346221,0.04308604,0.09153252
4.13906953,0.79397272,0.07045700,0.02781990,1.11887094,0.00480505,0.49451117,0.00352090,0.04692906,0.08864485
4.14507254,0.83531844,0.07595330,0.02563591,1.20609593,0.00475489,0.52956864,0.00361064,0.05092770,0.08676793
4.15107554,0.88105493,0.08177584,0.02386054,1.29927861,0.00474971,0.56691777,0.00372792,0.05503114,0.08581355
4.15707854,0.93024503,0.08783884,0.02246292,1.39708773,0.00478395,0.60596026,0.00386861,0.05918329,0.08567747
4.16308154,0.98184792,0.09404615,0.02140754,1.49800382,0.00485141,0.64602915,0.00402806,0.06332388,0.08624277
4.16908454,1.03474405,0.10029311,0.02065552,1.60034842,0.00494553,0.68640256,0.00420124,0.06738987,0.08738333
4.17508754,1.08776278,0.10646872,0.02016589,1.70231973,0.00505946,0.72631992,0.00438282,0.07131703,0.08896737
4.18109055,1.13971228,0.11245828,0.01989673,1.80203399,0.00518635,0.76499997,0.00456737,0.07504166,0.09086094
4.18709355,1.18941071,0.11814613,0.01980629,1.89757150,0.00531949,0.80166035,0.00474943,0.07850250,0.09293126
4.19309655,1.23571778,0.12341870,0.01985392,1.98702613,0.00545244,0.83553806,0.00492372,0.08164252,0.09504993
4.19909955,1.27756593,0.12816758,0.02000096,2.06855672,0.00557929,0.86591014,0.00508520,0.08441086,0.09709589
4.20510255,1.31398975,0.13229259,0.02021147,2.14043858,0.00569469,0.89211380,0.00522925,0.08676449,0.09895811
4.21110555,1.34415294,0.13570469,0.02045286,2.20111321,0.00579404,0.91356545,0.00535177,0.08866980,0.10053793
4.21710855,1.36737154,0.13832864,0.02069636,2.24923441,0.00587354,0.92977758,0.00544929,0.09010382,0.10175102
4.22311156,1.38313261,0.14010533,0.02091749,2.28370866,0.00593028,0.94037311,0.00551903,0.09105525,0.10252886
4.22911456,1.39110765,0.14099365,0.02109623,2.30372831,0.00596228,0.94509642,0.00555899,0.09152493,0.10281986
4.23511756,1.39116010,0.14097174,0.02121723,2.30879586,0.00596848,0.94382062,0.00556795,0.09152608,0.10258993
4.24112056,1.38334648,0.14003778,0.02126982,2.29873847,0.00594873,0.93655084,0.00554555,0.09108395,0.10182254
4.24712356,1.36791136,0.13821009,0.02124793,2.27371173,0.00590373,0.92342318,0.00549218,0.09023516,0.10051837
4.25312656,1.34527608,0.13552656,0.02114996,2.23419283,0.00583497,0.90469957,0.00540902,0.08902649,0.09869448
4.25912956,1.31602180,0.13204359,0.02097844,2.18096305,0.00574461,0.88075867,0.00529794,0.08751335,0.09638301
4.26513257,1.28086763,0.12783440,0.02073979,2.11508063,0.00563539,0.85208317,0.00516142,0.08575798,0.09362963
4.27113557,1.24064483,0.12298691,0.02044384,2.03784514,0.00551045,0.81924417,0.00500245,0.08382723,0.09049161
4.27713857,1.19626807,0.11760123,0.02010346,1.95075493,0.00537323,0.78288320,0.00482441,0.08179033,0.08703573
4.28314157,1.14870525,0.11178696,0.01973405,1.85545962,0.00522734,0.74369281,0.00463094,0.07971645,0.08333612
4.28914457,1.09894698,0.10566025,0.01935314,1.75370968,0.00507635,0.70239641,0.00442584,0.07767234,0.07947199
4.29514757,1.04797719,0.09934094,0.01897994,1.64730531,0.00492374,0.65972830,0.00421290,0.07572002,0.07552556
4.30115058,0.99674599,0.09294974,0.01863496,1.53804660,0.00477275,0.61641462,0.00399583,0.07391475,0.07158006
4.30715358,0.94614591,0.08660566,0.01833963,1.42768709,0.00462630,0.57315599,0.00377813,0.07230319,0.06771797
4.31315658,0.89699231,0.08042366,0.01811607,1.31789215,0.00448691,0.53061235,0.00356301,0.07092200,0.06401964
4.31915958,0.85000873,0.07451268,0.01798683,1.21020386,0.00435667,0.48939048,0.00335331,0.06979678,0.06056211
4.32516258,0.80581728,0.06897404,0.01797475,1.10601295,0.00423723,0.45003455,0.00315147,0.06894153,0.05741841
4.33116558,0.76493437,0.06390024,0.01810280,1.00653864,0.00412979,0.41301967,0.00295950,0.06835853,0.05465708
4.33716858,0.72777133,0.05937406,0.01839404,0.91281627,0.00403519,0.37874855,0.00277895,0.06803871,0.05234211
4.34317159,0.69463964,0.05546811,0.01887147,0.82569255,0.00395389,0.34755096,0.00261096,0.06796248,0.05053303
4.34917459,0.66575983,0.05224454,0.01955798,0.74582771,0.00388613,0.31968572,0.00245626,0.06810090,0.04928533
4.35517759,0.64127337,0.04975501,0.02047619,0.67370356,0.00383194,0.29534470,0.00231523,0.06841726,0.04865086
4.36118059,0.62125641,0.04804085,0.02164820,0.60963646,0.00379130,0.27465852,0.00218796,0.06886890,0.04867837
4.36718359,0.60573430,0.04713319,0.02309531,0.55379380,0.00376417,0.25770318,0.00207428,0.06940921,0.04941394
4.37318659,0.59469604,0.04705313,0.02483762,0.50621266,0.00375060,0.24450723,0.00197386,0.06998969,0.05090125
4.37918959,0.58810735,0.04781188,0.02689344,0.46681943,0.00375080,0.23505891,0.00188625,0.07056207,0.05318168
4.38519260,0.58592181,0.04941074,0.02927870,0.43544919,0.00376520,0.22931288,0.00181092,0.07108025,0.05629407
4.39119560,0.58808923,0.05184104,0.03200613,0.41186375,0.00379442,0.22719609,0.00174736,0.07150214,0.06027416
4.39719860,0.59456082,0.05508387,0.03508448,0.39576763,0.00383936,0.22861256,0.00169504,0.07179117,0.06515365
4.40320160,0.60529092,0.05910984,0.03851758,0.38682136,0.00390112,0.23344693,0.00165351,0.07191756,0.07095894
4.40920460,0.62023524,0.06387864,0.04230346,0.38465176,0.00398094,0.24156675,0.00162236,0.07185915,0.07770952
4.41520760,0.63934595,0.06933877,0.04643352,0.38885911,0.00408019,0.25282347,0.00160126,0.07160193,0.08541605
4.42121061,0.66256399,0.07542728,0.05089172,0.39902137,0.00420022,0.26705245,0.00158994,0.07114019,0.09407832
4.42721361,0.68980920,0.08206964,0.05565406,0.41469580,0.00434229,0.28407216,0.00158815,0.07047624,0.10368304
4.43321661,0.72096918,0.08917999,0.06068813,0.43541842,0.00450743,0.30368279,0.00159565,0.06961990,0.11420175
4.43921961,0.75588762,0.09666156,0.06595309,0.46070200,0.00469632,0.32566484,0.00161222,0.06858764,0.12558884
4.44522261,0.79435314,0.10440763,0.07139980,0.49003322,0.00490920,0.34977776,0.00163756,0.06740159,0.13777985
4.45122561,0.83608946,0.11230276,0.07697142,0.52286978,0.00514574,0.37575929,0.00167129,0.06608828,0.15069038
4.45722861,0.88074784,0.12022464,0.08260428,0.55863810,0.00540494,0.40332548,0.00171295,0.06467747,0.16421534
4.46323162,0.92790247,0.12804619,0.08822912,0.59673225,0.00568511,0.43217197,0.00176191,0.06320080,0.17822913
4.46923462,0.97704935,0.13563822,0.09377268,0.63651470,0.00598376,0.46197639,0.00181743,0.06169066,0.19258641
4.47523762,1.02760921,0.14287228,0.09915951,0.67731914,0.00629765,0.49240211,0.00187859,0.06017902,0.20712384
4.48124062,1.07893436,0.14962381,0.10431403,0.71845580,0.00662279,0.52310332,0.00194432,0.05869654,0.22166255
4.48724362,1.13031964,0.15577539,0.10916271,0.75921913,0.00695452,0.55373115,0.00201342,0.05727173,0.23601149
4.49324662,1.18101707,0.16121988,0.11363631,0.79889792,0.00728758,0.58394076,0.00208453,0.05593042,0.24997150
4.49924962,1.23025360,0.16586353,0.11767204,0.83678744,0.00761624,0.61339896,0.00215623,0.05469533,0.26334000
4.50525263,1.27725136,0.16962862,0.12121558,0.87220319,0.00793446,0.64179203,0.00222701,0.05358585,0.27591619
4.51125563,1.32124949,0.17245576,0.12422293,0.90449590,0.00823609,0.66883331,0.00229535,0.05261791,0.28750644
4.51725863,1.36152649,0.17430553,0.12666178,0.93306674,0.00851501,0.69427001,0.00235977,0.05180410,0.29792986
4.52326163,1.39742220,0.17515959,0.12851266,0.95738247,0.00876534,0.71788904,0.00241883,0.05115368,0.30702364
4.52926463,1.42835821,0.17502089,0.12976953,0.97698950,0.00898164,0.73952118,0.00247122,0.05067279,0.31464805
4.53526763,1.45385589,0.17391332,0.13043995,0.99152628,0.00915912,0.75904357,0.00251580,0.05036462,0.32069080
4.54127064,1.47355108,0.17188051,0.13054473,1.00073340,0.00929373,0.77638016,0.00255162,0.05022950,0.32507061
4.54727364,1.48720478,0.16898398,0.13011720,1.00446086,0.00938238,0.79150005,0.00257798,0.05026508,0.32773986
4.55327664,1.49470950,0.16530073,0.12920195,1.00267209,0.00942299,0.80441386,0.00259441,0.05046635,0.32868607
4.55927964,1.49609080,0.16092032,0.12785331,0.99544461,0.00941457,0.81516821,0.00260074,0.05082571,0.32793233
4.56528264,1.49150430,0.15594158,0.12613352,0.98296711,0.00935729,0.82383874,0.00259707,0.05133293,0.32553649
4.57128564,1.48122823,0.15046917,0.12411066,0.96553323,0.00925243,0.83052199,0.00258380,0.05197518,0.32158928
4.57728864,1.46565212,0.14461009,0.12185654,0.94353232,0.00910235,0.83532674,0.00256158,0.05273700,0.31621133
4.58329165,1.44526222,0.13847034,0.11944456,0.91743748,0.00891042,0.83836529,0.00253132,0.05360041,0.30954942
4.58929465,1.42062452,0.13215172,0.11694766,0.88779168,0.00868087,0.83974535,0.00249417,0.05454501,0.30177191
4.59529765,1.39236629,0.12574920,0.11443641,0.85519240,0.00841871,0.83956297,0.00245143,0.05554825,0.29306375
4.60130065,1.36115698,0.11934860,0.11197733,0.82027566,0.00812953,0.83789719,0.00240462,0.05658577,0.28362118
4.60730365,1.32768950,0.11302495,0.10963148,0.78370006,0.00781933,0.83480657,0.00235533,0.05763200,0.27364638
4.61330665,1.29266254,0.10684136,0.10745339,0.74613147,0.00749440,0.83032798,0.00230526,0.05866073,0.26334228
4.61930965,1.25676473,0.10084854,0.10549024,0.70822910,0.00716107,0.82447783,0.00225611,0.05964601,0.25290775
4.62531266,1.22066113,0.09508484,0.10378135,0.67063330,0.00682561,0.81725549,0.00220962,0.06056304,0.24253320
4.63131566,1.18498221,0.08957684,0.10235798,0.63395557,0.00649408,0.80864888,0.00216748,0.06138922,0.23239689
4.63731866,1.15031565,0.08434040,0.10124338,0.59877088,0.00617215,0.79864178,0.00213129,0.06210518,0.22266187
4.64332166,1.11720077,0.07938200,0.10045300,0.56561251,0.00586506,0.78722237,0.00210257,0.06269593,0.21347370
4.64932466,1.08612532,0.07470040,0.09999490,0.53496921,0.00557747,0.77439256,0.00208270,0.06315180,0.20495882
4.65532766,1.05752436,0.07028838,0.09987026,0.50728463,0.00531345,0.76017730,0.00207292,0.06346943,0.19722368
4.66133067,1.03178085,0.06613455,0.10007401,0.48295849,0.00507639,0.74463348,0.00207428,0.06365249,0.19035442
4.66733367,1.00922725,0.06222509,0.10059547,0.46234940,0.00486902,0.72785760,0.00208768,0.06371227,0.18441715
4.67333667,0.99014787,0.05854536,0.10141903,0.44577861,0.00469337,0.70999190,0.00211377,0.06366794,0.17945866
4.67933967,0.97478150,0.05508127,0.10252485,0.43353437,0.00455079,0.69122834,0.00215306,0.06354666,0.17550746
4.68534267,0.96332386,0.05182043,0.10388963,0.42587635,0.00444200,0.67181027,0.00220580,0.06338325,0.17257515
4.69134567,0.95592978,0.04875299,0.10548725,0.42303979,0.00436706,0.65203156,0.00227206,0.06321971,0.17065792
4.69734867,0.95271482,0.04587219,0.10728963,0.42523881,0.00432549,0.63223314,0.00235170,0.06310434,0.16973822
4.70335168,0.95375634,0.04317460,0.10926743,0.43266865,0.00431626,0.61279713,0.00244436,0.06309060,0.16978649
4.70935468,0.95909400,0.04066010,0.11139091,0.44550656,0.00433783,0.59413865,0.00254953,0.06323585,0.17076292
4.71535768,0.96872987,0.03833167,0.11363068,0.46391116,0.00438827,0.57669580,0.00266648,0.06359966,0.17261915
4.72136068,0.98262812,0.03619489,0.11595861,0.48802010,0.00446527,0.56091800,0.00279437,0.06424219,0.17530001
4.72736368,1.00071464,0.03425734,0.11834857,0.51794616,0.00456618,0.54725332,0.00293217,0.06522230,0.17874511
4.73336668,1.02287651,0.03252792,0.12077718,0.55377177,0.00468812,0.53613499,0.00307878,0.06659564,0.18289033
4.73936968,1.04896157,0.03101604,0.12322448,0.59554210,0.00482800,0.52796793,0.00323298,0.06841278,0.18766919
4.74537269,1.07877812,0.02973086,0.12567439,0.64325715,0.00498261,0.52311530,0.00339347,0.07071732,0.19301401
4.75137569,1.11209475,0.02868051,0.12811503,0.69686303,0.00514865,0.52188584,0.00355891,0.07354415,0.19885684
4.75737869,1.14864037,0.02787134,0.13053876,0.75624295,0.00532278,0.52452222,0.00372794,0.07691788,0.20513012
4.76338169,1.18810441,0.02730729,0.13294201,0.82120839,0.00550173,0.53119070,0.00389914,0.08085145,0.21176712
4.76938469,1.23013709,0.02698931,0.13532475,0.89149101,0.00568227,0.54197263,0.00407114,0.08534501,0.21870193
4.77538769,1.27435003,0.02691487,0.13768975,0.96673592,0.00586130,0.55685774,0.00424253,0.09038516,0.22586928
4.78139070,1.32031696,0.02707763,0.14004153,1.04649677,0.00603587,0.57573982,0.00441193,0.09594448,0.23320399
4.78739370,1.36757486,0.02746722,0.14238510,1.13023345,0.00620323,0.59841469,0.00457796,0.10198156,0.24064023
4.79339670,1.41562559,0.02806904,0.14472463,1.21731271,0.00636081,0.62458085,0.00473923,0.10844128,0.24811055
4.79939970,1.46393824,0.02886432,0.14706199,1.30701211,0.00650627,0.65384281,0.00489436,0.11525572,0.25554488
4.80540270,1.51195250,0.02983026,0.14939532,1.39852779,0.00663751,0.68571721,0.00504194,0.12234536,0.26286959
4.81140570,1.55908315,0.03094022,0.15171784,1.49098586,0.00675265,0.71964167,0.00518057,0.12962074,0.27000660
4.81740870,1.60472606,0.03216413,0.15401679,1.58345746,0.00685006,0.75498637,0.00530880,0.13698453,0.27687291
4.82341171,1.64826576,0.03346898,0.15627279,1.67497716,0.00692833,0.79106804,0.00542519,0.14433392,0.28338040
4.82941471,1.68908460,0.03481944,0.15845953,1.76456409,0.00698630,0.82716617,0.00552827,0.15156317,0.28943618
4.83541771,1.72657357,0.03617853,0.16054402,1.85124500,0.00702303,0.86254088,0.00561660,0.15856648,0.29494351
4.84142071,1.76014446,0.03750848,0.16248714,1.93407835,0.00703782,0.89645207,0.00568874,0.16524079,0.29980323
4.84742371,1.78924302,0.03877157,0.16424480,2.01217825,0.00703021,0.92817911,0.00574333,0.17148854,0.30391582
4.85342671,1.81336270,0.03993105,0.16576937,2.08473713,0.00699996,0.95704046,0.00577911,0.17722032,0.30718393
4.85942971,1.83205826,0.04095209,0.16701154,2.15104588,0.00694708,0.98241233,0.00579495,0.18235718,0.30951529
4.86543272,1.84495863,0.04180274,0.16792226,2.21051038,0.00687184,1.00374586,0.00578990,0.18683251,0.31082593
4.87143572,1.85177822,0.04245471,0.16845489,2.26266345,0.00677474,1.02058186,0.00576325,0.19059353,0.31104339
4.87743872,1.85232606,0.04288428,0.16856728,2.30717153,0.00665654,1.03256262,0.00571454,0.19360215,0.31010986
4.88344172,1.84651209,0.04307288,0.16822362,2.34383564,0.00651827,1.03944029,0.00564362,0.19583532,0.30798506
4.88944472,1.83435013,0.04300763,0.16739613,2.37258656,0.00636118,1.04108132,0.00555069,0.19728472,0.30464849
4.89544772,1.81595723,0.04268171,0.16606630,2.39347458,0.00618675,1.03746696,0.00543627,0.19795600,0.30010119
4.90145073,1.79154929,0.04209448,0.16422569,2.40665438,0.00599668,1.02868973,0.00530126,0.19786739,0.29436654
4.90745373,1.76143315,0.04125146,0.16187626,2.41236614,0.00579284,1.01494610,0.00514688,0.19704805,0.28749039
4.91345673,1.72599545,0.04016403,0.15903025,2.41091405,0.00557725,0.99652585,0.00497470,0.19553602,0.27954013
4.91945973,1.68568889,0.03884902,0.15570950,2.40264367,0.00535202,0.97379855,0.00478657,0.19337603,0.27060307
4.92546273,1.64101657,0.03732806,0.15194448,2.38791961,0.00511932,0.94719806,0.00458460,0.19061728,0.26078391
4.93146573,1.59251540,0.03562685,0.14777293,2.36710512,0.00488134,0.91720569,0.00437108,0.18731130,0.25020170
4.93746873,1.54073928,0.03377428,0.14323826,2.34054474,0.00464021,0.88433293,0.00414846,0.18351000,0.23898621
4.94347174,1.48624319,0.03180148,0.13838785,2.30855118,0.00439798,0.84910447,0.00391924,0.17926404,0.22727411
4.94947474,1.42956875,0.02974087,0.13327137,2.27139729,0.00415658,0.81204241,0.00368594,0.17462154,0.21520497
4.95547774,1.37123215,0.02762518,0.12793913,2.22931329,0.00391775,0.77365222,0.00345103,0.16962724,0.20291750
4.96148074,1.31171483,0.02548662,0.12244064,2.18248942,0.00368307,0.73441086,0.00321688,0.16432205,0.19054592
4.96748374,1.25145718,0.02335600,0.11682339,2.13108354,0.00345388,0.69475760,0.00298570,0.15874303,0.17821691
4.97348674,1.19085539,0.02126210,0.11113192,2.07523290,0.00323132,0.65508756,0.00275951,0.15292374,0.16604707
4.97948974,1.13026133,0.01923108,0.10540724,2.01506897,0.00301632,0.61574798,0.00254010,0.14689483,0.15414102
4.98549275,1.06998501,0.01728614,0.09968648,1.95073417,0.00280958,0.57703716,0.00232902,0.14068490,0.14259018
4.99149575,1.01029926,0.01544723,0.09400291,1.88239898,0.00261164,0.53920565,0.00212759,0.13432144,0.13147225
4.99749875,0.95144597,0.01373101,0.08838614,1.81027821,0.00242286,0.50245942,0.00193687,0.12783177,0.12085131
5.00350175,0.89364326,0.01215087,0.08286260,1.73464499,0.00224346,0.46696443,0.00175769,0.12124401,0.11077847
5.00950475,0.83709304,0.01071716,0.07745606,1.65584161,0.00207355,0.43285229,0.00159065,0.11458778,0.10129297
5.01550775,0.78198812,0.00943746,0.07218834,1.57428619,0.00191320,0.40022633,0.00143618,0.10789479,0.09242372
5.02151076,0.72851873,0.00831693,0.06708001,1.49047494,0.00176238,0.36916790,0.00129453,0.10119920,0.08419094
5.02751376,0.67687772,0.00735875,0.06215109,1.40497966,0.00162108,0.33974222,0.00116581,0.09453769,0.07660807
5.03351676,0.62726439,0.00656457,0.05742174,1.31844088,0.00148929,0.31200380,0.00105004,0.08794929,0.06968359
5.03951976,0.57988684,0.00593492,0.05291282,1.23155695,0.00136699,0.28600099,0.00094715,0.08147508,0.06342286
5.04552276,0.53496275,0.00546968,0.04864649,1.14507005,0.00125422,0.26177970,0.00085701,0.07515763,0.05782973
5.05152576,0.49271881,0.00516838,0.04464663,1.05974981,0.00115105,0.23938611,0.00077946,0.06904036,0.05290805
5.05752876,0.45338902,0.00503057,0.04093926,0.97637583,0.00105759,0.21886858,0.00071436,0.06316684,0.04866285
5.06353177,0.41721210,0.00505601,0.03755290,0.89571998,0.00097399,0.20027873,0.00066152,0.05758013,0.04510134
5.06953477,0.38442835,0.00524481,0.03451883,0.81852948,0.00090042,0.18367178,0.00062079,0.05232208,0.04223365
5.07553777,0.35527623,0.00559751,0.03187142,0.74551178,0.00083710,0.16910653,0.00059203,0.04743286,0.04007323
5.08154077,0.32998892,0.00611504,0.02964829,0.67732174,0.00078423,0.15664478,0.00057512,0.04295050,0.03863716
5.08754377,0.30879112,0.00679859,0.02789058,0.61455164,0.00074203,0.14635074,0.00056995,0.03891066,0.03794609
5.09354677,0.29189615,0.00764939,0.02664300,0.55772427,0.00071073,0.13829012,0.00057639,0.03534650,0.03802412
5.09954977,0.27950352,0.00866852,0.02595395,0.50728909,0.00069049,0.13252936,0.00059433,0.03228874,0.03889832
5.10555278,0.27179689,0.00985653,0.02587542,0.46362116,0.00068149,0.12913481,0.00062365,0.02976574,0.04059830
5.11155578,0.26894229,0.01121311,0.02646275,0.42702252,0.00068384,0.12817195,0.00066418,0.02780377,0.04315541
5.11755878,0.27108669,0.01273675,0.02777420,0.39772535,0.00069761,0.12970467,0.00071573,0.02642714,0.04660196
5.12356178,0.27835648,0.01442431,0.02987026,0.37589640,0.00072285,0.13379448,0.00077804,0.02565846,0.05097017
5.12956478,0.29085586,0.01627077,0.03281258,0.36164187,0.00075951,0.14049965,0.00085080,0.02551870,0.05629106
5.13556778,0.30866488,0.01826880,0.03666270,0.35501217,0.00080752,0.14987414,0.00093363,0.02602712,0.06259319
5.14157079,0.33183701,0.02040857,0.04148032,0.35600590,0.00086674,0.16196629,0.00102606,0.02720110,0.06990124
5.14757379,0.36039602,0.02267754,0.04732121,0.36457263,0.00093697,0.17681719,0.00112754,0.02905566,0.07823455
5.15357679,0.39433222,0.02506031,0.05423486,0.38061402,0.00101798,0.19445855,0.00123744,0.03160286,0.08760546
5.15957979,0.43359797,0.02753859,0.06226177,0.40398323,0.00110945,0.21491023,0.00135502,0.03485087,0.09801770
5.16558279,0.47810251,0.03009129,0.07143059,0.43448253,0.00121104,0.23817723,0.00147950,0.03880293,0.10946469
5.17158579,0.52770640,0.03269459,0.08175512,0.47185930,0.00132233,0.26424624,0.00160996,0.04345609,0.12192788
5.17758879,0.58221556,0.03532226,0.09323134,0.51580077,0.00144286,0.29308184,0.00174547,0.04879985,0.13537519
5.18359180,0.64137545,0.03794593,0.10583466,0.56592797,0.00157210,0.32462237,0.00188499,0.05481481,0.14975959
5.18959480,0.70486555,0.04053553,0.11951745,0.62178951,0.00170947,0.35877569,0.00202745,0.06147127,0.16501795
5.19559780,0.77229465,0.04305977,0.13420713,0.68285582,0.00185432,0.39541495,0.00217174,0.06872803,0.18107016
5.20160080,0.84319743,0.04548667,0.14980490,0.74851457,0.00200591,0.43437458,0.00231670,0.07653139,0.19781871
5.20760380,0.91703249,0.04778418,0.16618531,0.81806797,0.00216344,0.47544679,0.00246116,0.08481445,0.21514867
5.21360680,0.99318265,0.04992078,0.18319677,0.89073263,0.00232601,0.51837882,0.00260397,0.09349687,0.23292835
5.21960980,1.07095749,0.05186615,0.20066311,0.96564232,0.00249262,0.56287106,0.00274396,0.10248500,0.25101040
5.22561281,1.14959867,0.05359180,0.21838617,1.04185436,0.00266219,0.60857655,0.00287997,0.11167260,0.26923367
5.23161581,1.22828800,0.05507170,0.23614947,1.11835943,0.00283351,0.65510181,0.00301090,0.12094212,0.28742565
5.23761881,1.30615856,0.05628288,0.25372293,1.19409526,0.00300528,0.70200935,0.00313567,0.13016644,0.30540556
5.24362181,1.38230849,0.05720599,0.27086832,1.26796367,0.00317611,0.74882198,0.00325326,0.13921122,0.32298793
5.24962481,1.45581746,0.05782575,0.28734555,1.33885074,0.00334451,0.79502882,0.00336273,0.14793770,0.33998676
5.25562781,1.52576521,0.05813138,0.30291930,1.40564956,0.00350889,0.84009322,0.00346320,0.15620583,0.35621986
5.26163082,1.59125183,0.05811687,0.31736586,1.46728466,0.00366766,0.88346229,0.00355390,0.16387774,0.37151353
5.26763382,1.65141889,0.05778121,0.33047990,1.52273742,0.00381913,0.92457789,0.00363415,0.17082136,0.38570715
5.27363682,1.70547083,0.05712844,0.34208079,1.57107132,0.00396168,0.96288882,0.00370339,0.17691398,0.39865758
5.27963982,1.75269561,0.05616766,0.35201820,1.61145610,0.00409366,0.99786381,0.00376120,0.18204574,0.41024319
5.28564282,1.79248392,0.05491277,0.36017675,1.64318987,0.00421353,1.02900483,0.00380729,0.18612284,0.42036732
5.29164582,1.82434589,0.05338228,0.36647941,1.66571813,0.00431986,1.05586020,0.00384152,0.18907028,0.42896083
5.29764882,1.84792470,0.05159885,0.37088951,1.67864891,0.00441134,1.07803708,0.00386389,0.19083407,0.43598389
5.30365183,1.86300631,0.04958875,0.37341127,1.68176347,0.00448689,1.09521267,0.00387459,0.19138288,0.44142655
5.30965483,1.86952479,0.04738133,0.37408874,1.67502193,0.00454562,1.10714366,0.00387391,0.19070884,0.44530827
5.31565783,1.86756299,0.04500825,0.37300325,1.65856365,0.00458690,1.11367358,0.00386232,0.18882777,0.44767631
5.32166083,1.85734836,0.04250279,0.37026949,1.63270246,0.00461037,1.11473746,0.00384042,0.18577850,0.44860296
5.32766383,1.83924406,0.03989908,0.36603038,1.59791671,0.00461592,1.11036378,0.00380891,0.18162157,0.44818181
5.33366683,1.81373575,0.03723131,0.36045096,1.55483475,0.00460377,1.10067341,0.00376858,0.17643729,0.44652320
5.33966983,1.78141451,0.03453300,0.35371166,1.50421644,0.00457438,1.08587564,0.00372030,0.17032314,0.44374902
5.34567284,1.74295683,0.03183629,0.34600122,1.44693139,0.00452845,1.06626142,0.00366498,0.16339086,0.43998718
5.35167584,1.69910237,0.02917131,0.33750963,1.38393482,0.00446694,1.04219400,0.00360352,0.15576306,0.43536592
5.35767884,1.65063068,0.02656564,0.32842143,1.31624217,0.00439098,1.01409760,0.00353681,0.14756981,0.43000845
5.36368184,1.59833777,0.02404385,0.31890957,1.24490326,0.00430185,0.98244439,0.00346569,0.13894507,0.42402794
5.36968484,1.54301378,0.02162723,0.30913032,1.17097700,0.00420095,0.94774045,0.00339093,0.13002325,0.41752339
5.37568784,1.48542258,0.01933354,0.29921918,1.09550765,0.00408972,0.91051140,0.00331319,0.12093602,0.41057638
5.38169085,1.42628412,0.01717694,0.28928816,1.01950337,0.00396964,0.87128817,0.00323302,0.11180940,0.40324901
5.38769385,1.36626046,0.01516801,0.27942433,0.94391766,0.00384215,0.83059362,0.00315086,0.10276126,0.39558314
5.39369685,1.30594563,0.01331395,0.26968974,0.86963428,0.00370866,0.78893053,0.00306702,0.09389934,0.38760080
5.39969985,1.24585978,0.01161871,0.26012265,0.79745592,0.00357048,0.74677132,0.00298172,0.08531970,0.37930591
5.40570285,1.18644761,0.01008338,0.25073979,0.72809681,0.00342881,0.70454987,0.00289505,0.07710577,0.37068712
5.41170585,1.12808072,0.00870649,0.24153973,0.66217916,0.00328475,0.66265566,0.00280706,0.06932783,0.36172157
5.41770885,1.07106356,0.00748446,0.23250677,0.60023339,0.00313928,0.62143018,0.00271773,0.06204302,0.35237930
5.42371186,1.01564232,0.00641199,0.22361543,0.54270161,0.00299326,0.58116570,0.00262702,0.05529573,0.34262814
5.42971486,0.96201596,0.00548247,0.21483506,0.48994417,0.00284747,0.54210601,0.00253491,0.04911833,0.33243868
5.43571786,0.91034864,0.00468840,0.20613438,0.44224836,0.00270260,0.50444911,0.00244143,0.04353228,0.32178904
5.44172086,0.86078253,0.00402176,0.19748571,0.39983908,0.00255927,0.46835118,0.00234666,0.03854926,0.31066921
5.44772386,0.81345026,0.00347434,0.18886863,0.36289047,0.00241806,0.43393175,0.00225079,0.03417259,0.29908459
5.45372686,0.76848624,0.00303801,0.18027297,0.33153803,0.00227955,0.40127940,0.00215414,0.03039853,0.28705866
5.45972986,0.72603608,0.00270496,0.17170099,0.30589062,0.00214430,0.37045773,0.00205713,0.02721770,0.27463453
5.46573287,0.68626372,0.00246784,0.16316864,0.28604170,0.00201289,0.34151123,0.00196034,0.02461624,0.26187540
5.47173587,0.64935583,0.00231992,0.15470597,0.27207926,0.00188593,0.31447066,0.00186446,0.02257693,0.24886380
5.47773887,0.61552336,0.00225505,0.14635664,0.26409412,0.00176408,0.28935776,0.00177030,0.02108004,0.23569977
5.48374187,0.58500027,0.00226776,0.13817667,0.26218622,0.00164802,0.26618914,0.00167878,0.02010407,0.22249812
5.48974487,0.55803952,0.00235310,0.13023254,0.26646866,0.00153845,0.24497917,0.00159090,0.01962614,0.20938482
5.49574787,0.53490675,0.00250663,0.12259880,0.27706926,0.00143612,0.22574191,0.00150769,0.01962225,0.19649289
5.50175088,0.51587196,0.00272426,0.11535524,0.29412983,0.00134177,0.20849220,0.00143020,0.02006734,0.18395795
5.50775388,0.50119980,0.00300210,0.10858396,0.31780295,0.00125614,0.19324580,0.00135948,0.02093511,0.17191362
5.51375688,0.49113892,0.00333629,0.10236630,0.34824659,0.00117994,0.18001891,0.00129650,0.02219779,0.16048711
5.51975988,0.48591097,0.00372288,0.09677996,0.38561663,0.00111386,0.16882705,0.00124216,0.02382582,0.14979519
5.52576288,0.48569983,0.00415762,0.09189625,0.43005766,0.00105850,0.15968364,0.00119723,0.02578743,0.13994066
5.53176588,0.49064145,0.00463583,0.08777771,0.48169232,0.00101438,0.15259820,0.00116235,0.02804834,0.13100948
5.53776888,0.50081486,0.00515231,0.08447609,0.54060949,0.00098196,0.14757451,0.00113797,0.03057145,0.12306875
5.54377189,0.51623450,0.00570123,0.08203073,0.60685185,0.00096154,0.14460866,0.00112440,0.03331671,0.11616544
5.54977489,0.53684435,0.00627607,0.08046741,0.68040297,0.00095332,0.14368723,0.00112170,0.03624108,0.11032596
5.55577789,0.56251375,0.00686963,0.07979764,0.76117462,0.00095736,0.14478553,0.00112979,0.03929874,0.10555648
5.56178089,0.59303524,0.00747407,0.08001825,0.84899441,0.00097358,0.14786599,0.00114834,0.04244146,0.10184398
5.56778389,0.62812418,0.00808095,0.08111152,0.94359438,0.00100173,0.15287677,0.00117685,0.04561915,0.09915787
5.57378689,0.66742025,0.00868139,0.08304547,1.04460081,0.00104143,0.15975039,0.00121464,0.04878064,0.09745197
5.57978989,0.71049064,0.00926622,0.08577451,1.15152574,0.00109214,0.16840275,0.00126086,0.05187459,0.09666689
5.58579290,0.75683471,0.00982615,0.08924027,1.26376052,0.00115314,0.17873207,0.00131448,0.05485056,0.09673256
5.59179590,0.80589009,0.01035198,0.09337268,1.38057168,0.00122359,0.19061824,0.00137436,0.05766008,0.09757065
5.59779890,0.85703989,0.01083486,0.09809109,1.50109969,0.00130248,0.20392219,0.00143925,0.06025781,0.09909706
5.60380190,0.90962097,0.01126648,0.10330561,1.62436075,0.00138866,0.21848566,0.00150781,0.06260267,0.10122404
5.60980490,0.96293297,0.01163932,0.10891845,1.74925185,0.00148086,0.23413115,0.00157862,0.06465880,0.10386211
5.61580790,1.01624809,0.01194686,0.11482544,1.87455959,0.00157769,0.25066232,0.00165024,0.06639646,0.10692163
5.62181091,1.06882143,0.01218375,0.12091752,1.99897256,0.00167762,0.26786473,0.00172121,0.06779268,0.11031394
5.62781391,1.11990177,0.01234595,0.12708242,2.12109762,0.00177907,0.28550723,0.00179009,0.06883167,0.11395226
5.63381691,1.16874269,0.01243091,0.13320626,2.23947986,0.00188038,0.30334379,0.00185547,0.06950504,0.11775217
5.63981991,1.21461400,0.01243753,0.13917534,2.35262610,0.00197984,0.32111603,0.00191600,0.06981170,0.12163187
5.64582291,1.25681323,0.01236629,0.14487790,2.45903162,0.00207574,0.33855644,0.00197044,0.06975754,0.12551227
5.65182591,1.29467720,0.01221913,0.15020594,2.55720953,0.00216638,0.35539217,0.00201762,0.06935483,0.12931694
5.65782891,1.32759347,0.01199945,0.15505707,2.64572221,0.00225011,0.37134952,0.00205653,0.06862154,0.13297203
5.66383192,1.35501135,0.01171197,0.15933630,2.72321392,0.00232535,0.38615898,0.00208630,0.06758032,0.13640629
5.66983492,1.37645254,0.01136260,0.16295777,2.78844377,0.00239066,0.39956066,0.00210621,0.06625759,0.13955119
5.67583792,1.39152080,0.01095826,0.16584644,2.84031774,0.00244472,0.41131006,0.00211573,0.06468241,0.14234122
5.68184092,1.39991069,0.01050672,0.16793954,2.87791896,0.00248642,0.42118388,0.00211452,0.06288547,0.14471442
5.68784392,1.40141485,0.01001637,0.16918790,2.90053480,0.00251486,0.42898579,0.00210241,0.06089808,0.14661316
5.69384692,1.39592965,0.00949606,0.16955695,2.90767987,0.00252935,0.43455177,0.00207945,0.05875129,0.14798507
5.69984992,1.38345888,0.00895490,0.16902747,2.89911386,0.00252946,0.43775496,0.00204587,0.05647515,0.14878421
5.70585293,1.36411525,0.00840208,0.16759600,2.87485340,0.00251506,0.43850971,0.00200206,0.05409810,0.14897235
5.71185593,1.33811955,0.00784675,0.16527486,2.83517714,0.00248623,0.43677460,0.00194863,0.05164658,0.14852023
5.71785893,1.30579732,0.00729785,0.16209177,2.78062398,0.00244337,0.43255439,0.00188632,0.04914473,0.14740886
5.72386193,1.26757294,0.00676405,0.15808916,2.71198398,0.00238710,0.42590069,0.00181602,0.04661433,0.14563061
5.72986493,1.22396140,0.00625365,0.15332304,2.63028235,0.00231830,0.41691130,0.00173872,0.04407485,0.14319013
5.73586793,1.17555777,0.00577454,0.14786149,2.53675694,0.00223805,0.40572835,0.00165552,0.04154357,0.14010496
5.74187094,1.12302467,0.00533420,0.14178298,2.43283001,0.00214764,0.39253507,0.00156760,0.03903581,0.13640571
5.74787394,1.06707819,0.00493965,0.13517431,2.32007520,0.00204847,0.37755155,0.00147616,0.03656523,0.13213593
5.75387694,1.00847262,0.00459749,0.12812842,2.20018105,0.00194209,0.36102957,0.00138243,0.03414410,0.12735149
5.75987994,0.94798456,0.00431393,0.12074213,2.07491225,0.00183010,0.34324662,0.00128760,0.03178358,0.12211952
5.76588294,0.88639690,0.00409478,0.11311378,1.94607005,0.00171413,0.32449957,0.00119286,0.02949400,0.11651704
5.77188594,0.82448324,0.00394546,0.10534098,1.81545340,0.00159581,0.30509802,0.00109932,0.02728502,0.11062917
5.77788894,0.76299320,0.00387104,0.09751844,1.68482178,0.00147673,0.28535777,0.00100800,0.02516577,0.10454712
5.78389195,0.70263922,0.00387621,0.08973600,1.55586133,0.00135838,0.26559460,0.00091987,0.02314499,0.09836600
5.78989495,0.64408510,0.00396523,0.08207695,1.43015485,0.00124216,0.24611845,0.00083574,0.02123098,0.09218251
5.79589795,0.58793666,0.00414191,0.07461655,1.30915676,0.00112933,0.22722841,0.00075634,0.01943167,0.08609273
5.80190095,0.53473471,0.00440950,0.06742097,1.19417326,0.00102102,0.20920849,0.00068228,0.01775446,0.08018997
5.80790395,0.48495046,0.00477063,0.06054653,1.08634808,0.00091819,0.19232421,0.00061404,0.01620625,0.07456281
5.81390695,0.43898326,0.00522719,0.05403925,0.98665361,0.00082163,0.17682014,0.00055198,0.01479327,0.06929348
5.81990995,0.39716064,0.00578018,0.04793480,0.89588735,0.00073198,0.16291833,0.00049636,0.01352104,0.06445654
5.82591296,0.35974043,0.00642965,0.04225872,0.81467291,0.00064972,0.15081743,0.00044733,0.01239432,0.06011793
5.83191596,0.32691461,0.00717450,0.03702691,0.74346515,0.00057517,0.14069252,0.00040497,0.01141705,0.05633451
5.83791896,0.29881463,0.00801242,0.03224637,0.68255849,0.00050853,0.13269537,0.00036923,0.01059235,0.05315383
5.84392196,0.27551777,0.00893985,0.02791611,0.63209773,0.00044989,0.12695510,0.00034005,0.00992256,0.05061450
5.84992496,0.25705418,0.00995185,0.02402826,0.59209046,0.00039921,0.12357891,0.00031726,0.00940927,0.04874670
5.85592796,0.24341411,0.01104219,0.02056915,0.56242025,0.00035639,0.12265285,0.00030068,0.00905344,0.04757314
5.86193097,0.23455515,0.01220336,0.01752055,0.54286002,0.00032126,0.12424242,0.00029008,0.00885546,0.04711019
5.86793397,0.23040892,0.01342668,0.01486082,0.53308487,0.00029359,0.12839291,0.00028520,0.00881523,0.04736914
5.87393697,0.23088718,0.01470253,0.01256612,0.53268411,0.00027313,0.13512955,0.00028578,0.00893232,0.04835762
5.87993997,0.23588686,0.01602050,0.01061140,0.54117207,0.00025959,0.14445723,0.00029154,0.00920594,0.05008096
5.88594297,0.24529413,0.01736975,0.00897148,0.55799762,0.00025267,0.15636004,0.00030220,0.00963507,0.05254347
5.89194597,0.25898721,0.01873927,0.00762184,0.58255245,0.00025209,0.17080062,0.00031749,0.01021837,0.05574962
5.89794897,0.27683808,0.02011827,0.00653941,0.61417820,0.00025754,0.18771951,0.00033713,0.01095417,0.05970489
5.90395198,0.29871293,0.02149659,0.00570320,0.65217282,0.00026871,0.20703462,0.00036087,0.01184032,0.06441644
5.90995498,0.32447167,0.02286498,0.00509476,0.69579629,0.00028532,0.22864095,0.00038845,0.01287407,0.06989334
5.91595798,0.35396654,0.02421558,0.00469860,0.74427631,0.00030707,0.25241092,0.00041963,0.01405179,0.07614652
5.92196098,0.38704007,0.02554215,0.00450245,0.79681406,0.00033364,0.27819525,0.00045416,0.01536877,0.08318819
5.92796398,0.42352251,0.02684042,0.00449740,0.85259066,0.00036474,0.30582469,0.00049181,0.01681891,0.09103105
5.93396698,0.46322925,0.02810828,0.00467801,0.91077425,0.00040003,0.33511268,0.00053234,0.01839447,0.09968699
5.93996998,0.50595823,0.02934594,0.00504230,0.97052827,0.00043917,0.36585885,0.00057553,0.02008574,0.10916558
5.94597299,0.55148775,0.03055603,0.00559171,1.03102068,0.00048180,0.39785352,0.00062115,0.02188085,0.11947230
5.95197599,0.59957494,0.03174357,0.00633093,1.09143428,0.00052754,0.43088292,0.00066894,0.02376563,0.13060662
5.95797899,0.64995510,0.03291592,0.00726781,1.15097793,0.00057595,0.46473506,0.00071868,0.02572345,0.14256009
5.96398199,0.70234209,0.03408260,0.00841308,1.20889848,0.00062660,0.49920593,0.00077012,0.02773535,0.15531449
5.96998499,0.75642987,0.03525511,0.00978013,1.26449288,0.00067902,0.53410576,0.00082300,0.02978011,0.16884033
5.97598799,0.81189539,0.03644660,0.01138473,1.31712033,0.00073274,0.56926502,0.00087708,0.03183463,0.18309557
5.98199100,0.86840270,0.03767156,0.01324469,1.36621375,0.00078724,0.60453959,0.00093209,0.03387430,0.19802502
5.98799400,0.92560830,0.03894544,0.01537947,1.41129017,0.00084203,0.63981502,0.00098780,0.03587360,0.21356017
5.99399700,0.98316751,0.04028422,0.01780978,1.45195959,0.00089661,0.67500929,0.00104397,0.03780680,0.22961991
6.00000000,1.04074169,0.04170395,0.02055709,1.48793182,0.00095051,0.71007378,0.00110036,0.03964875,0.24611179
